0 1 0.869007 -1.260897 9.624252 -97.582479 -0.402249 0.030375 0.792139 12.572204
0 1 0.869007 -1.279280 9.624252 -97.582479 -0.402050 0.033798 0.792139 12.572204
0 1 0.869007 -1.297363 9.624252 -97.582479 -0.401853 0.037165 0.792139 12.572204
0 1 0.869007 -1.314320 9.624252 -97.582479 -0.401669 0.040322 0.792139 12.572204
0 1 0.869007 -1.330476 9.624252 -97.582479 -0.401494 0.043331 0.792139 12.572204
0 1 0.869007 -1.346434 9.624252 -97.582479 -0.401320 0.046302 0.792139 12.572204
0 1 0.869007 -1.361726 9.624252 -97.582479 -0.401154 0.049150 0.792139 12.572204
0 1 0.167723 -1.385686 9.624252 -97.582479 -0.077395 0.211990 0.792139 12.572204
0 1 0.167723 -1.398916 9.624252 -97.582479 -0.077367 0.214396 0.792139 12.572204
0 1 0.167723 -1.411606 9.624252 -97.582479 -0.077340 0.216704 0.792139 12.572204
0 1 0.514780 -1.153452 9.624252 -97.582479 -0.237301 0.093690 0.792139 12.572204
0 1 0.514780 -1.164474 9.624252 -97.582479 -0.237230 0.095742 0.792139 12.572204
0 1 0.514780 -1.174429 9.624252 -97.582479 -0.237166 0.097596 0.792139 12.572204
0 1 0.514780 -1.183950 9.624252 -97.582479 -0.237105 0.099369 0.792139 12.572204
0 1 0.514780 -1.192416 9.624252 -97.582479 -0.237050 0.100945 0.792139 12.572204
0 1 0.514780 -1.200223 9.624252 -97.582479 -0.237000 0.102399 0.792139 12.572204
0 1 0.514780 -1.207263 9.624252 -97.582479 -0.236955 0.103710 0.792139 12.572204
0 1 0.514780 -1.213633 9.624252 -97.582479 -0.236914 0.104896 0.792139 12.572204
0 1 0.514780 -1.218579 9.624252 -97.582479 -0.236882 0.105817 0.792139 12.572204
0 1 -0.109099 -1.226203 9.624252 -97.582479 0.050197 0.249553 0.792139 12.572204
0 1 -0.109099 -1.229580 9.624252 -97.582479 0.050193 0.250169 0.792139 12.572204
0 1 -0.109099 -1.232119 9.624252 -97.582479 0.050189 0.250632 0.792139 12.572204
0 1 0.144063 -1.037361 9.624252 -97.582479 -0.066271 0.158446 0.792139 12.572204
0 1 0.144063 -1.038253 9.624252 -97.582479 -0.066269 0.158611 0.792139 12.572204
0 1 0.144063 -1.038317 9.624252 -97.582479 -0.066269 0.158623 0.792139 12.572204
0 1 0.144063 -1.037528 9.624252 -97.582479 -0.066271 0.158477 0.792139 12.572204
0 1 0.144063 -1.035913 9.624252 -97.582479 -0.066274 0.158177 0.792139 12.572204
0 1 0.144063 -1.033389 9.624252 -97.582479 -0.066278 0.157709 0.792139 12.572204
0 1 0.144063 -1.030176 9.624252 -97.582479 -0.066284 0.157113 0.792139 12.572204
0 1 0.144063 -1.026050 9.624252 -97.582479 -0.066291 0.156348 0.792139 12.572204
0 1 0.144063 -1.021029 9.624252 -97.582479 -0.066300 0.155417 0.792139 12.572204
0 1 -0.231227 -1.014654 9.624252 -97.582479 0.106432 0.240763 0.792139 12.572204
0 1 -0.231227 -1.007430 9.624252 -97.582479 0.106452 0.239440 0.792139 12.572204
0 1 -0.231227 -0.999750 9.624252 -97.582479 0.106475 0.238034 0.792139 12.572204
0 1 -0.050609 -0.850589 9.624252 -97.582479 0.023310 0.169631 0.792139 12.572204
0 1 -0.050609 -0.841328 9.624252 -97.582479 0.023316 0.167914 0.792139 12.572204
0 1 -0.050609 -0.831234 9.624252 -97.582479 0.023322 0.166043 0.792139 12.572204
0 1 -0.050609 -0.820100 9.624252 -97.582479 0.023329 0.163978 0.792139 12.572204
0 1 -0.050609 -0.807410 9.624252 -97.582479 0.023337 0.161626 0.792139 12.572204
0 1 -0.050609 -0.795103 9.624252 -97.582479 0.023345 0.159344 0.792139 12.572204
0 1 -0.050609 -0.781500 9.624252 -97.582479 0.023353 0.156822 0.792139 12.572204
0 1 -0.050609 -0.767327 9.624252 -97.582479 0.023362 0.154195 0.792139 12.572204
0 1 -0.050609 -0.751964 9.624252 -97.582479 0.023372 0.151346 0.792139 12.572204
0 1 -0.251932 -0.734957 9.624252 -97.582479 0.116398 0.194998 0.792139 12.572204
0 1 -0.251932 -0.718332 9.624252 -97.582479 0.116450 0.191937 0.792139 12.572204
0 1 -0.251932 -0.701237 9.624252 -97.582479 0.116504 0.188789 0.792139 12.572204
0 1 -0.143756 -0.598011 9.624252 -97.582479 0.066512 0.144817 0.792139 12.572204
0 1 -0.143756 -0.578970 9.624252 -97.582479 0.066546 0.141286 0.792139 12.572204
0 1 -0.143756 -0.558708 9.624252 -97.582479 0.066583 0.137527 0.792139 12.572204
0 1 -0.143756 -0.538726 9.624252 -97.582479 0.066619 0.133821 0.792139 12.572204
0 1 -0.143756 -0.517453 9.624252 -97.582479 0.066657 0.129875 0.792139 12.572204
0 1 -0.143756 -0.495967 9.608334 -97.583953 0.066695 0.125890 0.790724 12.566382
0 1 -0.143756 -0.472605 9.608303 -97.583952 0.066737 0.121557 0.790741 12.566390
0 1 -0.143756 -0.448739 9.608303 -97.583952 0.066780 0.117130 0.790741 12.566390
0 1 -0.143756 -0.424422 9.608303 -97.583952 0.066824 0.112619 0.790741 12.566390
0 1 -0.158105 -0.399989 9.608303 -97.583952 0.073542 0.111446 0.790741 12.566390
0 1 -0.158105 -0.374139 9.608303 -97.583952 0.073593 0.106654 0.790741 12.566390
0 1 -0.158105 -0.348058 9.608303 -97.583952 0.073645 0.101818 0.790741 12.566390
0 1 -0.186913 -0.343463 9.608303 -97.583952 0.087127 0.107690 0.790741 12.566390
0 1 -0.186913 -0.316085 9.608303 -97.583952 0.087191 0.102624 0.790741 12.566390
0 1 -0.186913 -0.286921 9.608303 -97.583952 0.087259 0.097228 0.790741 12.566390
0 1 -0.186913 -0.258216 9.608303 -97.583952 0.087326 0.091916 0.790741 12.566390
0 1 -0.186913 -0.227777 9.608303 -97.583952 0.087397 0.086284 0.790741 12.566390
0 1 -0.186913 -0.196580 9.624221 -97.582478 0.087470 0.080512 0.792156 12.572212
0 1 -0.186913 -0.164472 9.624252 -97.582479 0.087545 0.074571 0.792139 12.572204
0 1 -0.186913 -0.132456 9.624252 -97.582479 0.087620 0.068646 0.792139 12.572204
0 1 -0.186913 -0.100171 9.624252 -97.582479 0.087696 0.062673 0.792139 12.572204
0 1 -0.115130 -0.066370 9.624252 -97.582479 0.054065 0.039457 0.792139 12.572204
0 1 -0.115130 -0.032180 9.624252 -97.582479 0.054115 0.033115 0.792139 12.572204
0 1 -0.115130 0.001764 9.624252 -97.582479 0.054164 0.026819 0.792139 12.572204
0 1 -0.143928 0.015131 9.624252 -97.582479 0.067777 0.031176 0.792139 12.572204
0 1 -0.143928 0.051019 9.624252 -97.582479 0.067841 0.024532 0.792139 12.572204
0 1 -0.143928 0.087900 9.624252 -97.582479 0.067908 0.017705 0.792139 12.572204
0 1 -0.143928 0.123828 9.624252 -97.582479 0.067972 0.011054 0.792139 12.572204
0 1 -0.143928 0.162013 9.624252 -97.582479 0.068041 0.003985 0.792139 12.572204
0 1 -0.143928 0.199853 9.624252 -97.582479 0.068109 -0.003020 0.792139 12.572204
0 1 -0.143928 0.237467 9.608334 -97.583953 0.068177 -0.009984 0.790724 12.566382
0 1 -0.143928 0.276831 9.608303 -97.583952 0.068248 -0.017271 0.790741 12.566390
0 1 -0.143928 0.315591 9.608303 -97.583952 0.068317 -0.024446 0.790741 12.566390
0 1 -0.057737 0.356550 9.608303 -97.583952 0.027435 -0.052593 0.790741 12.566390
0 1 -0.057737 0.397486 9.608303 -97.583952 0.027465 -0.060193 0.790741 12.566390
0 1 -0.057737 0.438530 9.608303 -97.583952 0.027494 -0.067814 0.790741 12.566390
0 1 -0.108129 0.441699 9.608303 -97.583952 0.051549 -0.056196 0.790741 12.566390
0 1 -0.108129 0.483540 9.608303 -97.583952 0.051606 -0.063938 0.790741 12.566390
0 1 -0.108129 0.525595 9.608303 -97.583952 0.051663 -0.071719 0.790741 12.566390
0 1 -0.108129 0.569832 9.608303 -97.583952 0.051722 -0.079905 0.790741 12.566390
0 1 -0.108129 0.613816 9.608303 -97.583952 0.051782 -0.088043 0.790741 12.566390
0 1 -0.108129 0.656847 9.608303 -97.583952 0.051840 -0.096005 0.790741 12.566390
0 1 -0.108129 0.700308 9.624221 -97.582478 0.051899 -0.104047 0.792156 12.572212
0 1 -0.108129 0.745594 9.624252 -97.582479 0.051960 -0.112427 0.792139 12.572204
0 1 -0.108129 0.791933 9.624252 -97.582479 0.052023 -0.121001 0.792139 12.572204
0 1 0.121956 0.838727 9.624252 -97.582479 -0.058746 -0.185060 0.792139 12.572204
0 1 0.121956 0.885134 9.624252 -97.582479 -0.058817 -0.193713 0.792139 12.572204
0 1 0.121956 0.930916 9.624252 -97.582479 -0.058887 -0.202250 0.792139 12.572204
0 1 -0.021914 0.863368 9.624252 -97.582479 0.010594 -0.154260 0.792139 12.572204
0 1 -0.021914 0.910749 9.624252 -97.582479 0.010607 -0.163011 0.792139 12.572204
0 1 -0.021914 0.959256 9.624252 -97.582479 0.010620 -0.171968 0.792139 12.572204
0 1 -0.021914 1.008306 9.624252 -97.582479 0.010633 -0.181027 0.792139 12.572204
0 1 -0.021914 1.056717 9.624252 -97.582479 0.010647 -0.189967 0.792139 12.572204
0 1 -0.021914 1.103959 9.624252 -97.582479 0.010660 -0.198691 0.792139 12.572204
0 1 -0.021914 1.151401 9.624252 -97.582479 0.010673 -0.207453 0.792139 12.572204
0 1 -0.021914 1.200579 9.624252 -97.582479 0.010686 -0.216534 0.792139 12.572204
0 1 -0.021914 1.249008 9.624252 -97.582479 0.010699 -0.225478 0.792139 12.572204
0 1 -0.021914 1.299703 9.624252 -97.582479 0.010713 -0.234840 0.792139 12.572204
0 1 0.410784 1.352403 9.624252 -97.582479 -0.201082 -0.349640 0.792139 12.572204
0 1 0.410784 1.401596 9.624252 -97.582479 -0.201335 -0.358857 0.792139 12.572204
0 1 0.159202 1.254491 9.624252 -97.582479 -0.078131 -0.268800 0.792139 12.572204
0 1 0.159202 1.305180 9.624252 -97.582479 -0.078232 -0.278139 0.792139 12.572204
0 1 0.159202 1.354426 9.624252 -97.582479 -0.078330 -0.287211 0.792139 12.572204
0 1 0.159202 1.403805 9.624252 -97.582479 -0.078428 -0.296308 0.792139 12.572204
0 1 0.159202 1.455115 9.624252 -97.582479 -0.078530 -0.305760 0.792139 12.572204
0 1 0.159202 1.505201 9.624252 -97.582479 -0.078630 -0.314987 0.792139 12.572204
0 1 0.159202 1.557625 9.608334 -97.583953 -0.078734 -0.324645 0.790724 12.566382
0 1 0.159202 1.609045 9.608303 -97.583952 -0.078837 -0.334117 0.790741 12.566390
0 1 0.159202 1.660118 9.608303 -97.583952 -0.078938 -0.343526 0.790741 12.566390
0 1 0.159202 1.710198 9.608303 -97.583952 -0.079038 -0.352752 0.790741 12.566390
0 1 0.913038 1.772313 9.608303 -97.583952 -0.453876 -0.547564 0.790741 12.566390
0 1 0.913038 1.823702 9.608303 -97.583952 -0.454462 -0.557271 0.790741 12.566390
0 1 0.913038 1.876519 9.608303 -97.583952 -0.455065 -0.567247 0.790741 12.566390
0 1 0.504048 1.604103 9.608303 -97.583952 -0.251547 -0.414309 0.790741 12.566390
0 1 0.504048 1.656045 9.608303 -97.583952 -0.251874 -0.423854 0.790741 12.566390
0 1 0.504048 1.706435 9.608303 -97.583952 -0.252192 -0.433115 0.790741 12.566390
0 1 0.504048 1.759383 9.608303 -97.583952 -0.252525 -0.442845 0.790741 12.566390
0 1 0.504048 1.811655 9.608303 -97.583952 -0.252855 -0.452451 0.790741 12.566390
0 1 0.504048 1.862135 9.624221 -97.582478 -0.253173 -0.461728 0.792156 12.572212
0 1 0.504048 1.913120 9.624252 -97.582479 -0.253494 -0.471097 0.792139 12.572204
0 1 0.504048 1.965525 9.624252 -97.582479 -0.253824 -0.480728 0.792139 12.572204
0 1 0.504048 2.016403 9.624252 -97.582479 -0.254145 -0.490077 0.792139 12.572204
0 1 1.527045 2.093914 9.624252 -97.582479 -0.770910 -0.752399 0.792139 12.572204
0 1 1.527045 2.145777 9.624252 -97.582479 -0.771900 -0.762255 0.792139 12.572204
0 1 1.527045 2.198170 9.624252 -97.582479 -0.772900 -0.772211 0.792139 12.572204
0 1 0.440100 1.410350 9.624252 -97.582479 -0.223034 -0.355633 0.792139 12.572204
0 1 0.440100 1.462189 9.624252 -97.582479 -0.223320 -0.364780 0.792139 12.572204
0 1 0.440100 1.513473 9.624252 -97.582479 -0.223602 -0.373829 0.792139 12.572204
0 1 0.440100 1.564636 9.656525 -97.579504 -0.223883 -0.382857 0.794870 12.573586
0 1 0.440100 1.613779 9.656588 -97.579505 -0.224153 -0.391528 0.794836 12.573570
0 1 0.440100 1.663052 9.640671 -97.580984 -0.224425 -0.400223 0.793420 12.567749
0 1 0.440100 1.713581 9.640640 -97.580983 -0.224702 -0.409138 0.793437 12.567757
0 1 0.440100 1.763520 9.640639 -97.580983 -0.224977 -0.417950 0.793437 12.567757
0 1 0.440100 1.814209 9.640639 -97.580983 -0.225256 -0.426894 0.793437 12.567757
0 1 1.693589 1.897490 9.640639 -97.580983 -0.867868 -0.750506 0.793437 12.567757
0 1 1.693589 1.946609 9.640639 -97.580983 -0.868908 -0.759550 0.793437 12.567757
0 1 1.693589 1.994108 9.640639 -97.580983 -0.869913 -0.768297 0.793437 12.567757
0 1 1.004838 1.526642 9.640639 -97.580983 -0.516744 -0.512431 0.793437 12.567757
0 1 1.004838 1.573651 9.640639 -97.580983 -0.517335 -0.520682 0.793437 12.567757
0 1 1.004838 1.620989 9.640639 -97.580983 -0.517929 -0.528991 0.793437 12.567757
0 1 1.004838 1.669256 9.608366 -97.583954 -0.518536 -0.537463 0.790706 12.566374
0 1 1.004838 1.717065 9.608303 -97.583952 -0.519136 -0.545854 0.790740 12.566390
0 1 1.004838 1.762610 9.608303 -97.583952 -0.519708 -0.553849 0.790741 12.566390
0 1 1.004838 1.811687 9.608303 -97.583952 -0.520325 -0.562463 0.790741 12.566390
0 1 1.004838 1.858899 9.608303 -97.583952 -0.520918 -0.570749 0.790741 12.566390
0 1 1.004838 1.903408 9.608303 -97.583952 -0.521477 -0.578562 0.790741 12.566390
0 1 2.424405 2.010610 9.608303 -97.583952 -1.259569 -0.944425 0.790741 12.566390
0 1 2.424405 2.054995 9.608303 -97.583952 -1.260914 -0.952598 0.790741 12.566390
0 1 2.424405 2.100153 9.608303 -97.583952 -1.262283 -0.960913 0.790741 12.566390
0 1 1.698487 1.600486 9.608303 -97.583952 -0.885242 -0.693977 0.790741 12.566390
0 1 1.698487 1.643558 9.608303 -97.583952 -0.886156 -0.701517 0.790741 12.566390
0 1 1.698487 1.687587 9.608303 -97.583952 -0.887091 -0.709225 0.790741 12.566390
0 1 1.698487 1.729253 9.608303 -97.583952 -0.887976 -0.716519 0.790741 12.566390
0 1 1.698487 1.771629 9.608303 -97.583952 -0.888876 -0.723937 0.790741 12.566390
0 1 1.698487 1.813193 9.608303 -97.583952 -0.889758 -0.731213 0.790741 12.566390
0 1 1.698487 1.853805 9.608303 -97.583952 -0.890620 -0.738323 0.790741 12.566390
0 1 1.698487 1.893687 9.608303 -97.583952 -0.891467 -0.745305 0.790741 12.566390
0 1 1.698487 1.934724 9.608303 -97.583952 -0.892338 -0.752488 0.790741 12.566390
0 1 4.704026 2.215841 9.608303 -97.583952 -2.473742 -1.508309 0.790741 12.566390
0 1 4.704026 2.255332 9.608303 -97.583952 -2.476064 -1.515925 0.790741 12.566390
0 1 4.704026 2.293180 9.608303 -97.583952 -2.478290 -1.523224 0.790741 12.566390
0 1 3.948254 1.722910 9.608303 -97.583952 -2.082011 -1.253333 0.790741 12.566390
0 1 3.948254 1.759874 9.608303 -97.583952 -2.083835 -1.260113 0.790741 12.566390
0 1 3.948254 1.797286 9.608303 -97.583952 -2.085681 -1.266975 0.790741 12.566390
0 1 3.948254 1.832586 9.608303 -97.583952 -2.087423 -1.273449 0.790741 12.566390
0 1 3.948254 1.867906 9.608303 -97.583952 -2.089167 -1.279927 0.790741 12.566390
0 1 3.948254 1.903105 9.608303 -97.583952 -2.090904 -1.286383 0.790741 12.566390
0 1 3.948254 1.936836 9.624221 -97.582478 -2.092569 -1.292569 0.792156 12.572212
0 1 3.948254 1.971436 9.624252 -97.582479 -2.094276 -1.298915 0.792139 12.572204
0 1 3.948254 2.005902 9.624252 -97.582479 -2.095977 -1.305236 0.792139 12.572204
0 1 3.948254 2.037731 9.624252 -97.582479 -2.097548 -1.311074 0.792139 12.572204
0 1 5.442483 2.242670 9.624252 -97.582479 -2.893492 -1.685002 0.792139 12.572204
0 1 5.442483 2.274674 9.624252 -97.582479 -2.895669 -1.691149 0.792139 12.572204
0 1 5.442483 2.304860 9.624252 -97.582479 -2.897723 -1.696947 0.792139 12.572204
0 1 4.662808 1.714722 9.624252 -97.582479 -2.484506 -1.423507 0.792139 12.572204
0 1 4.662808 1.743273 9.624252 -97.582479 -2.486170 -1.428712 0.792139 12.572204
0 1 4.662808 1.771256 9.591977 -97.585444 -2.487801 -1.433814 0.789412 12.570823
0 1 4.662808 1.799153 9.591914 -97.585443 -2.489427 -1.438900 0.789446 12.570840
0 1 4.662808 1.825895 9.591914 -97.585443 -2.490986 -1.443776 0.789446 12.570840
0 1 4.662808 1.852335 9.591914 -97.585443 -2.492527 -1.448596 0.789446 12.570840
0 1 4.662808 1.878038 9.591914 -97.585443 -2.494025 -1.453283 0.789446 12.570840
0 1 4.662808 1.902462 9.591914 -97.585443 -2.495448 -1.457736 0.789446 12.570840
0 1 4.662808 1.927158 9.591914 -97.585443 -2.496888 -1.462238 0.789446 12.570840
0 1 6.095459 2.139499 9.591914 -97.585443 -3.265852 -1.820027 0.789446 12.570840
0 1 6.095459 2.161747 9.591914 -97.585443 -3.267547 -1.824267 0.789446 12.570840
0 1 6.095459 2.183127 9.591914 -97.585443 -3.269176 -1.828341 0.789446 12.570840
0 1 5.377434 1.636570 9.591914 -97.585443 -2.885516 -1.581308 0.789446 12.570840
0 1 5.377434 1.657570 9.591914 -97.585443 -2.886928 -1.585121 0.789446 12.570840
0 1 5.377434 1.676804 9.591914 -97.585443 -2.888221 -1.588614 0.789446 12.570840
0 1 5.377434 1.696237 9.624189 -97.582478 -2.889527 -1.592143 0.792173 12.572220
0 1 5.377434 1.713934 9.624252 -97.582479 -2.890716 -1.595356 0.792139 12.572204
0 1 5.377434 1.731693 9.624252 -97.582479 -2.891910 -1.598581 0.792139 12.572204
0 1 5.377434 1.748281 9.624252 -97.582479 -2.893025 -1.601594 0.792139 12.572204
0 1 5.377434 1.764201 9.624252 -97.582479 -2.894095 -1.604485 0.792139 12.572204
0 1 5.377434 1.779499 9.624252 -97.582479 -2.895124 -1.607262 0.792139 12.572204
0 1 6.760301 1.997417 9.624252 -97.582479 -3.640834 -1.950752 0.792139 12.572204
0 1 6.760301 2.011046 9.624252 -97.582479 -3.641986 -1.953335 0.792139 12.572204
0 1 6.760301 2.023858 9.624252 -97.582479 -3.643068 -1.955763 0.792139 12.572204
0 1 6.141874 1.548282 9.624252 -97.582479 -3.310700 -1.747252 0.792139 12.572204
0 1 6.141874 1.559122 9.624252 -97.582479 -3.311532 -1.749223 0.792139 12.572204
0 1 6.141874 1.569410 9.624252 -97.582479 -3.312322 -1.751093 0.792139 12.572204
0 1 6.141874 1.578785 9.624252 -97.582479 -3.313042 -1.752797 0.792139 12.572204
0 1 6.141874 1.587108 9.624252 -97.582479 -3.313681 -1.754310 0.792139 12.572204
0 1 6.141874 1.594824 9.624252 -97.582479 -3.314273 -1.755712 0.792139 12.572204
0 1 6.141874 1.601551 9.624252 -97.582479 -3.314790 -1.756935 0.792139 12.572204
0 1 6.141874 1.607554 9.624252 -97.582479 -3.315251 -1.758026 0.792139 12.572204
0 1 6.141874 1.612678 9.624252 -97.582479 -3.315644 -1.758958 0.792139 12.572204
0 1 7.344447 1.812377 9.624252 -97.582479 -3.965228 -2.055227 0.792139 12.572204
0 1 7.344447 1.815654 9.624252 -97.582479 -3.965529 -2.055845 0.792139 12.572204
0 1 7.344447 1.818212 9.624252 -97.582479 -3.965764 -2.056327 0.792139 12.572204
0 1 6.393333 1.089424 9.624252 -97.582479 -3.452326 -1.742404 0.792139 12.572204
0 1 6.393333 1.090246 9.624252 -97.582479 -3.452392 -1.742550 0.792139 12.572204
1 1 0.000000 0.000000 9.624252 -97.582479 -0.000000 -0.000000 0.792139 12.572204
1 1 -0.000000 -0.000000 9.591977 -97.585444 0.000000 0.000000 0.789412 12.570823
1 1 -0.000000 -0.000000 9.591914 -97.585443 0.000000 0.000000 0.789446 12.570840
1 1 0.000000 -0.000000 9.591914 -97.585443 -0.000000 -0.000000 0.789446 12.570840
1 1 0.000000 -0.000000 9.591914 -97.585443 -0.000000 -0.000000 0.789446 12.570840
1 1 0.000000 0.000000 9.591914 -97.585443 -0.000000 -0.000000 0.789446 12.570840
1 1 0.000000 -0.000000 9.591914 -97.585443 -0.000000 -0.000000 0.789446 12.570840
1 1 0.000000 -0.000000 9.591914 -97.585443 -0.000000 -0.000000 0.789446 12.570840
1 1 0.000000 -0.000000 9.591914 -97.585443 -0.000000 -0.000000 0.789446 12.570840
1 1 0.000000 -0.000000 9.591914 -97.585443 -0.000000 -0.000000 0.789446 12.570840
1 1 -0.000000 -0.000000 9.591914 -97.585443 0.000000 0.000000 0.789446 12.570840
1 1 -0.000000 -0.000000 9.591914 -97.585443 0.000000 0.000000 0.789446 12.570840
1 1 -0.000000 -0.000000 9.591914 -97.585443 0.000000 0.000000 0.789446 12.570840
1 1 -0.000000 -0.000000 9.591914 -97.585443 0.000000 0.000000 0.789446 12.570840
1 1 -0.000000 -0.000000 9.591914 -97.585443 0.000000 0.000000 0.789446 12.570840
1 1 -0.000000 -0.000000 9.591914 -97.585443 0.000000 0.000000 0.789446 12.570840
1 1 -0.000000 -0.000000 9.591914 -97.585443 0.000000 0.000000 0.789446 12.570840
1 1 -0.000000 -0.000000 9.591914 -97.585443 0.000000 0.000000 0.789446 12.570840
1 1 -0.000000 -0.000000 9.591914 -97.585443 0.000000 0.000000 0.789446 12.570840
1 1 0.000000 0.000000 9.591914 -97.585443 -0.000000 -0.000000 0.789446 12.570840
1 1 0.000000 0.000000 9.591914 -97.585443 -0.000000 -0.000000 0.789446 12.570840
1 1 0.000000 0.000000 9.591914 -97.585443 -0.000000 -0.000000 0.789446 12.570840
1 1 -0.000000 -0.000000 9.591914 -97.585443 0.000000 0.000000 0.789446 12.570840
1 1 -0.000000 -0.000000 9.591914 -97.585443 0.000000 0.000000 0.789446 12.570840
1 1 -0.000000 -0.000000 9.591914 -97.585443 0.000000 0.000000 0.789446 12.570840
1 1 -0.000000 -0.000000 9.591914 -97.585443 0.000000 0.000000 0.789446 12.570840
1 1 -0.000000 -0.000000 9.591914 -97.585443 0.000000 0.000000 0.789446 12.570840
1 1 -0.000000 -0.000000 9.591914 -97.585443 0.000000 0.000000 0.789446 12.570840
1 1 -0.000000 -0.000000 9.591914 -97.585443 0.000000 0.000000 0.789446 12.570840
1 1 -0.000000 -0.000000 9.591914 -97.585443 0.000000 0.000000 0.789446 12.570840
1 1 -0.000000 -0.000000 9.591914 -97.585443 0.000000 0.000000 0.789446 12.570840
1 1 -0.000000 -0.000000 9.591914 -97.585443 0.000000 0.000000 0.789446 12.570840
1 1 -0.000000 -0.000000 9.591914 -97.585443 0.000000 0.000000 0.789446 12.570840
1 1 -0.000000 -0.000000 9.591914 -97.585443 0.000000 0.000000 0.789446 12.570840
1 1 0.000000 0.000000 9.591914 -97.585443 -0.000000 -0.000000 0.789446 12.570840
1 1 0.000000 0.000000 9.591914 -97.585443 -0.000000 -0.000000 0.789446 12.570840
1 1 0.000000 0.000000 9.591914 -97.585443 -0.000000 -0.000000 0.789446 12.570840
1 1 0.000000 0.000000 9.591914 -97.585443 -0.000000 -0.000000 0.789446 12.570840
1 1 0.000000 0.000000 9.591914 -97.585443 -0.000000 -0.000000 0.789446 12.570840
1 1 0.000000 0.000000 9.591914 -97.585443 -0.000000 -0.000000 0.789446 12.570840
1 1 0.000000 0.000000 9.591914 -97.585443 -0.000000 -0.000000 0.789446 12.570840
1 1 0.000000 0.000000 9.591914 -97.585443 -0.000000 -0.000000 0.789446 12.570840
1 1 0.000000 0.000000 9.591914 -97.585443 -0.000000 -0.000000 0.789446 12.570840
1 1 0.000000 0.000000 9.591914 -97.585443 -0.000000 -0.000000 0.789446 12.570840
1 1 0.000000 -0.000000 9.591914 -97.585443 -0.000000 0.000000 0.789446 12.570840
1 1 0.000000 -0.000000 9.591914 -97.585443 -0.000000 0.000000 0.789446 12.570840
1 1 -0.000000 -0.000000 9.591914 -97.585443 0.000000 0.000000 0.789446 12.570840
1 1 -0.000000 -0.000000 9.591914 -97.585443 0.000000 0.000000 0.789446 12.570840
1 1 -0.000000 -0.000000 9.591914 -97.585443 0.000000 0.000000 0.789446 12.570840
1 1 -0.000000 -0.000000 9.591914 -97.585443 0.000000 0.000000 0.789446 12.570840
1 1 -0.000000 -0.000000 9.591914 -97.585443 0.000000 0.000000 0.789446 12.570840
1 1 -0.000000 -0.000000 9.591914 -97.585443 0.000000 0.000000 0.789446 12.570840
1 1 -0.000000 -0.000000 9.591914 -97.585443 0.000000 0.000000 0.789446 12.570840
1 1 -0.000000 -0.000000 9.591914 -97.585443 0.000000 0.000000 0.789446 12.570840
1 1 -0.000000 -0.000000 9.591914 -97.585443 0.000000 0.000000 0.789446 12.570840
1 1 -0.000000 -0.000000 9.591914 -97.585443 0.000000 0.000000 0.789446 12.570840
1 1 -0.000000 0.000000 9.591914 -97.585443 0.000000 0.000000 0.789446 12.570840
1 1 -0.000000 0.000000 9.591914 -97.585443 0.000000 0.000000 0.789446 12.570840
1 1 -0.000000 0.000000 9.591914 -97.585443 0.000000 0.000000 0.789446 12.570840
1 1 -0.000000 0.000000 9.591914 -97.585443 0.000000 0.000000 0.789446 12.570840
1 1 -0.000000 0.000000 9.591914 -97.585443 0.000000 0.000000 0.789446 12.570840
1 1 -0.000000 0.000000 9.591914 -97.585443 0.000000 0.000000 0.789446 12.570840
1 1 -0.000000 0.000000 9.624189 -97.582478 0.000000 0.000000 0.792173 12.572220
1 1 0.000000 -0.000000 9.624252 -97.582479 -0.000000 -0.000000 0.792139 12.572204
1 1 0.000000 -0.000000 9.608334 -97.583953 -0.000000 -0.000000 0.790724 12.566382
1 1 0.000000 0.000000 9.608303 -97.583952 -0.000000 -0.000000 0.790741 12.566390
1 1 -0.000000 -0.000000 9.608303 -97.583952 0.000000 0.000000 0.790741 12.566390
1 1 0.000000 -0.000000 9.608303 -97.583952 0.000000 0.000000 0.790741 12.566390
1 1 0.000000 0.000000 9.608303 -97.583952 -0.000000 -0.000000 0.790741 12.566390
1 1 -0.000000 -0.000000 9.608303 -97.583952 0.000000 0.000000 0.790741 12.566390
1 1 -0.000000 -0.000000 9.608303 -97.583952 0.000000 0.000000 0.790741 12.566390
1 1 -0.000000 -0.000000 9.608303 -97.583952 0.000000 0.000000 0.790741 12.566390
1 1 -0.000000 -0.000000 9.608303 -97.583952 0.000000 0.000000 0.790741 12.566390
1 1 -0.000000 -0.000000 9.608303 -97.583952 0.000000 0.000000 0.790741 12.566390
1 1 -0.000000 -0.000000 9.608303 -97.583952 0.000000 0.000000 0.790741 12.566390
1 1 -0.000000 -0.000000 9.608303 -97.583952 0.000000 0.000000 0.790741 12.566390
1 1 -0.000000 -0.000000 9.608303 -97.583952 0.000000 0.000000 0.790741 12.566390
1 1 -0.000000 -0.000000 9.608303 -97.583952 0.000000 0.000000 0.790741 12.566390
1 1 -0.000000 -0.000000 9.608303 -97.583952 0.000000 0.000000 0.790741 12.566390
1 1 -0.000000 -0.000000 9.608303 -97.583952 0.000000 0.000000 0.790741 12.566390
1 1 0.000000 0.000000 9.608303 -97.583952 -0.000000 -0.000000 0.790741 12.566390
1 1 0.000000 0.000000 9.608303 -97.583952 -0.000000 -0.000000 0.790741 12.566390
1 1 0.000000 0.000000 9.608303 -97.583952 -0.000000 -0.000000 0.790741 12.566390
1 1 0.000000 0.000000 9.608303 -97.583952 -0.000000 -0.000000 0.790741 12.566390
1 1 0.000000 0.000000 9.608303 -97.583952 -0.000000 -0.000000 0.790741 12.566390
1 1 0.000000 0.000000 9.608303 -97.583952 -0.000000 -0.000000 0.790741 12.566390
1 1 0.000000 0.000000 9.608303 -97.583952 -0.000000 -0.000000 0.790741 12.566390
1 1 0.000000 0.000000 9.608303 -97.583952 -0.000000 -0.000000 0.790741 12.566390
1 1 0.000000 0.000000 9.608303 -97.583952 -0.000000 -0.000000 0.790741 12.566390
1 1 0.000000 0.000000 9.608303 -97.583952 -0.000000 -0.000000 0.790741 12.566390
1 1 0.000000 0.000000 9.608303 -97.583952 -0.000000 -0.000000 0.790741 12.566390
1 1 0.000000 0.000000 9.608303 -97.583952 -0.000000 -0.000000 0.790741 12.566390
1 1 0.000000 0.000000 9.608303 -97.583952 -0.000000 -0.000000 0.790741 12.566390
1 1 -0.000000 -0.000000 9.608303 -97.583952 0.000000 0.000000 0.790741 12.566390
1 1 -0.000000 -0.000000 9.608303 -97.583952 0.000000 0.000000 0.790741 12.566390
1 1 -0.000000 -0.000000 9.608303 -97.583952 0.000000 0.000000 0.790741 12.566390
1 1 -0.000000 -0.000000 9.608303 -97.583952 0.000000 0.000000 0.790741 12.566390
1 0 12.468547 -96.680136 4.923435 -0.219667 1.068912 13.798515 -2.658653 -1.233370
1 0 12.569081 -97.261329 4.923435 -0.220279 1.061811 13.875218 -2.658616 -1.233276
1 0 12.569741 -97.264842 4.923435 -0.221694 1.061741 13.875669 -2.658528 -1.233057
1 0 12.569745 -97.264864 4.923435 -0.223910 1.061741 13.875671 -2.658392 -1.232716
1 0 12.569745 -97.264864 4.931289 -0.222203 1.061741 13.875671 -2.662448 -1.234689
1 0 12.569745 -97.264864 4.931289 -0.226212 1.061741 13.875671 -2.662201 -1.234070
1 0 12.569745 -97.264864 4.931289 -0.230839 1.061741 13.875671 -2.661915 -1.233357
1 0 12.569745 -97.264864 4.931289 -0.236333 1.061741 13.875671 -2.661577 -1.232509
1 0 12.058413 -97.325921 4.931289 -0.242628 1.016994 13.853032 -2.661189 -1.231539
1 0 12.057364 -97.325908 4.931289 -0.249895 1.017548 13.853287 -2.660741 -1.230418
1 0 12.057361 -97.325907 4.931289 -0.257971 1.017549 13.853287 -2.660243 -1.229173
1 0 12.057361 -97.325907 4.931289 -0.267067 1.017549 13.853287 -2.659682 -1.227770
1 0 12.057361 -97.325907 4.931289 -0.276821 1.017549 13.853287 -2.659081 -1.226265
1 0 12.057361 -97.325907 4.931289 -0.287264 1.017549 13.853287 -2.658437 -1.224655
1 0 12.057361 -97.325907 4.931289 -0.298322 1.017549 13.853287 -2.657756 -1.222950
1 0 12.057361 -97.325907 4.931289 -0.310728 1.017549 13.853287 -2.656991 -1.221037
1 0 12.057361 -97.325907 4.931289 -0.323577 1.017549 13.853287 -2.656199 -1.219055
1 0 12.057361 -97.325907 4.931289 -0.337515 1.017549 13.853287 -2.655340 -1.216905
1 0 12.057361 -97.325907 4.931289 -0.352227 1.017549 13.853287 -2.654433 -1.214637
1 0 12.057361 -97.325907 4.931289 -0.367721 1.017549 13.853287 -2.653478 -1.212247
1 0 11.385595 -97.402105 4.931289 -0.384281 0.958937 13.823629 -2.652457 -1.209693
1 0 11.384220 -97.402092 4.931289 -0.401288 0.959665 13.823966 -2.651409 -1.207071
1 0 11.384217 -97.402091 4.931289 -0.419304 0.959666 13.823966 -2.650298 -1.204292
1 0 11.368516 -97.403835 4.931289 -0.437468 0.958206 13.818232 -2.649178 -1.201491
1 0 11.368484 -97.403834 4.931289 -0.456338 0.958223 13.818240 -2.648015 -1.198581
1 0 11.368484 -97.403834 4.931289 -0.475925 0.958223 13.818240 -2.646808 -1.195560
1 0 11.368484 -97.403834 4.914726 -0.499420 0.958223 13.818240 -2.636590 -1.188013
1 0 11.368484 -97.403834 4.914726 -0.520497 0.958223 13.818240 -2.635295 -1.184765
1 0 11.368484 -97.403834 4.914726 -0.542271 0.958223 13.818240 -2.633958 -1.181409
1 0 11.368484 -97.403834 4.914726 -0.564711 0.958223 13.818240 -2.632579 -1.177951
1 0 11.368484 -97.403834 4.914726 -0.588784 0.958223 13.818240 -2.631100 -1.174241
1 0 11.368484 -97.403834 4.914726 -0.613162 0.958223 13.818240 -2.629603 -1.170484
1 0 12.391882 -97.286046 4.914726 -0.637750 1.047578 13.863443 -2.628092 -1.166694
1 0 12.393990 -97.286118 4.914726 -0.663793 1.046469 13.862941 -2.626492 -1.162681
1 0 12.393994 -97.286120 4.914726 -0.690057 1.046467 13.862940 -2.624879 -1.158633
1 0 10.726936 -97.473953 4.914726 -0.718238 0.892110 13.252428 -2.623147 -1.154290
1 0 10.723597 -97.473982 4.914726 -0.746387 0.893902 13.253273 -2.621418 -1.149951
1 0 10.723590 -97.473980 4.914726 -0.774993 0.893905 13.253274 -2.619661 -1.145543
1 0 10.723590 -97.473980 5.014089 -0.794004 0.893905 13.253274 -2.670719 -1.165948
1 0 10.723590 -97.473980 5.014089 -0.825277 0.893905 13.253274 -2.668759 -1.161110
1 0 10.723590 -97.473980 5.014089 -0.857240 0.893905 13.253274 -2.666756 -1.156165
1 0 10.723590 -97.473980 5.620372 -0.511386 0.893905 13.253274 -2.986999 -1.335121
1 0 10.723590 -97.473980 5.620372 -0.542772 0.893905 13.253274 -2.984794 -1.330028
1 0 10.723590 -97.473980 5.620372 -0.576515 0.893905 13.253274 -2.982423 -1.324552
1 0 11.622674 -97.377157 5.620372 -0.610833 0.971345 13.292480 -2.980012 -1.318982
1 0 11.624489 -97.377218 5.620372 -0.644956 0.970378 13.292037 -2.977615 -1.313445
1 0 11.624493 -97.377220 5.620372 -0.679988 0.970376 13.292036 -2.975154 -1.307760
1 0 11.040577 -97.441522 5.620372 -0.715120 0.916925 13.077885 -2.972686 -1.302058
1 0 11.039411 -97.441512 5.620372 -0.751411 0.917551 13.078177 -2.970136 -1.296169
1 0 11.039409 -97.441511 5.620372 -0.787174 0.917553 13.078178 -2.967623 -1.290365
1 0 11.039409 -97.441511 5.587543 -0.827694 0.917553 13.078178 -2.947758 -1.276357
1 0 11.039409 -97.441511 5.587543 -0.864803 0.917553 13.078178 -2.945166 -1.270341
1 0 11.039409 -97.441511 5.587543 -0.902459 0.917553 13.078178 -2.942536 -1.264238
1 0 11.039409 -97.441511 6.378348 -0.410447 0.917553 13.078178 -3.355947 -1.497289
1 0 11.039409 -97.441511 6.378348 -0.449592 0.917553 13.078178 -3.352826 -1.490557
1 0 11.039409 -97.441511 6.378348 -0.490008 0.917553 13.078178 -3.349603 -1.483606
1 0 11.039409 -97.441511 6.378348 -0.531438 0.917553 13.078178 -3.346300 -1.476481
1 0 11.007261 -97.444920 6.378348 -0.572825 0.914796 13.076780 -3.343000 -1.469363
1 0 11.007197 -97.444919 6.378348 -0.613528 0.914830 13.076796 -3.339755 -1.462363
1 0 11.086221 -97.436448 6.378348 -0.654706 0.922029 13.105760 -3.336472 -1.455282
1 0 11.086379 -97.436451 6.378348 -0.697115 0.921945 13.105721 -3.333091 -1.447988
1 0 11.086379 -97.436451 6.378348 -0.739009 0.921945 13.105721 -3.329751 -1.440783
1 0 11.086379 -97.436451 5.078475 -0.956179 0.921945 13.105721 -2.648478 -1.117228
1 0 11.086379 -97.436451 5.078475 -0.998939 0.921945 13.105721 -2.645763 -1.110198
1 0 11.086379 -97.436451 5.078475 -1.043068 0.921945 13.105721 -2.642962 -1.102943
1 0 11.086379 -97.436451 6.005619 -0.447617 0.921945 13.105721 -3.122204 -1.380342
1 0 11.086379 -97.436451 6.005619 -0.492947 0.921945 13.105721 -3.118801 -1.372364
1 0 11.086379 -97.436451 6.005619 -0.537464 0.921945 13.105721 -3.115459 -1.364530
1 0 11.086379 -97.436451 6.005619 -0.583476 0.921945 13.105721 -3.112005 -1.356433
1 0 10.861378 -97.460204 6.005619 -0.628674 0.902640 13.095945 -3.108612 -1.348478
1 0 10.860929 -97.460197 6.005619 -0.676020 0.902881 13.096057 -3.105058 -1.340146
1 0 10.860928 -97.460197 6.005619 -0.724100 0.902882 13.096057 -3.101448 -1.331685
1 0 11.066369 -97.438339 6.005619 -0.771962 0.921603 13.171312 -3.097855 -1.323262
1 0 11.066781 -97.438347 6.005619 -0.818210 0.921382 13.171210 -3.094384 -1.315123
1 0 11.066782 -97.438348 4.897167 -1.010850 0.921382 13.171210 -2.520248 -1.040708
1 0 11.066782 -97.438348 4.897167 -1.057867 0.921382 13.171210 -2.517369 -1.032737
1 0 11.066782 -97.438348 4.897167 -1.105187 0.921382 13.171210 -2.514473 -1.024715
1 0 11.066782 -97.438348 5.847457 -0.467529 0.921382 13.171210 -2.998901 -1.312355
1 0 11.066782 -97.438348 5.847457 -0.517837 0.921382 13.171210 -2.995224 -1.303229
1 0 11.066782 -97.438348 5.847457 -0.567017 0.921382 13.171210 -2.991629 -1.294307
1 0 11.066782 -97.438348 5.847457 -0.615231 0.921382 13.171210 -2.988105 -1.285561
1 0 11.066782 -97.438348 5.847457 -0.664875 0.921382 13.171210 -2.984476 -1.276555
1 0 11.066782 -97.438348 5.847457 -0.714564 0.921382 13.171210 -2.980844 -1.267541
1 0 11.066782 -97.438348 5.847457 -0.765947 0.921382 13.171210 -2.977089 -1.258220
1 0 11.050985 -97.440044 5.847457 -0.816522 0.919941 13.165424 -2.973392 -1.249045
1 0 11.050954 -97.440043 5.847457 -0.867941 0.919958 13.165431 -2.969634 -1.239717
1 0 11.050954 -97.440043 5.847457 -0.919875 0.919958 13.165431 -2.965838 -1.230295
1 0 11.050954 -97.440043 4.832690 -1.102348 0.919958 13.165431 -2.448000 -0.982276
1 0 11.050954 -97.440043 4.832690 -1.152048 0.919958 13.165431 -2.444997 -0.973553
1 0 11.050954 -97.440043 5.808846 -0.461233 0.919958 13.165431 -2.935081 -1.272729
1 0 11.050954 -97.440043 5.808846 -0.512632 0.919958 13.165431 -2.931349 -1.263080
1 0 11.050954 -97.440043 5.808846 -0.564628 0.919958 13.165431 -2.927573 -1.253319
1 0 11.050954 -97.440043 5.808846 -0.617035 0.919958 13.165431 -2.923768 -1.243481
1 0 11.083083 -97.436620 5.808846 -0.668034 0.922718 13.166830 -2.920065 -1.233907
1 0 11.083148 -97.436622 5.808846 -0.720319 0.922684 13.166814 -2.916269 -1.224092
1 0 11.083148 -97.436622 5.808846 -0.772948 0.922684 13.166814 -2.912447 -1.214212
1 0 11.098940 -97.434921 5.808846 -0.824452 0.924125 13.172599 -2.908708 -1.204544
1 0 11.098972 -97.434921 5.808846 -0.875040 0.924108 13.172592 -2.905034 -1.195047
1 0 11.098972 -97.434921 5.808846 -0.925330 0.924108 13.172592 -2.901383 -1.185606
1 0 11.098972 -97.434921 4.715200 -1.117560 0.924108 13.172592 -2.352084 -0.923896
1 0 11.098972 -97.434921 4.715200 -1.170376 0.924108 13.172592 -2.348971 -0.914315
1 0 11.098972 -97.434921 4.715200 -1.223178 0.924108 13.172592 -2.345859 -0.904736
1 0 11.098972 -97.434921 5.693919 -0.490723 0.924108 13.172592 -2.829097 -1.209642
1 0 11.098972 -97.434921 5.693919 -0.541125 0.924108 13.172592 -2.825510 -1.199882
1 0 11.098972 -97.434921 5.693919 -0.593676 0.924108 13.172592 -2.821769 -1.189706
1 0 10.938241 -97.451967 5.693919 -0.644959 0.910299 13.165598 -2.818119 -1.179775
1 0 10.937919 -97.451962 5.693919 -0.694992 0.910471 13.165678 -2.814558 -1.170087
1 0 10.937919 -97.451961 5.693919 -0.747343 0.910472 13.165678 -2.810832 -1.159949
1 0 10.985314 -97.446919 5.693919 -0.798170 0.914796 13.183038 -2.807215 -1.150107
1 0 10.985409 -97.446921 5.693919 -0.849986 0.914745 13.183014 -2.803527 -1.140073
1 0 10.985409 -97.446921 5.693919 -0.901760 0.914745 13.183014 -2.799842 -1.130047
1 0 10.985409 -97.446921 4.478809 -1.105407 0.914745 13.183014 -2.199523 -0.845587
1 0 10.985409 -97.446921 4.478809 -1.156274 0.914745 13.183014 -2.196676 -0.836093
1 0 10.985409 -97.446921 4.478809 -1.204993 0.914745 13.183014 -2.193948 -0.826999
1 0 10.985409 -97.446921 5.398720 -0.485356 0.914745 13.183014 -2.641213 -1.119876
1 0 10.985409 -97.446921 5.398720 -0.534067 0.914745 13.183014 -2.637926 -1.110224
1 0 10.985409 -97.446921 5.398720 -0.584539 0.914745 13.183014 -2.634520 -1.100223
1 0 11.017538 -97.443518 5.398720 -0.634296 0.917504 13.184409 -2.631162 -1.090363
1 0 11.017602 -97.443520 5.398720 -0.684448 0.917469 13.184393 -2.627778 -1.080425
1 0 11.017602 -97.443520 5.398720 -0.734308 0.917469 13.184393 -2.624413 -1.070546
1 0 11.017602 -97.443520 5.398720 -0.783208 0.917469 13.184393 -2.621113 -1.060856
1 0 11.017602 -97.443520 5.398720 -0.831774 0.917469 13.184393 -2.617835 -1.051233
1 0 11.017602 -97.443520 5.398720 -0.879256 0.917469 13.184393 -2.614631 -1.041824
1 0 11.017602 -97.443520 4.187174 -1.072369 0.917469 13.184393 -2.025421 -0.763007
1 0 11.017602 -97.443520 4.187174 -1.119055 0.917469 13.184393 -2.022977 -0.754081
1 0 11.017602 -97.443520 4.187174 -1.164919 0.917469 13.184393 -2.020577 -0.745313
1 0 11.017602 -97.443520 5.486389 -0.055918 0.917469 13.184393 -2.644296 -1.177503
1 0 11.017602 -97.443520 5.486389 -0.101566 0.917469 13.184393 -2.641165 -1.168034
1 0 11.017602 -97.443520 5.486389 -0.145861 0.917469 13.184393 -2.638128 -1.158847
1 0 11.017602 -97.443520 5.486389 -0.191835 0.917469 13.184393 -2.634975 -1.149310
1 0 11.049728 -97.440107 5.486389 -0.235996 0.920232 13.185792 -2.631946 -1.140150
1 0 11.049793 -97.440109 5.486389 -0.280410 0.920198 13.185776 -2.628900 -1.130938
1 0 11.018203 -97.443493 5.486389 -0.325321 0.917312 13.174203 -2.625820 -1.121622
1 0 11.018140 -97.443492 5.486389 -0.369367 0.917346 13.174219 -2.622800 -1.112486
1 0 11.018139 -97.443492 5.486389 -0.411590 0.917346 13.174219 -2.619904 -1.103728
1 0 11.018139 -97.443492 4.468198 -0.584016 0.917346 13.174219 -2.131376 -0.874714
1 0 11.018139 -97.443492 4.468198 -0.626325 0.917346 13.174219 -2.129013 -0.866182
1 0 11.018139 -97.443492 4.468198 -0.668900 0.917346 13.174219 -2.126635 -0.857597
1 0 11.018139 -97.443492 4.989708 -0.225908 0.917346 13.174219 -2.372054 -1.030867
1 0 11.018139 -97.443492 4.989708 -0.265406 0.917346 13.174219 -2.369590 -1.022645
1 0 11.018139 -97.443492 4.989708 -0.306221 0.917346 13.174219 -2.367045 -1.014149
1 0 11.018139 -97.443492 4.989708 -0.345830 0.917346 13.174219 -2.364574 -1.005903
1 0 11.050267 -97.440079 4.989708 -0.385716 0.920108 13.175618 -2.362086 -0.997600
1 0 11.050332 -97.440080 4.989708 -0.424980 0.920074 13.175602 -2.359637 -0.989427
1 0 11.034537 -97.441774 4.989708 -0.462066 0.918631 13.169815 -2.357324 -0.981707
1 0 11.034505 -97.441773 4.989708 -0.498453 0.918648 13.169823 -2.355055 -0.974132
1 0 11.034505 -97.441773 4.989708 -0.534315 0.918648 13.169823 -2.352818 -0.966667
1 0 11.034505 -97.441773 3.600314 -0.726784 0.918648 13.169823 -1.696015 -0.658891
1 0 11.034505 -97.441773 3.600314 -0.763075 0.918648 13.169823 -1.694381 -0.651625
1 0 11.034505 -97.441773 3.600314 -0.798252 0.918648 13.169823 -1.692798 -0.644583
1 0 11.034505 -97.441773 4.105084 -0.369444 0.918648 13.169823 -1.928249 -0.816992
1 0 11.034505 -97.441773 4.105084 -0.402089 0.918648 13.169823 -1.926574 -0.810251
1 0 11.034505 -97.441773 4.105084 -0.435625 0.918648 13.169823 -1.924853 -0.803325
1 0 11.034505 -97.441773 4.105084 -0.467803 0.918648 13.169823 -1.923202 -0.796680
1 0 11.066717 -97.438346 4.105084 -0.500095 0.921416 13.171226 -1.921545 -0.790011
1 0 11.066782 -97.438348 4.105084 -0.531599 0.921382 13.171210 -1.919928 -0.783505
1 0 11.066782 -97.438348 4.105084 -0.561950 0.921382 13.171210 -1.918371 -0.777237
1 0 11.066782 -97.438348 4.105084 -0.591184 0.921382 13.171210 -1.916871 -0.771200
1 0 11.066782 -97.438348 4.105084 -0.619740 0.921382 13.171210 -1.915405 -0.765303
1 0 11.066782 -97.438348 3.395099 -0.718462 0.921382 13.171210 -1.582916 -0.606343
1 0 11.066782 -97.438348 3.395099 -0.746326 0.921382 13.171210 -1.581734 -0.600703
1 0 11.066782 -97.438348 3.395099 -0.773375 0.921382 13.171210 -1.580586 -0.595228
1 0 11.066782 -97.438348 3.882048 -0.341262 0.921382 13.171210 -1.806041 -0.766226
1 0 11.066782 -97.438348 3.882048 -0.366200 0.921382 13.171210 -1.804831 -0.761027
1 0 11.066782 -97.438348 3.882048 -0.391228 0.921382 13.171210 -1.803616 -0.755809
1 0 11.066782 -97.438348 3.882048 -0.414972 0.921382 13.171210 -1.802464 -0.750858
1 0 11.034570 -97.441774 3.882048 -0.437826 0.918613 13.169807 -1.801355 -0.746093
1 0 11.034506 -97.441773 3.882048 -0.459480 0.918648 13.169823 -1.800304 -0.741578
1 0 11.034505 -97.441773 3.882048 -0.481030 0.918648 13.169823 -1.799259 -0.737085
1 0 11.034505 -97.441773 3.882048 -0.501636 0.918648 13.169823 -1.798259 -0.732789
1 0 11.034505 -97.441773 3.882048 -0.522070 0.918648 13.169823 -1.797267 -0.728528
1 0 11.034505 -97.441773 3.882048 -0.541027 0.918648 13.169823 -1.796347 -0.724576
1 0 11.034505 -97.441773 3.150603 -0.628313 0.918648 13.169823 -1.457141 -0.563913
1 0 11.034505 -97.441773 3.150603 -0.646298 0.918648 13.169823 -1.456433 -0.560239
1 0 11.034505 -97.441773 3.601018 -0.233183 0.918648 13.169823 -1.663898 -0.722931
1 0 11.034505 -97.441773 3.601018 -0.249478 0.918648 13.169823 -1.663164 -0.719511
1 0 11.034505 -97.441773 3.601018 -0.265011 0.918648 13.169823 -1.662465 -0.716251
1 0 11.034505 -97.441773 3.601018 -0.280408 0.918648 13.169823 -1.661772 -0.713019
1 0 11.034505 -97.441773 3.601018 -0.293593 0.918648 13.169823 -1.661179 -0.710252
1 0 11.034505 -97.441773 3.601018 -0.306577 0.918648 13.169823 -1.660594 -0.707526
1 0 11.034505 -97.441773 3.601018 -0.318612 0.918648 13.169823 -1.660053 -0.705000
1 0 11.050300 -97.440080 3.601018 -0.329464 0.920091 13.175610 -1.659564 -0.702723
1 0 11.050332 -97.440080 3.601018 -0.339950 0.920074 13.175602 -1.659092 -0.700522
1 0 11.050332 -97.440080 3.601018 -0.349380 0.920074 13.175602 -1.658668 -0.698543
1 0 11.050332 -97.440080 2.947758 -0.415355 0.920074 13.175602 -1.357456 -0.557004
1 0 11.050332 -97.440080 2.947758 -0.422944 0.920074 13.175602 -1.357176 -0.555440
1 0 11.050332 -97.440080 3.316540 -0.073733 0.920074 13.175602 -1.526677 -0.692699
1 0 11.050332 -97.440080 3.316540 -0.079821 0.920074 13.175602 -1.526425 -0.691417
1 0 11.050332 -97.440080 3.316540 -0.085253 0.920074 13.175602 -1.526199 -0.690272
1 0 11.050332 -97.440080 3.316540 -0.089716 0.920074 13.175602 -1.526014 -0.689332
1 0 11.018204 -97.443493 3.316540 -0.093300 0.917312 13.174203 -1.525866 -0.688576
1 0 11.018140 -97.443492 3.316540 -0.096077 0.917346 13.174219 -1.525751 -0.687991
1 0 11.018139 -97.443492 3.316540 -0.098066 0.917346 13.174219 -1.525668 -0.687572
1 0 11.018139 -97.443492 3.316540 -0.099193 0.917346 13.174219 -1.525621 -0.687335
1 0 11.018139 -97.443492 3.316540 -0.099505 0.917346 13.174219 -1.525609 -0.687269
1 0 11.018139 -97.443492 3.316540 -0.098963 0.917346 13.174219 -1.525631 -0.687383
1 0 11.018139 -97.443492 2.781320 -0.141759 0.917346 13.174219 -1.279475 -0.572946
1 0 11.018139 -97.443492 2.781320 -0.139472 0.917346 13.174219 -1.279555 -0.573421
1 0 11.018139 -97.443492 2.781320 -0.136391 0.917346 13.174219 -1.279662 -0.574060
1 0 11.018139 -97.443492 3.017687 0.097236 0.917346 13.174219 -1.388561 -0.665374
1 0 11.018139 -97.443492 3.017687 0.101846 0.917346 13.174219 -1.388734 -0.666345
1 0 11.018139 -97.443492 3.017687 0.107455 0.917346 13.174219 -1.388946 -0.667526
1 0 11.050267 -97.440079 3.017687 0.113842 0.920108 13.175618 -1.389187 -0.668870
1 0 11.050332 -97.440080 3.017687 0.121231 0.920074 13.175602 -1.389466 -0.670426
1 0 11.050332 -97.440080 3.017687 0.129303 0.920074 13.175602 -1.389770 -0.672126
1 0 11.050332 -97.440080 3.017687 0.138207 0.920074 13.175602 -1.390106 -0.674000
1 0 11.050332 -97.440080 3.017687 0.147678 0.920074 13.175602 -1.390463 -0.675994
1 0 11.050332 -97.440080 3.017687 0.158840 0.920074 13.175602 -1.390884 -0.678344
1 0 11.050332 -97.440080 2.877613 0.158718 0.920074 13.175602 -1.326723 -0.650561
1 0 11.050332 -97.440080 2.877613 0.171087 0.920074 13.175602 -1.327168 -0.653155
1 0 11.050332 -97.440080 2.877613 0.184140 0.920074 13.175602 -1.327637 -0.655893
1 0 11.050332 -97.440080 2.949474 0.268232 0.920074 13.175602 -1.361291 -0.686584
1 0 11.050332 -97.440080 2.949474 0.282417 0.920074 13.175602 -1.361814 -0.689572
1 0 11.050332 -97.440080 2.949474 0.297780 0.920074 13.175602 -1.362380 -0.692808
1 0 11.050332 -97.440080 2.949474 0.314269 0.920074 13.175602 -1.362988 -0.696280
1 0 11.050332 -97.440080 2.949474 0.331646 0.920074 13.175602 -1.363629 -0.699941
1 0 11.050332 -97.440080 2.949474 0.437949 0.920074 13.175602 -1.367548 -0.722331
1 0 11.050332 -97.440080 2.949474 0.459948 0.920074 13.175602 -1.368359 -0.726964
1 0 11.050332 -97.440080 2.949474 0.483174 0.920074 13.175602 -1.369216 -0.731856
1 0 11.050332 -97.440080 2.963455 0.508295 0.920074 13.175602 -1.376594 -0.739937
1 0 11.050332 -97.440080 2.963455 0.532425 0.920074 13.175602 -1.377488 -0.745022
1 0 11.050332 -97.440080 2.963455 0.557999 0.920074 13.175602 -1.378436 -0.750410
[WARNING] The waitTime=25000 of function absoluteWait is not enough!
The program has already cost 31309us.
1 0 11.050332 -97.440080 2.950417 0.571138 0.920074 13.175602 -1.373330 -0.750776
1 0 11.050332 -97.440080 2.950417 0.597292 0.920074 13.175602 -1.374294 -0.756282
1 0 11.050332 -97.440080 2.950417 0.624721 0.920074 13.175602 -1.375306 -0.762057
1 0 11.050332 -97.440080 2.950417 0.652856 0.920074 13.175602 -1.376344 -0.767981
1 0 11.050332 -97.440080 2.950417 0.681424 0.920074 13.175602 -1.377397 -0.773996
1 0 11.050332 -97.440080 2.950417 0.711215 0.920074 13.175602 -1.378496 -0.780268
1 0 11.050332 -97.440080 2.950417 0.741537 0.920074 13.175602 -1.379614 -0.786653
1 0 11.050332 -97.440080 2.950417 0.772116 0.920074 13.175602 -1.380742 -0.793091
1 0 11.050332 -97.440080 2.950417 0.805360 0.920074 13.175602 -1.381968 -0.800090
1 0 11.050332 -97.440080 2.978391 0.840443 0.920074 13.175602 -1.396293 -0.813113
1 0 11.050332 -97.440080 2.978391 0.873646 0.920074 13.175602 -1.397529 -0.820109
1 0 11.050332 -97.440080 2.932712 0.862755 0.920074 13.175602 -1.377344 -0.809215
1 0 11.050332 -97.440080 2.932712 0.897144 0.920074 13.175602 -1.378605 -0.816442
1 0 11.050332 -97.440080 2.932712 0.931493 0.920074 13.175602 -1.379864 -0.823660
1 0 11.050332 -97.440080 2.932712 0.967364 0.920074 13.175602 -1.381179 -0.831197
1 0 11.050332 -97.440080 2.932712 1.003634 0.920074 13.175602 -1.382508 -0.838819
1 0 11.050332 -97.440080 2.932712 1.039873 0.920074 13.175602 -1.383837 -0.846434
1 0 11.050332 -97.440080 2.932712 1.076565 0.920074 13.175602 -1.385182 -0.854145
1 0 11.050332 -97.440080 2.932712 1.115095 0.920074 13.175602 -1.386594 -0.862241
1 0 11.050332 -97.440080 2.932712 1.154035 0.920074 13.175602 -1.388022 -0.870424
1 0 11.050332 -97.440080 2.932712 1.192302 0.920074 13.175602 -1.389425 -0.878465
1 0 11.050332 -97.440080 3.086725 1.245155 0.920074 13.175602 -1.463943 -0.920936
1 0 11.050332 -97.440080 3.086725 1.285123 0.920074 13.175602 -1.465485 -0.929370
1 0 11.050332 -97.440080 3.086725 1.326470 0.920074 13.175602 -1.467081 -0.938096
1 0 11.050332 -97.440080 2.929848 1.214328 0.920074 13.175602 -1.394046 -0.884233
1 0 11.050332 -97.440080 2.929848 1.255751 0.920074 13.175602 -1.395563 -0.892894
1 0 11.050332 -97.440080 2.929848 1.297708 0.920074 13.175602 -1.397100 -0.901666
1 0 11.050332 -97.440080 2.929848 1.340586 0.920074 13.175602 -1.398670 -0.910630
1 0 11.050332 -97.440080 2.929848 1.383799 0.920074 13.175602 -1.400253 -0.919665
1 0 11.050332 -97.440080 2.929848 1.426272 0.920074 13.175602 -1.401808 -0.928545
1 0 11.050332 -97.440080 2.929848 1.468901 0.920074 13.175602 -1.403370 -0.937458
1 0 11.050332 -97.440080 2.929848 1.513133 0.920074 13.175602 -1.404989 -0.946705
1 0 11.050332 -97.440080 2.929848 1.556638 0.920074 13.175602 -1.406583 -0.955801
1 0 11.050332 -97.440080 3.154710 1.621218 0.920074 13.175602 -1.516351 -1.015766
1 0 11.050332 -97.440080 3.154710 1.666784 0.920074 13.175602 -1.518147 -1.025352
1 0 11.050332 -97.440080 3.154710 1.711491 0.920074 13.175602 -1.519910 -1.034758
1 0 11.050332 -97.440080 2.964409 1.571396 0.920074 13.175602 -1.429894 -0.967707
1 0 11.050332 -97.440080 2.964409 1.617973 0.920074 13.175602 -1.431620 -0.977396
1 0 11.050332 -97.440080 2.964409 1.664243 0.920074 13.175602 -1.433335 -0.987020
1 0 11.050332 -97.440080 2.964409 1.712509 0.920074 13.175602 -1.435123 -0.997059
1 0 11.018204 -97.443493 2.964409 1.764419 0.917312 13.174203 -1.437047 -1.007857
1 0 11.018140 -97.443492 2.964409 1.811325 0.917346 13.174219 -1.438785 -1.017613
1 0 11.018139 -97.443492 2.964409 1.860266 0.917346 13.174219 -1.440598 -1.027793
1 0 11.018139 -97.443492 2.964409 1.908986 0.917346 13.174219 -1.442404 -1.037927
1 0 11.018139 -97.443492 2.964409 1.958729 0.917346 13.174219 -1.444247 -1.048274
1 0 11.018139 -97.443492 3.387829 2.045336 0.917346 13.174219 -1.652663 -1.154744
1 0 11.018139 -97.443492 3.387829 2.095067 0.917346 13.174219 -1.654769 -1.165211
1 0 11.018139 -97.443492 3.387829 2.145138 0.917346 13.174219 -1.656890 -1.175749
1 0 11.018139 -97.443492 2.736817 1.578839 0.917346 13.174219 -1.340246 -0.925657
1 0 11.018139 -97.443492 2.736817 1.628975 0.917346 13.174219 -1.341961 -0.935801
1 0 11.018139 -97.443492 2.736817 1.679756 0.917346 13.174219 -1.343698 -0.946075
1 0 11.050267 -97.440079 2.736817 1.731169 0.920108 13.175618 -1.345457 -0.956478
1 0 11.050332 -97.440080 2.736817 1.784713 0.920074 13.175602 -1.347289 -0.967311
1 0 11.050332 -97.440080 2.736817 1.834108 0.920074 13.175602 -1.348978 -0.977305
1 0 11.050332 -97.440080 2.736817 1.886074 0.920074 13.175602 -1.350756 -0.987819
1 0 11.050332 -97.440080 2.736817 1.940718 0.920074 13.175602 -1.352626 -0.998875
1 0 11.050332 -97.440080 2.736817 1.993205 0.920074 13.175602 -1.354421 -1.009494
1 0 11.050332 -97.440080 3.281527 2.089176 0.920074 13.175602 -1.626139 -1.146530
1 0 11.050332 -97.440080 3.281527 2.140420 0.920074 13.175602 -1.628241 -1.157062
1 0 11.050332 -97.440080 3.281527 2.191469 0.920074 13.175602 -1.630335 -1.167553
1 0 11.050332 -97.440080 2.733529 1.744597 0.920074 13.175602 -1.359879 -0.961070
1 0 11.050332 -97.440080 2.733529 1.796468 0.920074 13.175602 -1.361652 -0.971375
1 0 11.050332 -97.440080 2.733529 1.849257 0.920074 13.175602 -1.363455 -0.981863
1 0 11.050332 -97.440080 2.733529 1.900086 0.920074 13.175602 -1.365192 -0.991961
1 0 11.050332 -97.440080 2.733529 1.952512 0.920074 13.175602 -1.366984 -1.002376
1 0 11.050332 -97.440080 2.733529 2.005187 0.920074 13.175602 -1.368783 -1.012841
1 0 11.050332 -97.440080 2.733529 2.055813 0.920074 13.175602 -1.370513 -1.022898
1 0 11.050332 -97.440080 2.733529 2.107865 0.920074 13.175602 -1.372292 -1.033239
1 0 11.050332 -97.440080 2.733529 2.160803 0.920074 13.175602 -1.374101 -1.043756
1 0 11.050332 -97.440080 4.226260 2.348480 0.920074 13.175602 -2.127163 -1.403260
1 0 11.050332 -97.440080 4.226260 2.400162 0.920074 13.175602 -2.129893 -1.413976
1 0 11.050332 -97.440080 4.226260 2.450364 0.920074 13.175602 -2.132545 -1.424385
1 0 11.050332 -97.440080 3.552667 1.881816 0.920074 13.175602 -1.794939 -1.172143
1 0 11.050332 -97.440080 3.552667 1.933461 0.920074 13.175602 -1.797232 -1.182417
1 0 11.050332 -97.440080 3.552667 1.983317 0.920074 13.175602 -1.799446 -1.192334
1 0 11.050332 -97.440080 3.552667 2.035543 0.920074 13.175602 -1.801766 -1.202723
1 0 11.050332 -97.440080 3.552667 2.086722 0.920074 13.175602 -1.804038 -1.212904
1 0 11.050332 -97.440080 3.552667 2.139312 0.920074 13.175602 -1.806374 -1.223365
1 0 11.050332 -97.440080 3.552667 2.188796 0.920074 13.175602 -1.808571 -1.233209
1 0 11.050332 -97.440080 3.552667 2.239268 0.920074 13.175602 -1.810813 -1.243249
1 0 11.050332 -97.440080 3.552667 2.288006 0.920074 13.175602 -1.812977 -1.252944
1 0 11.050332 -97.440080 4.477699 2.435265 0.920074 13.175602 -2.287875 -1.481275
1 0 11.050332 -97.440080 4.477699 2.485017 0.920074 13.175602 -2.290660 -1.491437
1 0 11.050332 -97.440080 4.477699 2.534094 0.920074 13.175602 -2.293407 -1.501462
1 0 11.050332 -97.440080 3.663186 1.859020 0.920074 13.175602 -1.878441 -1.198804
1 0 11.050332 -97.440080 3.663186 1.907372 0.920074 13.175602 -1.880655 -1.208188
1 0 11.050332 -97.440080 3.663186 1.956085 0.920074 13.175602 -1.882886 -1.217642
1 0 11.050332 -97.440080 3.663186 2.005369 0.920074 13.175602 -1.885142 -1.227207
1 0 11.050332 -97.440080 3.663186 2.054243 0.920074 13.175602 -1.887380 -1.236693
1 0 11.050332 -97.440080 3.663186 2.102233 0.920074 13.175602 -1.889578 -1.246006
1 0 11.050332 -97.440080 3.663186 2.150598 0.920074 13.175602 -1.891793 -1.255393
1 0 11.050332 -97.440080 3.663186 2.198148 0.920074 13.175602 -1.893970 -1.264622
1 0 11.050332 -97.440080 3.663186 2.245606 0.920074 13.175602 -1.896143 -1.273832
1 0 11.050332 -97.440080 4.722486 2.406005 0.920074 13.175602 -2.447224 -1.536809
1 0 11.050332 -97.440080 4.722486 2.452735 0.920074 13.175602 -2.449982 -1.546165
1 0 11.050332 -97.440080 4.722486 2.497426 0.920074 13.175602 -2.452620 -1.555112
1 0 11.050332 -97.440080 3.788285 1.748238 0.920074 13.175602 -1.969614 -1.213630
1 0 11.050332 -97.440080 3.788285 1.793117 0.920074 13.175602 -1.971739 -1.222091
1 0 11.050332 -97.440080 3.788285 1.837861 0.920074 13.175602 -1.973858 -1.230526
1 0 11.050332 -97.440080 3.788285 1.882685 0.920074 13.175602 -1.975980 -1.238977
1 0 11.050332 -97.440080 3.788285 1.926973 0.920074 13.175602 -1.978077 -1.247326
1 0 11.050332 -97.440080 3.788285 1.970423 0.920074 13.175602 -1.980135 -1.255518
1 0 11.050332 -97.440080 3.788285 2.013694 0.920074 13.175602 -1.982184 -1.263676
1 0 11.050332 -97.440080 3.788285 2.055930 0.920074 13.175602 -1.984184 -1.271638
1 0 11.050332 -97.440080 3.788285 2.096622 0.920074 13.175602 -1.986111 -1.279310
1 0 11.050332 -97.440080 4.941718 2.264958 0.920074 13.175602 -2.593410 -1.567864
1 0 11.050332 -97.440080 4.941718 2.304989 0.920074 13.175602 -2.595883 -1.575678
1 0 11.050332 -97.440080 4.941718 2.345611 0.920074 13.175602 -2.598392 -1.583608
1 0 11.050332 -97.440080 3.975678 1.598510 0.920074 13.175602 -2.092341 -1.237427
1 0 11.050332 -97.440080 3.975678 1.636363 0.920074 13.175602 -2.094222 -1.244359
1 0 11.050332 -97.440080 3.975678 1.673496 0.920074 13.175602 -2.096067 -1.251160
1 0 11.050332 -97.440080 3.975678 1.710145 0.920074 13.175602 -2.097889 -1.257872
1 0 11.018204 -97.443493 3.975678 1.746496 0.917312 13.174203 -2.099695 -1.264529
1 0 11.018140 -97.443492 3.975678 1.783827 0.917346 13.174219 -2.101550 -1.271366
1 0 11.018139 -97.443492 3.975678 1.818891 0.917346 13.174219 -2.103293 -1.277787
1 0 11.018139 -97.443492 3.975678 1.854903 0.917346 13.174219 -2.105082 -1.284382
1 0 11.018139 -97.443492 3.975678 1.890238 0.917346 13.174219 -2.106839 -1.290853
1 0 11.018139 -97.443492 3.975678 1.924988 0.917346 13.174219 -2.108565 -1.297217
1 0 11.018139 -97.443492 5.117369 2.086354 0.917346 13.174219 -2.716191 -1.584956
1 0 11.018139 -97.443492 5.117369 2.118200 0.917346 13.174219 -2.718228 -1.590999
1 0 11.018139 -97.443492 4.155143 1.403911 0.917346 13.174219 -2.208764 -1.253735
1 0 11.018139 -97.443492 4.155143 1.435320 0.917346 13.174219 -2.210395 -1.259318
1 0 11.018139 -97.443492 4.155143 1.466033 0.917346 13.174219 -2.211990 -1.264777
1 0 11.018139 -97.443492 4.155143 1.496115 0.917346 13.174219 -2.213553 -1.270124
1 0 11.050267 -97.440079 4.155143 1.524863 0.920108 13.175618 -2.215046 -1.275234
1 0 11.050332 -97.440080 4.155143 1.553764 0.920074 13.175602 -2.216547 -1.280371
1 0 11.050332 -97.440080 4.155143 1.581500 0.920074 13.175602 -2.217988 -1.285300
1 0 11.050332 -97.440080 4.155143 1.608688 0.920074 13.175602 -2.219400 -1.290133
1 0 11.050332 -97.440080 4.155143 1.634927 0.920074 13.175602 -2.220763 -1.294797
1 0 11.050332 -97.440080 4.155143 1.661409 0.920074 13.175602 -2.222138 -1.299504
1 0 11.050332 -97.440080 5.298522 1.818272 0.920074 13.175602 -2.835278 -1.589104
1 0 11.050332 -97.440080 5.298522 1.842248 0.920074 13.175602 -2.836866 -1.593525
1 0 11.050332 -97.440080 5.298522 1.866518 0.920074 13.175602 -2.838474 -1.598001
1 0 11.050332 -97.440080 4.394349 1.218830 0.920074 13.175602 -2.355386 -1.287696
1 0 11.050332 -97.440080 4.394349 1.241486 0.920074 13.175602 -2.356630 -1.291617
1 0 11.050332 -97.440080 4.394349 1.263329 0.920074 13.175602 -2.357830 -1.295398
1 0 11.050332 -97.440080 4.394349 1.283902 0.920074 13.175602 -2.358960 -1.298960
1 0 11.050332 -97.440080 4.394349 1.303425 0.920074 13.175602 -2.360033 -1.302339
1 0 11.050332 -97.440080 4.394349 1.322035 0.920074 13.175602 -2.361055 -1.305560
1 0 11.050332 -97.440080 4.394349 1.340469 0.920074 13.175602 -2.362067 -1.308751
1 0 11.050332 -97.440080 4.394349 1.357933 0.920074 13.175602 -2.363027 -1.311774
1 0 11.050332 -97.440080 4.394349 1.375019 0.920074 13.175602 -2.363965 -1.314732
1 0 11.050332 -97.440080 5.441755 1.514941 0.920074 13.175602 -2.928518 -1.580716
1 0 11.050332 -97.440080 5.441755 1.530376 0.920074 13.175602 -2.929568 -1.583482
1 0 11.050332 -97.440080 5.441755 1.544961 0.920074 13.175602 -2.930560 -1.586096
1 0 11.050332 -97.440080 4.271656 0.739863 0.920074 13.175602 -2.301147 -1.193190
1 0 11.050332 -97.440080 4.271656 0.752793 0.920074 13.175602 -2.301837 -1.195318
1 0 11.050332 -97.440080 4.271656 0.764865 0.920074 13.175602 -2.302482 -1.197305
1 0 11.050332 -97.440080 4.271656 0.775866 0.920074 13.175602 -2.303069 -1.199116
1 0 11.050332 -97.440080 4.271656 0.785802 0.920074 13.175602 -2.303600 -1.200751
1 0 11.050332 -97.440080 4.271656 0.794981 0.920074 13.175602 -2.304090 -1.202262
1 0 11.050332 -97.440080 4.271656 0.803531 0.920074 13.175602 -2.304546 -1.203669
1 0 11.050332 -97.440080 4.271656 0.811275 0.920074 13.175602 -2.304960 -1.204944
1 0 11.050332 -97.440080 4.271656 0.818200 0.920074 13.175602 -2.305330 -1.206084
1 0 11.050332 -97.440080 5.787442 1.004788 0.920074 13.175602 -3.123820 -1.590829
1 0 11.050332 -97.440080 5.787442 1.009961 0.920074 13.175602 -3.124194 -1.591727
1 0 11.050332 -97.440080 5.787442 1.014490 0.920074 13.175602 -3.124521 -1.592512
1 0 11.050332 -97.440080 5.449291 0.782831 0.920074 13.175602 -2.942211 -1.482281
1 0 11.050332 -97.440080 5.449291 0.785527 0.920074 13.175602 -2.942394 -1.482737
1 0 11.050332 -97.440080 5.449291 0.787476 0.920074 13.175602 -2.942527 -1.483067
1 0 11.018204 -97.443493 5.449291 0.788556 0.917312 13.174203 -2.942601 -1.483250
1 1 12.893610 -90.545884 -1.916771 -6.944709 -0.572172 11.573983 1.489204 1.650160
1 1 14.288785 -84.443567 -3.345657 -13.048910 -1.748287 10.224649 2.662508 3.037216
1 1 15.325669 -79.062060 -4.410293 -18.431857 -2.681674 9.083352 3.593580 4.211978
1 1 16.095401 -74.316120 -5.203012 -23.178990 -3.427200 8.113227 4.337188 5.211775
1 1 16.666036 -70.130568 -5.792806 -27.365535 -4.026643 7.284861 4.935033 6.066430
1 1 17.683095 -69.869536 -6.580258 -27.590617 -4.590572 6.986412 5.518959 6.360317
1 1 18.354032 -69.653606 -7.257387 -27.806869 -4.965652 6.782375 5.893374 6.563979
1 1 18.855699 -69.462118 -7.763684 -27.998607 -5.248208 6.624900 6.175544 6.721423
1 1 18.395867 -67.964726 -7.371840 -29.509459 -5.106445 6.495504 6.026764 6.831960
1 1 18.081270 -66.637966 -7.051169 -30.835907 -5.030642 6.357511 5.951513 6.977758
1 1 17.846882 -65.467725 -6.811750 -32.005881 -4.986902 6.224960 5.908193 7.117099
1 1 17.672368 -64.435519 -6.633089 -33.037867 -4.965610 6.099941 5.887247 7.248051
1 1 17.542550 -63.525045 -6.499833 -33.948157 -4.959767 5.983602 5.881690 7.369581
1 1 17.446087 -62.721934 -6.400499 -34.751116 -4.964294 5.876444 5.886456 7.481286
1 1 17.351110 -61.955428 -6.291543 -35.516444 -4.960028 5.781928 5.883420 7.584224
1 1 17.276327 -61.279732 -6.214505 -36.192021 -4.967328 5.690098 5.890900 7.679825
1 1 17.220827 -60.683682 -6.157119 -36.787971 -4.979382 5.606461 5.903111 7.766774
1 1 17.454638 -61.663165 -6.259834 -35.791103 -5.036072 5.708051 5.971119 7.658582
1 1 17.575539 -62.533661 -6.387194 -34.920960 -5.039842 5.820181 5.974264 7.541324
1 1 17.664259 -63.300537 -6.481558 -34.154389 -5.033621 5.923436 5.967572 7.433625
1 1 17.284994 -63.273450 -6.151541 -34.189305 -4.832075 6.014342 5.761208 7.324350
1 1 17.020764 -63.246435 -5.885067 -34.216203 -4.692231 6.076342 5.621584 7.262995
1 1 16.823031 -63.222865 -5.685600 -34.239680 -4.587817 6.122190 5.517314 7.217636
1 1 16.675049 -63.202271 -5.536308 -34.260203 -4.509881 6.156019 5.439487 7.184188
1 1 16.561859 -63.307527 -5.444141 -34.156948 -4.455174 6.194602 5.382988 7.143864
1 1 16.485019 -63.399566 -5.367125 -34.064897 -4.407513 6.228983 5.335356 7.109189
1 1 16.427391 -63.480795 -5.309405 -33.983664 -4.370915 6.256765 5.298765 7.081124
1 1 16.384147 -63.552471 -5.266145 -33.911987 -4.342702 6.279367 5.270554 7.058257
1 1 16.351685 -63.615711 -5.233714 -33.848749 -4.320863 6.297877 5.248712 7.039502
1 1 16.327303 -63.671501 -5.209396 -33.792962 -4.303880 6.313137 5.231723 7.024018
1 1 15.936949 -61.621378 -4.999652 -35.867171 -4.237916 6.075828 5.150179 7.271976
1 1 12.651134 -54.831259 -2.083455 -42.704535 -2.883836 5.857454 3.761645 7.384153
1 1 10.283794 -48.866188 0.192534 -48.674168 -2.039150 5.468732 2.909541 7.765776
1 1 8.506522 -43.642574 1.890504 -53.901719 -1.457941 5.054151 2.321751 8.174745
1 1 7.048006 -38.448793 3.154130 -59.109943 -1.045391 4.564553 1.892825 8.655215
1 1 5.992461 -33.905180 4.132166 -63.657359 -0.802560 4.080980 1.643629 9.134439
1 1 5.199687 -29.934406 4.857528 -67.631448 -0.659830 3.625851 1.495305 9.586076
1 1 2.268210 -23.422569 6.750542 -74.221283 0.448267 3.288547 0.297182 9.578202
1 1 0.415441 -17.812143 8.426597 -79.839792 1.042453 2.829196 -0.311089 10.002310
1 1 -0.943151 -13.006039 9.636577 -84.652762 1.429001 2.378386 -0.709914 10.423936
1 1 -2.081522 -7.641650 10.642598 -90.014697 1.677467 1.788195 -0.969083 10.981990
1 1 -1.496070 -3.740174 9.939750 -93.927502 1.076565 0.994514 -0.380211 11.760426
1 1 -0.299452 -0.748631 8.659220 -96.926026 0.215485 0.199061 0.472744 12.548622
1 1 0.000000 0.000000 8.337567 -97.687839 -0.000000 -0.000000 0.687455 12.747923
1 1 0.000000 -0.000000 8.337305 -97.692201 -0.000000 0.000000 0.687829 12.748656
1 1 0.000000 0.000000 8.337306 -97.692226 -0.000000 -0.000000 0.687830 12.748659
1 1 0.000000 0.000000 8.240443 -97.699888 -0.000000 -0.000000 0.679645 12.744523
1 1 -0.000000 -0.000000 8.240252 -97.699885 0.000000 0.000000 0.679748 12.744572
1 1 0.000000 0.000000 8.240252 -97.699885 -0.000000 -0.000000 0.679748 12.744572
1 1 0.000000 0.000000 8.304052 -97.694818 -0.000000 -0.000000 0.685383 12.767755
1 1 0.000000 0.000000 8.304177 -97.694820 -0.000000 -0.000000 0.685315 12.767723
1 1 0.000000 0.000000 8.304178 -97.694820 -0.000000 -0.000000 0.685315 12.767723
1 1 0.000000 -0.000000 8.304178 -97.694820 -0.000000 -0.000000 0.685315 12.767723
1 1 0.000000 0.000000 8.304178 -97.694820 -0.000000 -0.000000 0.685315 12.767723
1 1 0.000000 0.000000 8.304178 -97.694820 -0.000000 -0.000000 0.685315 12.767723
1 1 -0.000000 -0.000000 8.304178 -97.694820 0.000000 0.000000 0.685315 12.767723
1 1 -0.000000 -0.000000 8.304178 -97.694820 0.000000 0.000000 0.685315 12.767723
1 1 -0.000000 -0.000000 8.304178 -97.694820 0.000000 0.000000 0.685315 12.767723
1 1 -0.000000 0.000000 8.271894 -97.697373 0.000000 0.000000 0.682585 12.766343
1 1 -0.000000 0.000000 8.271830 -97.697372 0.000000 -0.000000 0.682620 12.766359
1 1 0.000000 0.000000 8.271830 -97.697372 -0.000000 -0.000000 0.682620 12.766359
1 1 -0.000000 -0.000000 8.239930 -97.699901 0.000000 0.000000 0.679802 12.754768
1 1 -0.000000 -0.000000 8.239867 -97.699900 0.000000 0.000000 0.679836 12.754784
1 1 -0.000000 -0.000000 8.239867 -97.699900 0.000000 0.000000 0.679836 12.754784
1 1 -0.000000 -0.000000 8.239867 -97.699900 0.000000 0.000000 0.679836 12.754784
1 1 -0.000000 -0.000000 8.239867 -97.699900 0.000000 0.000000 0.679836 12.754784
1 1 0.000000 0.000000 8.239867 -97.699900 -0.000000 -0.000000 0.679836 12.754784
1 1 -0.000000 -0.000000 8.239867 -97.699900 0.000000 0.000000 0.679836 12.754784
1 1 0.000000 -0.000000 8.239867 -97.699900 -0.000000 -0.000000 0.679836 12.754784
1 1 0.000000 -0.000000 8.239867 -97.699900 -0.000000 -0.000000 0.679836 12.754784
1 1 0.000000 0.000000 8.917660 -97.644354 -0.000000 -0.000000 0.737190 12.783787
1 1 0.000000 -0.000000 8.919001 -97.644391 -0.000000 -0.000000 0.736467 12.783447
1 1 0.000000 -0.000000 8.919003 -97.644392 -0.000000 -0.000000 0.736465 12.783447
1 1 -0.000000 0.000000 8.648132 -97.667261 0.000000 0.000000 0.712454 12.684810
1 1 -0.000000 0.000000 8.647599 -97.667255 0.000000 0.000000 0.712742 12.684947
1 1 -0.000000 0.000000 8.647598 -97.667254 0.000000 0.000000 0.712743 12.684947
1 1 -0.000000 -0.000000 8.647598 -97.667254 0.000000 0.000000 0.712743 12.684947
1 1 -0.428818 -1.072045 9.090210 -96.601532 0.300638 0.283320 0.413962 12.407883
1 1 -0.795004 -1.987510 9.468506 -95.685371 0.557365 0.525258 0.158304 12.170269
1 1 -1.108619 -2.771546 9.792490 -94.900717 0.777236 0.732463 -0.060650 11.966766
1 1 -0.996729 -2.491822 9.686721 -95.173911 0.704744 0.664490 0.011772 12.035804
1 1 -0.902890 -2.257225 9.588902 -95.408728 0.638394 0.601930 0.077764 12.096927
1 1 -0.822803 -2.057008 9.505404 -95.609138 0.581769 0.548539 0.134094 12.149098
1 1 -0.776512 -1.941280 9.488793 -95.722697 0.549038 0.517678 0.169362 12.180712
1 1 -0.739254 -1.848134 9.450037 -95.815973 0.522694 0.492839 0.195540 12.204973
1 1 -0.686087 -1.715217 9.347447 -95.952619 0.485102 0.457394 0.228727 12.222352
1 1 -0.637307 -1.593268 9.296495 -96.074625 0.450612 0.424874 0.263082 12.254125
1 1 -0.595680 -1.489201 9.253090 -96.178793 0.421180 0.397123 0.292360 12.281228
1 1 -0.560154 -1.400386 9.216047 -96.267694 0.396061 0.373439 0.317347 12.304358
1 1 -1.327338 -3.318345 9.988706 -94.362349 0.921832 0.878849 -0.206662 11.814114
0 1 5.146495 0.506147 8.633019 -97.649640 -2.779083 -1.374425 0.709672 12.665775
0 1 5.146495 0.504925 8.632014 -97.668449 -2.779005 -1.374224 0.711255 12.668904
0 1 5.299256 0.603882 8.632022 -97.668560 -2.861359 -1.423290 0.711257 12.668919
0 1 5.299256 0.600947 8.632022 -97.668561 -2.861164 -1.422802 0.711257 12.668919
0 1 5.299256 0.597260 8.632022 -97.668561 -2.860920 -1.422188 0.711257 12.668919
0 1 5.299256 0.592793 8.567441 -97.673862 -2.860624 -1.421445 0.705803 12.666161
0 1 5.299256 0.587412 8.567313 -97.673860 -2.860268 -1.420550 0.705872 12.666194
0 1 5.299256 0.581062 8.567313 -97.673860 -2.859847 -1.419493 0.705872 12.666194
0 1 5.299256 0.574111 8.615152 -97.669912 -2.859387 -1.418336 0.710100 12.683607
0 1 5.299256 0.566071 8.615246 -97.669914 -2.858854 -1.416998 0.710049 12.683583
0 1 5.299256 0.557310 8.615246 -97.669914 -2.858274 -1.415541 0.710049 12.683583
0 1 5.071715 0.519943 8.615246 -97.669914 -2.734930 -1.356318 0.710049 12.683583
0 1 5.071715 0.509549 8.615246 -97.669914 -2.734271 -1.354602 0.710049 12.683583
0 1 5.071715 0.498457 8.615246 -97.669914 -2.733568 -1.352772 0.710049 12.683583
0 1 5.170932 0.551952 8.615246 -97.669914 -2.786254 -1.382892 0.710049 12.683583
0 1 5.170932 0.539270 8.615246 -97.669914 -2.785434 -1.380783 0.710049 12.683583
0 1 5.170932 0.525613 8.615246 -97.669914 -2.784552 -1.378512 0.710049 12.683583
0 1 5.170932 0.511155 8.679820 -97.664583 -2.783617 -1.376107 0.715506 12.686343
0 1 5.170932 0.496310 8.679947 -97.664585 -2.782657 -1.373639 0.715437 12.686311
0 1 5.170932 0.480126 8.679947 -97.664585 -2.781611 -1.370947 0.715437 12.686311
0 1 5.170932 0.463240 8.695891 -97.663254 -2.780520 -1.368139 0.716848 12.692117
0 1 5.170932 0.445962 8.695923 -97.663255 -2.779403 -1.365265 0.716831 12.692109
0 1 5.170932 0.427462 8.695923 -97.663255 -2.778207 -1.362189 0.716831 12.692109
0 1 5.138463 0.403963 8.695923 -97.663255 -2.759506 -1.350748 0.716831 12.692109
0 1 5.138463 0.383987 8.695923 -97.663255 -2.758223 -1.347430 0.716831 12.692109
0 1 5.138463 0.363579 8.695923 -97.663255 -2.756912 -1.344040 0.716831 12.692109
0 1 5.138463 0.342046 8.695923 -97.663255 -2.755529 -1.340463 0.716831 12.692109
0 1 5.138463 0.319950 8.695923 -97.663255 -2.754110 -1.336792 0.716831 12.692109
0 1 5.138463 0.296213 8.695923 -97.663255 -2.752585 -1.332849 0.716831 12.692109
0 1 5.138463 0.271846 8.663640 -97.665930 -2.751020 -1.328802 0.714101 12.690727
0 1 5.138463 0.246870 8.663577 -97.665929 -2.749416 -1.324653 0.714136 12.690744
0 1 5.138463 0.221767 8.663576 -97.665929 -2.747803 -1.320483 0.714136 12.690744
0 1 5.138463 0.195525 8.631685 -97.668578 -2.746118 -1.316123 0.711316 12.679134
0 1 5.138463 0.169456 8.631622 -97.668577 -2.744443 -1.311793 0.711350 12.679150
0 1 5.138463 0.140426 8.631622 -97.668577 -2.742579 -1.306971 0.711350 12.679150
0 1 5.154700 0.113832 8.631622 -97.668577 -2.749404 -1.306293 0.711350 12.679150
0 1 5.154700 0.084726 8.631622 -97.668577 -2.747529 -1.301455 0.711350 12.679150
0 1 5.154700 0.055310 8.631622 -97.668577 -2.745634 -1.296566 0.711350 12.679150
0 1 5.208003 0.060482 8.631622 -97.668577 -2.772046 -1.308462 0.711350 12.679150
0 1 5.208003 0.028894 8.631622 -97.668577 -2.769990 -1.303191 0.711350 12.679150
0 1 5.208003 -0.003296 8.631622 -97.668577 -2.767894 -1.297819 0.711350 12.679150
0 1 5.208003 -0.034966 8.631622 -97.668577 -2.765832 -1.292534 0.711350 12.679150
0 1 5.208003 -0.067279 8.631622 -97.668577 -2.763729 -1.287142 0.711350 12.679150
0 1 5.208003 -0.101608 8.631622 -97.668577 -2.761494 -1.281413 0.711350 12.679150
0 1 5.208003 -0.135309 8.631622 -97.668577 -2.759300 -1.275789 0.711350 12.679150
0 1 5.208003 -0.170811 8.631622 -97.668577 -2.756989 -1.269864 0.711350 12.679150
0 1 5.208003 -0.206205 8.631622 -97.668577 -2.754685 -1.263958 0.711350 12.679150
0 1 5.208003 -0.241374 8.631622 -97.668577 -2.752395 -1.258089 0.711350 12.679150
0 1 5.143115 -0.286657 8.631622 -97.668577 -2.715699 -1.235773 0.711350 12.679150
0 1 5.143115 -0.323962 8.631622 -97.668577 -2.713301 -1.229562 0.711350 12.679150
0 1 5.203981 -0.321402 8.631622 -97.668577 -2.742927 -1.242283 0.711350 12.679150
0 1 5.203981 -0.358678 8.631622 -97.668577 -2.740502 -1.236048 0.711350 12.679150
0 1 5.203981 -0.397831 8.631622 -97.668577 -2.737956 -1.229499 0.711350 12.679150
0 1 5.203981 -0.436804 8.631622 -97.668577 -2.735420 -1.222981 0.711350 12.679150
0 1 5.203981 -0.475675 8.631622 -97.668577 -2.732892 -1.216479 0.711350 12.679150
0 1 5.203981 -0.516113 8.631622 -97.668577 -2.730261 -1.209716 0.711350 12.679150
0 1 5.203981 -0.557726 8.631622 -97.668577 -2.727554 -1.202756 0.711350 12.679150
0 1 5.203981 -0.600143 8.631622 -97.668577 -2.724795 -1.195661 0.711350 12.679150
0 1 5.203981 -0.642048 8.631622 -97.668577 -2.722069 -1.188652 0.711350 12.679150
0 1 5.203981 -0.685409 8.631622 -97.668577 -2.719249 -1.181400 0.711350 12.679150
0 1 4.976996 -0.754850 8.631622 -97.668577 -2.598013 -1.118689 0.711350 12.679150
0 1 4.976996 -0.799141 8.631622 -97.668577 -2.595258 -1.111340 0.711350 12.679150
0 1 4.976996 -0.842292 8.631622 -97.668577 -2.592573 -1.104180 0.711350 12.679150
0 1 5.204948 -0.732583 8.631622 -97.668577 -2.708485 -1.167301 0.711350 12.679150
0 1 5.204948 -0.777594 8.631622 -97.668577 -2.705556 -1.159704 0.711350 12.679150
0 1 5.204948 -0.821548 8.631622 -97.668577 -2.702697 -1.152286 0.711350 12.679150
0 1 5.204948 -0.866283 8.631622 -97.668577 -2.699786 -1.144736 0.711350 12.679150
0 1 5.204948 -0.912493 8.631622 -97.668577 -2.696779 -1.136937 0.711350 12.679150
0 1 5.204948 -0.959810 8.647567 -97.667254 -2.693701 -1.128951 0.712760 12.684955
0 1 5.204948 -1.006689 8.647598 -97.667254 -2.690651 -1.121039 0.712743 12.684947
0 1 5.204948 -1.054201 8.647598 -97.667254 -2.687560 -1.113020 0.712743 12.684947
0 1 5.204948 -1.100768 8.647598 -97.667254 -2.684530 -1.105161 0.712743 12.684947
0 1 4.606534 -1.216597 8.647598 -97.667254 -2.373207 -0.952330 0.712743 12.684947
0 1 4.606534 -1.264560 8.647598 -97.667254 -2.370445 -0.944404 0.712743 12.684947
0 1 4.606534 -1.313815 8.647598 -97.667254 -2.367609 -0.936264 0.712743 12.684947
0 1 5.099084 -1.027332 8.647598 -97.667254 -2.617739 -1.079323 0.712743 12.684947
0 1 5.099084 -1.077216 8.647598 -97.667254 -2.614560 -1.070772 0.712743 12.684947
0 1 5.099084 -1.127162 8.647598 -97.667254 -2.611376 -1.062210 0.712743 12.684947
0 1 5.099084 -1.175613 8.615310 -97.669915 -2.608288 -1.053905 0.710015 12.683567
0 1 5.099084 -1.225577 8.615247 -97.669914 -2.605103 -1.045341 0.710049 12.683583
0 1 5.099084 -1.276355 8.631194 -97.668593 -2.601867 -1.036637 0.711460 12.689390
0 1 5.099084 -1.325013 8.631225 -97.668593 -2.598766 -1.028296 0.711443 12.689382
0 1 5.099084 -1.374767 8.631225 -97.668593 -2.595594 -1.019767 0.711443 12.689382
0 1 5.099084 -1.424313 8.631225 -97.668593 -2.592436 -1.011274 0.711443 12.689382
0 1 4.134262 -1.582565 8.631225 -97.668593 -2.099192 -0.771545 0.711443 12.689382
0 1 4.134262 -1.634227 8.631225 -97.668593 -2.096522 -0.762983 0.711443 12.689382
0 1 4.134262 -1.685793 8.631225 -97.668593 -2.093857 -0.754436 0.711443 12.689382
0 1 4.932147 -1.183231 8.631225 -97.668593 -2.494888 -0.991396 0.711443 12.689382
0 1 4.932147 -1.234483 8.631225 -97.668593 -2.491728 -0.982391 0.711443 12.689382
0 1 4.932147 -1.285095 8.631225 -97.668593 -2.488608 -0.973498 0.711443 12.689382
0 1 4.932147 -1.335324 8.631225 -97.668593 -2.485511 -0.964672 0.711443 12.689382
0 1 4.932147 -1.386960 8.631225 -97.668593 -2.482328 -0.955599 0.711443 12.689382
0 1 4.932147 -1.438038 8.631225 -97.668593 -2.479178 -0.946625 0.711443 12.689382
0 1 4.932147 -1.493413 8.615278 -97.669914 -2.475765 -0.936895 0.710032 12.683575
0 1 4.932147 -1.544891 8.615247 -97.669914 -2.472591 -0.927850 0.710049 12.683583
0 1 4.932147 -1.596346 8.615246 -97.669914 -2.469419 -0.918809 0.710049 12.683583
0 1 3.770528 -1.768245 8.615246 -97.669914 -1.885431 -0.636329 0.710049 12.683583
0 1 3.770528 -1.821172 8.615246 -97.669914 -1.882936 -0.627391 0.710049 12.683583
0 1 3.770528 -1.873534 8.615246 -97.669914 -1.880468 -0.618549 0.710049 12.683583
0 1 5.307475 -0.784996 8.615246 -97.669914 -2.643642 -1.092824 0.710049 12.683583
0 1 5.307475 -0.842583 8.615246 -97.669914 -2.639821 -1.081993 0.710049 12.683583
0 1 5.307475 -0.895092 8.615246 -97.669914 -2.636338 -1.072117 0.710049 12.683583
0 1 5.307475 -0.945654 8.615246 -97.669914 -2.632983 -1.062607 0.710049 12.683583
0 1 5.307475 -0.997361 8.615246 -97.669914 -2.629553 -1.052882 0.710049 12.683583
0 1 5.307475 -1.047402 8.615246 -97.669914 -2.626233 -1.043470 0.710049 12.683583
0 1 5.307475 -1.098210 8.615246 -97.669914 -2.622862 -1.033914 0.710049 12.683583
0 1 5.307475 -1.148725 8.615246 -97.669914 -2.619511 -1.024413 0.710049 12.683583
0 1 5.307475 -1.200914 8.615246 -97.669914 -2.616048 -1.014598 0.710049 12.683583
0 1 4.065142 -1.393883 8.615246 -97.669914 -2.001166 -0.720895 0.710049 12.683583
0 1 4.065142 -1.444894 8.615246 -97.669914 -1.998574 -0.711670 0.710049 12.683583
0 1 4.065142 -1.495189 8.615246 -97.669914 -1.996019 -0.702573 0.710049 12.683583
0 1 4.749426 -1.009303 8.615246 -97.669914 -2.328984 -0.913732 0.710049 12.683583
0 1 4.749426 -1.059670 8.615246 -97.669914 -2.325994 -0.904192 0.710049 12.683583
0 1 4.749426 -1.109385 8.615246 -97.669914 -2.323042 -0.894775 0.710049 12.683583
0 1 4.749426 -1.159572 8.615246 -97.669914 -2.320063 -0.885269 0.710049 12.683583
0 1 4.749426 -1.209297 8.615246 -97.669914 -2.317111 -0.875850 0.710049 12.683583
0 1 4.749426 -1.258576 8.615246 -97.669914 -2.314185 -0.866516 0.710049 12.683583
0 1 4.749426 -1.308226 8.615246 -97.669914 -2.311237 -0.857112 0.710049 12.683583
0 1 4.749426 -1.356270 8.615246 -97.669914 -2.308385 -0.848012 0.710049 12.683583
0 1 4.749426 -1.405152 8.615246 -97.669914 -2.305483 -0.838752 0.710049 12.683583
0 1 2.193474 -1.675276 8.615246 -97.669914 -1.063387 -0.243538 0.710049 12.683583
0 1 2.193474 -1.723256 8.615246 -97.669914 -1.062072 -0.235174 0.710049 12.683583
0 1 2.193474 -1.770718 8.615246 -97.669914 -1.060770 -0.226901 0.710049 12.683583
0 1 2.906531 -1.287238 8.615246 -97.669914 -1.403943 -0.454576 0.710049 12.683583
0 1 2.906531 -1.334551 8.615246 -97.669914 -1.402224 -0.445907 0.710049 12.683583
0 1 2.906531 -1.380614 8.615246 -97.669914 -1.400551 -0.437467 0.710049 12.683583
0 1 2.906531 -1.425435 8.647534 -97.667253 -1.398922 -0.429255 0.712777 12.684963
0 1 2.906531 -1.471601 8.647598 -97.667254 -1.397245 -0.420796 0.712743 12.684947
0 1 2.906531 -1.515957 8.647598 -97.667254 -1.395633 -0.412669 0.712743 12.684947
0 1 2.906531 -1.560733 8.647598 -97.667254 -1.394007 -0.404465 0.712743 12.684947
0 1 2.906531 -1.606109 8.647598 -97.667254 -1.392358 -0.396151 0.712743 12.684947
0 1 2.906531 -1.650307 8.647598 -97.667254 -1.390752 -0.388052 0.712743 12.684947
0 1 2.906531 -1.692557 8.647598 -97.667254 -1.389217 -0.380311 0.712743 12.684947
0 1 1.595254 -1.809609 8.647598 -97.667254 -0.761612 -0.071038 0.712743 12.684947
0 1 1.595254 -1.852357 8.647598 -97.667254 -0.760760 -0.063542 0.712743 12.684947
0 1 2.320547 -1.351855 8.647598 -97.667254 -1.105397 -0.299834 0.712743 12.684947
0 1 2.320547 -1.393042 8.647598 -97.667254 -1.104203 -0.292239 0.712743 12.684947
0 1 2.320547 -1.433532 8.647598 -97.667254 -1.103028 -0.284772 0.712743 12.684947
0 1 2.320547 -1.474906 8.647598 -97.667254 -1.101828 -0.277143 0.712743 12.684947
0 1 2.320547 -1.515036 8.647598 -97.667254 -1.100664 -0.269742 0.712743 12.684947
0 1 2.320547 -1.555003 8.647598 -97.667254 -1.099505 -0.262372 0.712743 12.684947
0 1 2.320547 -1.594724 8.647598 -97.667254 -1.098352 -0.255048 0.712743 12.684947
0 1 2.320547 -1.633012 8.647598 -97.667254 -1.097242 -0.247987 0.712743 12.684947
0 1 2.320547 -1.669751 8.647598 -97.667254 -1.096176 -0.241212 0.712743 12.684947
0 1 2.320547 -1.707802 8.647598 -97.667254 -1.095072 -0.234196 0.712743 12.684947
0 1 1.115393 -1.795841 8.647598 -97.667254 -0.525860 0.047945 0.712743 12.684947
0 1 1.115393 -1.831761 8.647598 -97.667254 -0.525360 0.054306 0.712743 12.684947
0 1 1.115393 -1.867943 8.647598 -97.667254 -0.524855 0.060713 0.712743 12.684947
0 1 1.800800 -1.382224 8.647598 -97.667254 -0.846597 -0.167721 0.712743 12.684947
0 1 1.800800 -1.417089 8.647598 -97.667254 -0.845813 -0.161248 0.712743 12.684947
0 1 1.800800 -1.451114 8.647598 -97.667254 -0.845047 -0.154931 0.712743 12.684947
0 1 1.800800 -1.484095 8.647598 -97.667254 -0.844304 -0.148807 0.712743 12.684947
0 1 1.800800 -1.516771 8.647598 -97.667254 -0.843569 -0.142740 0.712743 12.684947
0 1 1.800800 -1.548855 8.647598 -97.667254 -0.842847 -0.136784 0.712743 12.684947
0 1 1.800800 -1.579623 8.647598 -97.667254 -0.842154 -0.131071 0.712743 12.684947
0 1 1.800800 -1.609411 8.647598 -97.667254 -0.841483 -0.125541 0.712743 12.684947
0 1 1.800800 -1.639517 8.647598 -97.667254 -0.840806 -0.119951 0.712743 12.684947
0 1 0.699531 -1.703269 8.647598 -97.667254 -0.326367 0.136340 0.712743 12.684947
0 1 0.699531 -1.732103 8.647598 -97.667254 -0.326115 0.141499 0.712743 12.684947
0 1 0.699531 -1.759965 8.647598 -97.667254 -0.325871 0.146485 0.712743 12.684947
0 1 1.295000 -1.329386 8.647598 -97.667254 -0.602836 -0.056652 0.712743 12.684947
0 1 1.295000 -1.354826 8.647598 -97.667254 -0.602424 -0.051910 0.712743 12.684947
0 1 1.295000 -1.379260 8.647598 -97.667254 -0.602029 -0.047356 0.712743 12.684947
0 1 1.295000 -1.403643 8.647598 -97.667254 -0.601634 -0.042811 0.712743 12.684947
0 1 1.295000 -1.427310 8.647598 -97.667254 -0.601251 -0.038400 0.712743 12.684947
0 1 1.295000 -1.450745 8.647598 -97.667254 -0.600871 -0.034032 0.712743 12.684947
0 1 1.295000 -1.472949 8.647598 -97.667254 -0.600512 -0.029894 0.712743 12.684947
0 1 1.295000 -1.494044 8.647598 -97.667254 -0.600171 -0.025962 0.712743 12.684947
0 1 1.295000 -1.514150 8.647598 -97.667254 -0.599845 -0.022215 0.712743 12.684947
0 1 0.294127 -1.554643 8.647598 -97.667254 -0.136167 0.209640 0.712743 12.684947
0 1 0.294127 -1.574148 8.647598 -97.667254 -0.136095 0.213155 0.712743 12.684947
0 1 0.294127 -1.592773 8.647598 -97.667254 -0.136027 0.216512 0.712743 12.684947
0 1 0.765409 -1.246865 8.647598 -97.667254 -0.353816 0.051964 0.712743 12.684947
0 1 0.765409 -1.263370 8.647598 -97.667254 -0.353658 0.055036 0.712743 12.684947
0 1 0.765409 -1.278907 8.647598 -97.667254 -0.353510 0.057928 0.712743 12.684947
0 1 0.765409 -1.294070 8.647598 -97.667254 -0.353365 0.060750 0.712743 12.684947
0 1 0.765409 -1.308155 8.647598 -97.667254 -0.353230 0.063371 0.712743 12.684947
0 1 0.765409 -1.322051 8.647598 -97.667254 -0.353097 0.065957 0.712743 12.684947
0 1 0.765409 -1.334963 8.647598 -97.667254 -0.352973 0.068361 0.712743 12.684947
0 1 0.765409 -1.346780 8.647598 -97.667254 -0.352860 0.070560 0.712743 12.684947
0 1 0.765409 -1.357621 8.647598 -97.667254 -0.352756 0.072578 0.712743 12.684947
0 1 -0.022159 -1.375393 8.647598 -97.667254 0.010210 0.254557 0.712743 12.684947
0 1 -0.022159 -1.384686 8.647598 -97.667254 0.010207 0.256241 0.712743 12.684947
0 1 -0.022159 -1.393586 8.647598 -97.667254 0.010205 0.257854 0.712743 12.684947
0 1 0.640005 -0.880989 8.647598 -97.667254 -0.294672 0.018106 0.712743 12.684947
0 1 0.640005 -0.887994 8.647598 -97.667254 -0.294616 0.019434 0.712743 12.684947
0 1 0.640005 -0.894123 8.647598 -97.667254 -0.294567 0.020595 0.712743 12.684947
0 1 0.640005 -0.899463 8.647598 -97.667254 -0.294524 0.021607 0.712743 12.684947
0 1 0.640005 -0.904134 8.647598 -97.667254 -0.294486 0.022492 0.712743 12.684947
0 1 0.640005 -0.907984 8.647598 -97.667254 -0.294456 0.023222 0.712743 12.684947
0 1 0.640005 -0.910899 8.647598 -97.667254 -0.294432 0.023774 0.712743 12.684947
0 1 0.640005 -0.912954 8.647598 -97.667254 -0.294416 0.024164 0.712743 12.684947
0 1 0.640005 -0.914230 8.647598 -97.667254 -0.294406 0.024405 0.712743 12.684947
0 1 0.050084 -0.920029 8.647598 -97.667254 -0.023038 0.159187 0.712743 12.684947
0 1 0.050084 -0.919585 8.647598 -97.667254 -0.023039 0.159104 0.712743 12.684947
0 1 0.050084 -0.918268 8.647598 -97.667254 -0.023040 0.158860 0.712743 12.684947
0 1 0.214812 -0.784969 8.647598 -97.667254 -0.098824 0.097261 0.712743 12.684947
0 1 0.214812 -0.782032 8.647598 -97.667254 -0.098832 0.096709 0.712743 12.684947
0 1 0.214812 -0.778151 8.647598 -97.667254 -0.098842 0.095980 0.712743 12.684947
0 1 0.214812 -0.773523 8.647598 -97.667254 -0.098855 0.095111 0.712743 12.684947
0 1 0.214812 -0.768037 8.647598 -97.667254 -0.098869 0.094080 0.712743 12.684947
0 1 0.214812 -0.761914 8.647598 -97.667254 -0.098886 0.092929 0.712743 12.684947
0 1 0.214812 -0.754827 8.631654 -97.668578 -0.098905 0.091597 0.711333 12.679142
0 1 0.214812 -0.746735 8.631622 -97.668577 -0.098927 0.090077 0.711350 12.679150
0 1 0.214812 -0.737756 8.631622 -97.668577 -0.098951 0.088390 0.711350 12.679150
0 1 0.214812 -0.728173 8.631622 -97.668577 -0.098976 0.086589 0.711350 12.679150
0 1 -0.229703 -0.717673 8.631622 -97.668577 0.105867 0.187085 0.711350 12.679150
0 1 -0.229703 -0.706745 8.631622 -97.668577 0.105899 0.185062 0.711350 12.679150
0 1 -0.172138 -0.649404 8.631622 -97.668577 0.079386 0.161227 0.711350 12.679150
0 1 -0.172138 -0.636530 8.631622 -97.668577 0.079414 0.158834 0.711350 12.679150
0 1 -0.172138 -0.622559 8.631622 -97.668577 0.079444 0.156238 0.711350 12.679150
0 1 -0.172138 -0.606687 8.663910 -97.665911 0.079478 0.153288 0.714079 12.680532
0 1 -0.172138 -0.591746 8.663974 -97.665913 0.079510 0.150512 0.714044 12.680515
0 1 -0.172138 -0.575313 8.663974 -97.665913 0.079545 0.147458 0.714044 12.680515
0 1 -0.172138 -0.558430 8.663974 -97.665913 0.079582 0.144320 0.714044 12.680515
0 1 -0.172138 -0.540403 8.663974 -97.665913 0.079620 0.140970 0.714044 12.680515
0 1 -0.172138 -0.522422 8.663974 -97.665913 0.079659 0.137628 0.714044 12.680515
0 1 -0.172138 -0.503133 8.663974 -97.665913 0.079701 0.134043 0.714044 12.680515
0 1 -0.157815 -0.482628 8.663974 -97.665913 0.073110 0.126892 0.714044 12.680515
0 1 -0.157815 -0.462375 8.663974 -97.665913 0.073150 0.123126 0.714044 12.680515
0 1 -0.165002 -0.446455 8.663974 -97.665913 0.076526 0.121830 0.714044 12.680515
0 1 -0.165002 -0.424293 8.663974 -97.665913 0.076571 0.117711 0.714044 12.680515
0 1 -0.165002 -0.400718 8.663974 -97.665913 0.076620 0.113330 0.714044 12.680515
0 1 -0.165002 -0.376733 8.631686 -97.668578 0.076669 0.108872 0.711316 12.679134
0 1 -0.165002 -0.352363 8.631622 -97.668577 0.076720 0.104343 0.711350 12.679150
0 1 -0.165002 -0.327324 8.631622 -97.668577 0.076771 0.099690 0.711350 12.679150
0 1 -0.165002 -0.300984 8.647567 -97.667254 0.076826 0.094795 0.712760 12.684955
0 1 -0.165002 -0.274371 8.647598 -97.667254 0.076881 0.089849 0.712743 12.684947