1 0 11.336709 -97.482851 3.890128 1.492568 0.940870 13.241208 -2.062230 -1.204303
1 0 11.336709 -97.482851 3.890128 1.525803 0.940870 13.241208 -2.063846 -1.210238
1 0 11.336709 -97.482851 3.890128 1.559738 0.940870 13.241208 -2.065496 -1.216298
1 0 11.352351 -97.481115 3.890128 1.591526 0.942397 13.247035 -2.067042 -1.221974
1 0 11.352538 -97.481117 3.890128 1.622837 0.942297 13.246989 -2.068564 -1.227565
1 0 11.352541 -97.481118 3.890128 1.654373 0.942296 13.246988 -2.070098 -1.233197
1 0 11.352541 -97.481118 4.965687 1.800830 0.942296 13.246988 -2.644303 -1.506191
1 0 11.352541 -97.481118 4.965687 1.830529 0.942296 13.246988 -2.646146 -1.511681
1 0 11.352541 -97.481118 4.965687 1.858888 0.942296 13.246988 -2.647907 -1.516923
1 0 11.352541 -97.481118 4.159701 1.283905 0.942296 13.246988 -2.219617 -1.238652
1 0 11.352541 -97.481118 4.159701 1.311403 0.942296 13.246988 -2.221047 -1.243459
1 0 11.352541 -97.481118 4.159701 1.338812 0.942296 13.246988 -2.222472 -1.248249
1 0 11.352541 -97.481118 4.159701 1.365382 0.942296 13.246988 -2.223853 -1.252893
1 0 11.352541 -97.481118 4.159701 1.390661 0.942296 13.246988 -2.225168 -1.257311
1 0 11.352541 -97.481118 4.159701 1.415607 0.942296 13.246988 -2.226465 -1.261671
1 0 11.352541 -97.481118 4.159701 1.439923 0.942296 13.246988 -2.227729 -1.265921
1 0 11.352541 -97.481118 4.159701 1.462768 0.942296 13.246988 -2.228917 -1.269914
1 0 11.352541 -97.481118 4.159701 1.485662 0.942296 13.246988 -2.230108 -1.273916
1 0 11.352541 -97.481118 5.263695 1.632985 0.942296 13.246988 -2.823398 -1.554358
1 0 11.352541 -97.481118 5.263695 1.654065 0.942296 13.246988 -2.824785 -1.558178
1 0 11.352541 -97.481118 5.263695 1.674000 0.942296 13.246988 -2.826097 -1.561791
1 0 11.352541 -97.481118 4.471166 1.118343 0.942296 13.246988 -2.401704 -1.292713
1 0 11.352541 -97.481118 4.471166 1.137196 0.942296 13.246988 -2.402758 -1.295943
1 0 11.352541 -97.481118 4.471166 1.155517 0.942296 13.246988 -2.403782 -1.299081
1 0 11.352541 -97.481118 4.471166 1.173078 0.942296 13.246988 -2.404763 -1.302090
1 0 11.352541 -97.481118 4.471166 1.189425 0.942296 13.246988 -2.405677 -1.304890
1 0 11.352541 -97.481118 4.471166 1.204928 0.942296 13.246988 -2.406543 -1.307546
1 0 11.352541 -97.481118 4.471166 1.220060 0.942296 13.246988 -2.407389 -1.310139
1 0 11.336898 -97.482854 4.471166 1.234132 0.940769 13.241161 -2.408176 -1.312550
1 0 11.336712 -97.482852 4.471166 1.247405 0.940869 13.241208 -2.408917 -1.314824
1 0 11.336709 -97.482851 4.471166 1.259434 0.940870 13.241208 -2.409590 -1.316884
1 0 11.336709 -97.482851 5.459757 1.388708 0.940870 13.241208 -2.943166 -1.568017
1 0 11.336709 -97.482851 5.459757 1.399195 0.940870 13.241208 -2.943882 -1.569874
1 0 11.336709 -97.482851 4.771289 0.924088 0.940870 13.241208 -2.573264 -1.340007
1 0 11.336709 -97.482851 4.771289 0.933185 0.940870 13.241208 -2.573807 -1.341540
1 0 11.336709 -97.482851 4.771289 0.941452 0.940870 13.241208 -2.574300 -1.342933
1 0 11.336709 -97.482851 4.771289 0.949022 0.940870 13.241208 -2.574751 -1.344208
1 0 11.336709 -97.482851 4.771289 0.955645 0.940870 13.241208 -2.575146 -1.345324
1 0 11.336709 -97.482851 4.771289 0.961270 0.940870 13.241208 -2.575482 -1.346272
1 0 11.336709 -97.482851 4.771289 0.966284 0.940870 13.241208 -2.575781 -1.347117
1 0 11.352351 -97.481115 4.771289 0.970336 0.942397 13.247035 -2.576022 -1.347799
1 0 11.352538 -97.481117 4.771289 0.973513 0.942297 13.246989 -2.576212 -1.348335
1 0 11.352541 -97.481118 4.771289 0.975962 0.942296 13.246988 -2.576358 -1.348747
1 0 11.352541 -97.481118 5.543550 1.071948 0.942296 13.246988 -2.993463 -1.544116
1 0 11.352541 -97.481118 5.543550 1.072657 0.942296 13.246988 -2.993512 -1.544239
1 1 11.642264 -96.761009 -0.298051 -0.745127 0.735196 13.055545 0.208584 0.201961
1 1 12.108240 -95.543799 -0.792396 -1.980991 0.397855 12.737895 0.544908 0.527301
1 1 12.574848 -94.323299 -1.281153 -3.202884 0.059938 12.419543 0.881011 0.852544
1 1 13.039314 -93.108103 -1.767668 -4.419170 -0.276450 12.102604 1.215573 1.176296
1 1 13.529353 -91.875580 -2.249724 -5.650088 -0.608638 11.786029 1.548682 1.501367
1 1 14.000383 -90.649559 -2.743193 -6.877263 -0.949560 11.465571 1.887620 1.828666
1 1 14.467656 -89.428514 -3.232987 -8.099447 -1.288110 11.146876 2.224292 2.154217
1 1 14.931290 -88.212427 -3.719038 -9.316668 -1.624352 10.829911 2.558666 2.478008
1 1 15.391310 -87.001276 -4.201371 -10.528947 -1.958301 10.514666 2.890756 2.800049
1 1 15.847741 -85.795041 -4.680013 -11.736305 -2.289972 10.201132 3.220577 3.120350
1 1 16.158897 -85.371028 -4.850111 -12.125279 -2.487297 10.053174 3.428533 3.261021
1 1 16.330993 -84.939665 -5.023063 -12.557658 -2.610658 9.938829 3.550792 3.377307
1 1 16.500821 -84.508762 -5.195490 -12.988725 -2.732772 9.825128 3.672680 3.493240
1 1 16.670841 -83.703497 -5.445516 -13.811843 -2.882039 9.649549 3.815318 3.646931
1 1 16.874831 -82.891837 -5.658948 -14.624137 -3.049967 9.464406 3.982725 3.834671
1 1 17.077670 -82.082484 -5.870793 -15.433958 -3.217111 9.279932 4.149122 4.021606
1 1 17.268178 -81.302195 -6.097236 -16.216996 -3.392639 9.094490 4.321538 4.207766
1 1 17.471014 -80.522944 -6.308688 -16.996670 -3.557453 8.915051 4.485737 4.389617
1 1 17.672597 -79.745961 -6.518695 -17.774088 -3.721432 8.736299 4.649017 4.570734
1 1 17.872853 -78.971232 -6.727346 -18.549250 -3.884538 8.558252 4.811424 4.751138
1 1 18.071789 -78.198751 -6.934650 -19.322163 -4.046775 8.380907 4.972965 4.930833
1 1 18.269413 -77.428511 -7.140615 -20.092834 -4.208147 8.204260 5.133644 5.109822
1 1 18.587187 -77.091756 -7.344722 -20.407304 -4.402651 8.069069 5.338488 5.240997
1 1 18.845642 -76.767008 -7.604858 -20.732017 -4.564512 7.950719 5.499777 5.360080
1 1 19.128210 -76.475365 -7.882997 -21.022129 -4.736904 7.831794 5.672729 5.482348
1 1 19.405815 -76.185237 -8.162842 -21.312363 -4.906529 7.714362 5.842143 5.600606
1 1 19.681794 -75.895805 -8.441090 -21.601915 -5.075233 7.597452 6.010658 5.718353
1 1 19.956177 -75.607062 -8.717731 -21.890779 -5.243032 7.481056 6.178269 5.835584
1 1 20.126490 -75.278678 -8.888455 -22.221137 -5.357935 7.384186 6.292368 5.933398
1 1 20.262122 -74.937175 -9.025349 -22.563372 -5.455204 7.293839 6.389278 6.024780
1 1 20.396819 -74.596196 -9.161782 -22.904454 -5.551934 7.203812 6.485863 6.115855
1 1 20.545998 -74.250086 -9.299688 -23.249220 -5.648404 7.117699 6.583490 6.207913
1 1 20.682998 -73.903623 -9.438348 -23.595869 -5.746788 7.026166 6.681651 6.300473
1 1 20.819455 -73.558058 -9.576610 -23.941525 -5.844816 6.934917 6.779530 6.392769
1 1 20.953220 -72.855324 -9.850116 -24.664712 -5.967171 6.785351 6.890277 6.550960
1 1 21.151598 -72.144314 -10.056642 -25.376197 -6.124736 6.618237 7.047656 6.720522
1 1 21.028065 -71.051433 -10.051197 -26.490839 -6.137417 6.468673 7.048130 6.833218
1 1 20.955431 -69.951808 -9.995515 -27.591464 -6.177850 6.305247 7.087533 6.997674
1 1 20.883444 -68.856095 -9.939832 -28.688001 -6.218346 6.142306 7.126679 7.161466
1 1 20.811808 -67.764367 -9.884439 -29.780548 -6.258744 5.979934 7.165729 7.324685
1 1 20.764501 -66.597208 -9.786844 -30.942570 -6.275071 5.822021 7.186550 7.488521
1 1 20.683435 -65.437831 -9.723762 -32.102904 -6.316015 5.650491 7.225746 7.660794
1 1 20.602574 -64.282888 -9.661229 -33.258777 -6.356748 5.479643 7.264956 7.832481
1 1 20.516295 -63.081875 -9.547735 -34.456684 -6.368670 5.331789 7.279521 7.998125
1 1 20.407273 -61.887872 -9.458151 -35.651708 -6.397644 5.161043 7.306707 8.169335
1 1 20.298727 -60.698594 -9.369247 -36.841985 -6.426528 4.990962 7.333960 8.339947
1 1 19.963830 -58.988266 -9.378586 -38.591145 -6.372354 4.791062 7.249501 8.544063
1 1 19.779656 -57.268552 -9.239483 -40.313061 -6.399552 4.551925 7.274076 8.783686
1 1 19.597730 -55.559518 -9.100575 -42.024192 -6.427172 4.313998 7.298134 9.021636
1 1 19.034974 -53.501556 -8.831995 -44.112847 -6.276447 4.113415 7.120116 9.132636
1 1 18.589471 -51.446157 -8.454578 -46.171475 -6.188304 3.883944 7.027177 9.356351
1 1 18.149386 -49.408613 -8.080654 -48.212141 -6.101754 3.656079 6.935157 9.578164
1 1 17.739126 -47.236858 -7.644206 -50.377943 -5.980123 3.432256 6.816171 9.803426
1 1 17.284144 -45.091365 -7.262568 -52.526976 -5.896200 3.188814 6.725804 10.040133
1 1 16.834073 -42.966330 -6.885732 -54.655503 -5.813384 2.947551 6.636923 10.274879
1 1 16.364098 -40.910246 -6.510455 -56.717581 -5.729593 2.707925 6.545321 10.499679
1 1 15.597260 -38.993150 -5.814157 -58.641154 -5.461098 2.581029 6.273418 10.620593
1 1 14.837294 -37.093236 -5.120540 -60.544288 -5.195010 2.455270 6.001863 10.739013
1 1 14.070983 -35.177457 -4.461403 -62.466579 -4.926700 2.328461 5.724418 10.857561
1 1 13.313960 -33.284901 -3.772151 -64.362488 -4.661642 2.203190 5.454020 10.975522
1 1 12.564249 -31.410623 -3.089139 -66.239924 -4.399144 2.079128 5.186000 11.092212
1 1 11.814373 -29.535933 -2.426406 -68.119348 -4.136589 1.955038 4.915959 11.201366
1 1 11.072826 -27.682066 -1.751754 -69.976447 -3.876950 1.832328 4.650917 11.316595
1 1 10.338554 -25.846386 -1.083511 -71.815245 -3.619858 1.710820 4.388358 11.430627
1 1 9.566701 -23.916752 -0.332853 -73.742082 -3.318672 1.600402 4.086066 11.537176
1 1 8.800893 -22.002231 0.360704 -75.659809 -3.053014 1.472291 3.814052 11.656968
1 1 8.043255 -20.108138 1.046301 -77.557326 -2.790191 1.345547 3.545254 11.775664
1 1 7.277400 -18.193501 1.752937 -79.473384 -2.515743 1.226201 3.266106 11.891840
1 1 6.519383 -16.298458 2.437576 -81.371859 -2.253702 1.098480 2.997876 12.010931
1 1 5.769697 -14.424243 3.114528 -83.249547 -1.994541 0.972162 2.732685 12.128767
1 1 5.022569 -12.556422 3.761371 -85.122781 -1.736265 0.846275 2.465911 12.245081
1 1 4.285116 -10.712789 4.426349 -86.969966 -1.481333 0.722018 2.205161 12.361034
1 1 3.555872 -8.889680 5.084214 -88.796482 -1.229239 0.599145 1.947153 12.475604
1 1 2.828527 -7.071319 5.711393 -90.620146 -0.977801 0.476591 1.687094 12.579179
1 1 2.110834 -5.277085 6.357845 -92.417870 -0.729700 0.355664 1.433286 12.691783
1 1 1.401250 -3.503124 6.997294 -94.195174 -0.484402 0.236103 1.182177 12.803020
1 1 0.699682 -1.749205 7.629522 -95.952394 -0.241875 0.117893 0.933904 12.912999
1 1 0.012530 -0.031325 8.248868 -97.674095 -0.004338 0.002107 0.690704 13.020781
1 1 0.000000 0.000000 8.272388 -97.765758 -0.000000 -0.000000 0.682850 13.028947
1 1 -0.000000 -0.000000 8.272937 -97.769000 0.000000 0.000000 0.682725 13.029309
1 1 0.000000 0.000000 8.272953 -97.769114 -0.000000 -0.000000 0.682722 13.029322
1 1 0.000000 0.000000 8.272953 -97.769118 -0.000000 -0.000000 0.682722 13.029323
1 1 -0.000000 -0.000000 8.368863 -97.761439 0.000000 0.000000 0.691427 13.033711
1 1 -0.000000 -0.000000 8.369997 -97.761454 0.000000 0.000000 0.690817 13.033423
1 1 -0.000000 -0.000000 8.370010 -97.761458 0.000000 0.000000 0.690809 13.033420
1 1 -0.000000 0.000000 8.259490 -97.770347 0.000000 -0.000000 0.680345 12.992686
1 1 -0.000000 0.000000 8.258186 -97.770336 -0.000000 -0.000000 0.681047 12.993019
1 1 -0.000000 0.000000 8.258170 -97.770331 0.000000 -0.000000 0.681056 12.993022
1 1 -0.000000 0.000000 8.258170 -97.770331 0.000000 -0.000000 0.681056 12.993023
1 1 -0.000000 0.000000 8.258170 -97.770331 0.000000 0.000000 0.681056 12.993023
1 1 -0.000000 0.000000 8.258170 -97.770331 0.000000 -0.000000 0.681056 12.993023
1 1 0.000000 0.000000 8.258170 -97.770331 -0.000000 -0.000000 0.681056 12.993023
1 1 0.000000 0.000000 8.258170 -97.770331 -0.000000 -0.000000 0.681056 12.993023
1 1 -0.000000 -0.000000 8.258170 -97.770331 0.000000 0.000000 0.681056 12.993023
1 1 0.000000 0.000000 8.737703 -97.731068 -0.000000 -0.000000 0.724575 13.014957
1 1 0.000000 0.000000 8.743373 -97.731176 -0.000000 -0.000000 0.721525 13.013521
0 1 6.073602 0.453255 8.743442 -97.731197 -3.279741 -1.586702 0.721490 13.013507
0 1 6.073602 0.452540 8.490916 -97.752251 -3.279687 -1.586582 0.697550 12.920300
0 1 6.073602 0.450944 8.487942 -97.752230 -3.279566 -1.586315 0.699154 12.921062
0 1 6.073602 0.448546 8.487906 -97.752221 -3.279384 -1.585913 0.699173 12.921070
0 1 6.073602 0.445353 8.487906 -97.752220 -3.279141 -1.585377 0.699173 12.921070
0 1 5.730933 0.393907 8.487906 -97.752220 -3.093836 -1.498385 0.699173 12.921070
0 1 5.730933 0.388984 8.487906 -97.752220 -3.093484 -1.497569 0.699173 12.921070
0 1 5.730933 0.383209 8.487906 -97.752220 -3.093070 -1.496612 0.699173 12.921070
0 1 5.852786 0.457765 8.487906 -97.752220 -3.158343 -1.534189 0.699173 12.921070
0 1 5.852786 0.450353 8.487906 -97.752220 -3.157800 -1.532949 0.699173 12.921070
0 1 5.852786 0.442178 9.255155 -97.686557 -3.157202 -1.531582 0.768794 12.956164
0 1 5.852786 0.432878 9.264220 -97.686773 -3.156522 -1.530027 0.763918 12.953879
0 1 5.852786 0.422953 9.264330 -97.686810 -3.155796 -1.528366 0.763861 12.953857
0 1 5.852786 0.412141 8.680353 -97.737475 -3.155005 -1.526558 0.708505 12.737856
0 1 5.852786 0.400314 8.673514 -97.737456 -3.154140 -1.524580 0.712207 12.739617
0 1 5.852786 0.387911 8.673432 -97.737434 -3.153232 -1.522505 0.712250 12.739635
0 1 5.852786 0.374813 8.673431 -97.737433 -3.152274 -1.520315 0.712251 12.739635
0 1 5.363605 0.297012 8.673431 -97.737433 -2.887891 -1.394801 0.712251 12.739635
0 1 5.363605 0.282225 8.673431 -97.737433 -2.886899 -1.392370 0.712251 12.739635
0 1 5.363605 0.266732 8.673431 -97.737433 -2.885861 -1.389823 0.712251 12.739635
0 1 5.653245 0.442749 8.673431 -97.737433 -3.040517 -1.479425 0.712251 12.739635
0 1 5.653245 0.425589 8.673431 -97.737433 -3.039304 -1.476542 0.712251 12.739635
0 1 5.653245 0.407447 8.769449 -97.729381 -3.038022 -1.473494 0.720931 12.744013
0 1 5.653245 0.389224 8.770575 -97.729397 -3.036735 -1.470432 0.720323 12.743725
0 1 5.653245 0.369784 8.770588 -97.729401 -3.035361 -1.467166 0.720316 12.743723
0 1 5.653245 0.349567 8.786390 -97.728059 -3.033932 -1.463769 0.721806 12.749566
0 1 5.653245 0.329130 8.786575 -97.728061 -3.032488 -1.460335 0.721706 12.749518
0 1 5.653245 0.307209 8.786578 -97.728062 -3.030939 -1.456652 0.721705 12.749518
0 1 5.653245 0.284145 8.786578 -97.728062 -3.029309 -1.452777 0.721705 12.749518
0 1 5.425742 0.230736 8.786578 -97.728062 -2.905785 -1.391803 0.721705 12.749518
0 1 5.425742 0.206658 8.786578 -97.728062 -2.904152 -1.387790 0.721705 12.749518
0 1 5.425742 0.181413 8.786578 -97.728062 -2.902440 -1.383582 0.721705 12.749518
0 1 5.570019 0.252474 8.786578 -97.728062 -2.977801 -1.425103 0.721705 12.749518
0 1 5.570019 0.226084 8.786578 -97.728062 -2.975963 -1.420657 0.721705 12.749518
0 1 5.570019 0.199836 8.786578 -97.728062 -2.974136 -1.416234 0.721705 12.749518
0 1 5.570019 0.171500 8.786578 -97.728062 -2.972163 -1.411460 0.721705 12.749518
0 1 5.570019 0.143044 8.786578 -97.728062 -2.970182 -1.406665 0.721705 12.749518
0 1 5.570019 0.114307 8.802374 -97.726718 -2.968181 -1.401823 0.723199 12.755362
0 1 5.570019 0.083801 8.802560 -97.726720 -2.966057 -1.396683 0.723098 12.755315
0 1 5.570019 0.053227 8.802562 -97.726720 -2.963928 -1.391532 0.723097 12.755314
0 1 5.570019 0.021948 8.802562 -97.726720 -2.961750 -1.386261 0.723097 12.755314
0 1 5.424018 -0.029546 8.802562 -97.726720 -2.881905 -1.344501 0.723097 12.755314
0 1 5.424018 -0.062279 8.802562 -97.726720 -2.879686 -1.339013 0.723097 12.755314
0 1 5.424018 -0.094822 8.802562 -97.726720 -2.877480 -1.333558 0.723097 12.755314
0 1 5.560367 -0.036470 8.802562 -97.726720 -2.947437 -1.370767 0.723097 12.755314
0 1 5.560367 -0.070877 8.802562 -97.726720 -2.945045 -1.364941 0.723097 12.755314
0 1 5.560367 -0.105630 8.802562 -97.726720 -2.942630 -1.359056 0.723097 12.755314
0 1 5.560367 -0.142136 8.834562 -97.724007 -2.940092 -1.352874 0.725990 12.756772
0 1 5.560367 -0.178367 8.834938 -97.724012 -2.937574 -1.346738 0.725787 12.756676
0 1 5.560367 -0.215388 8.834942 -97.724013 -2.935001 -1.340469 0.725785 12.756675
0 1 5.560367 -0.251768 8.834942 -97.724013 -2.932473 -1.334308 0.725785 12.756675
0 1 5.560367 -0.289842 8.834942 -97.724013 -2.929826 -1.327861 0.725785 12.756675
0 1 5.560367 -0.329294 8.834942 -97.724013 -2.927084 -1.321180 0.725785 12.756675
0 1 5.414619 -0.388105 8.834942 -97.724013 -2.847654 -1.278599 0.725785 12.756675
0 1 5.414619 -0.427711 8.834942 -97.724013 -2.844973 -1.271926 0.725785 12.756675
0 1 5.414619 -0.468613 8.834942 -97.724013 -2.842205 -1.265034 0.725785 12.756675
0 1 5.550649 -0.415600 8.834942 -97.724013 -2.910833 -1.300570 0.725785 12.756675
0 1 5.550649 -0.456785 8.834942 -97.724013 -2.907975 -1.293560 0.725785 12.756675
0 1 5.550649 -0.499448 8.834942 -97.724013 -2.905015 -1.286300 0.725785 12.756675
0 1 5.550649 -0.542395 8.834942 -97.724013 -2.902036 -1.278990 0.725785 12.756675
0 1 5.550649 -0.585083 8.834942 -97.724013 -2.899074 -1.271725 0.725785 12.756675
0 1 5.550649 -0.628912 8.834942 -97.724013 -2.896033 -1.264266 0.725785 12.756675
0 1 5.550649 -0.673444 8.834942 -97.724013 -2.892943 -1.256687 0.725785 12.756675
0 1 5.550649 -0.717640 8.834942 -97.724013 -2.889877 -1.249165 0.725785 12.756675
0 1 5.550649 -0.762009 8.834942 -97.724013 -2.886798 -1.241614 0.725785 12.756675
0 1 5.324299 -0.836931 8.834942 -97.724013 -2.766024 -1.178869 0.725785 12.756675
0 1 5.324299 -0.882353 8.834942 -97.724013 -2.763001 -1.171199 0.725785 12.756675
0 1 5.324299 -0.928217 8.834942 -97.724013 -2.759948 -1.163454 0.725785 12.756675
0 1 5.617909 -0.772192 8.834942 -97.724013 -2.908836 -1.245503 0.725785 12.756675
0 1 5.617909 -0.818596 8.834942 -97.724013 -2.905577 -1.237497 0.725785 12.756675
0 1 5.617909 -0.865014 8.834942 -97.724013 -2.902317 -1.229488 0.725785 12.756675
0 1 5.617909 -0.913592 8.802942 -97.726726 -2.898906 -1.221106 0.722892 12.755217
0 1 5.617909 -0.962060 8.802566 -97.726722 -2.895502 -1.212743 0.723095 12.755313
0 1 5.617909 -1.010396 8.802562 -97.726720 -2.892108 -1.204404 0.723097 12.755314
0 1 5.617909 -1.059752 8.818359 -97.725374 -2.888642 -1.195888 0.724590 12.761157
0 1 5.617909 -1.108378 8.818545 -97.725376 -2.885227 -1.187498 0.724490 12.761110
0 1 5.617909 -1.157574 8.818547 -97.725376 -2.881773 -1.179010 0.724488 12.761109
0 1 4.327815 -1.357074 8.818547 -97.725376 -2.217422 -0.860537 0.724488 12.761109
0 1 4.327815 -1.406391 8.818547 -97.725376 -2.214754 -0.852401 0.724488 12.761109
0 1 4.327815 -1.455663 8.818547 -97.725376 -2.212089 -0.844273 0.724488 12.761109
0 1 4.903359 -1.115615 8.818547 -97.725376 -2.503144 -1.012592 0.724488 12.761109
0 1 4.903359 -1.165657 8.818547 -97.725376 -2.500077 -1.003977 0.724488 12.761109
0 1 4.903359 -1.214831 8.818547 -97.725376 -2.497063 -0.995511 0.724488 12.761109
0 1 4.903359 -1.263846 8.818547 -97.725376 -2.494059 -0.987072 0.724488 12.761109
0 1 4.903359 -1.314436 8.818547 -97.725376 -2.490958 -0.978362 0.724488 12.761109
0 1 4.903359 -1.366353 8.818547 -97.725376 -2.487776 -0.969424 0.724488 12.761109
0 1 4.903359 -1.418457 8.818547 -97.725376 -2.484583 -0.960453 0.724488 12.761109
0 1 4.903359 -1.469987 8.818547 -97.725376 -2.481424 -0.951582 0.724488 12.761109
0 1 4.903359 -1.521546 8.818547 -97.725376 -2.478264 -0.942705 0.724488 12.761109
0 1 3.797429 -1.688591 8.818547 -97.725376 -1.916810 -0.670143 0.724488 12.761109
0 1 3.797429 -1.740219 8.818547 -97.725376 -1.914359 -0.661591 0.724488 12.761109
0 1 3.797429 -1.791708 8.818547 -97.725376 -1.911915 -0.653063 0.724488 12.761109
0 1 4.640002 -1.260107 8.818547 -97.725376 -2.333077 -0.904710 0.724488 12.761109
0 1 4.640002 -1.311830 8.818547 -97.725376 -2.330078 -0.895598 0.724488 12.761109
0 1 4.640002 -1.364225 8.818547 -97.725376 -2.327039 -0.886367 0.724488 12.761109
0 1 4.640002 -1.417156 8.786546 -97.728085 -2.323969 -0.877042 0.721593 12.759648
0 1 4.640002 -1.469000 8.786171 -97.728080 -2.320962 -0.867909 0.721796 12.759744
0 1 4.640002 -1.521175 8.786167 -97.728079 -2.317936 -0.858717 0.721798 12.759745
0 1 4.640002 -1.574144 8.786166 -97.728079 -2.314863 -0.849385 0.721798 12.759745
0 1 4.640002 -1.626109 8.786166 -97.728079 -2.311849 -0.840230 0.721798 12.759745
0 1 4.640002 -1.678364 8.786166 -97.728079 -2.308819 -0.831025 0.721798 12.759745
0 1 3.356127 -1.854667 8.786166 -97.728079 -1.667762 -0.520156 0.721798 12.759745
0 1 3.356127 -1.906479 8.786166 -97.728079 -1.665588 -0.511421 0.721798 12.759745
0 1 3.356127 -1.958837 8.786166 -97.728079 -1.663392 -0.502594 0.721798 12.759745
0 1 4.338259 -1.307442 8.786166 -97.728079 -2.147312 -0.801899 0.721798 12.759745
0 1 4.338259 -1.358874 8.786166 -97.728079 -2.144523 -0.792597 0.721798 12.759745
0 1 4.338259 -1.410186 8.786166 -97.728079 -2.141740 -0.783317 0.721798 12.759745
0 1 4.338259 -1.462381 8.786166 -97.728079 -2.138910 -0.773877 0.721798 12.759745
0 1 4.338259 -1.513486 8.786166 -97.728079 -2.136138 -0.764634 0.721798 12.759745
0 1 4.338259 -1.564454 8.786166 -97.728079 -2.133374 -0.755415 0.721798 12.759745
0 1 4.338259 -1.613730 8.786166 -97.728079 -2.130702 -0.746503 0.721798 12.759745
0 1 4.338259 -1.665050 8.786166 -97.728079 -2.127919 -0.737221 0.721798 12.759745
0 1 4.338259 -1.714608 8.786166 -97.728079 -2.125232 -0.728258 0.721798 12.759745
0 1 4.338259 -1.765655 8.786166 -97.728079 -2.122464 -0.719026 0.721798 12.759745
0 1 2.931573 -1.940165 8.786166 -97.728079 -1.432431 -0.384706 0.721798 12.759745
0 1 2.931573 -1.990111 8.786166 -97.728079 -1.430601 -0.376088 0.721798 12.759745
0 1 3.938349 -1.290125 8.786166 -97.728079 -1.919548 -0.690892 0.721798 12.759745
0 1 3.938349 -1.339034 8.786166 -97.728079 -1.917140 -0.681838 0.721798 12.759745
0 1 3.938349 -1.388846 8.786166 -97.728079 -1.914688 -0.672617 0.721798 12.759745
0 1 3.938349 -1.438284 8.818167 -97.725370 -1.912254 -0.663464 0.724694 12.761206
0 1 3.938349 -1.486546 8.818542 -97.725375 -1.909878 -0.654530 0.724491 12.761110
0 1 3.938349 -1.534260 8.818547 -97.725376 -1.907529 -0.645697 0.724488 12.761109
0 1 3.938349 -1.582818 8.818547 -97.725376 -1.905139 -0.636708 0.724488 12.761109
0 1 3.938349 -1.630108 8.818547 -97.725376 -1.902811 -0.627953 0.724488 12.761109
0 1 3.938349 -1.677925 8.818547 -97.725376 -1.900457 -0.619101 0.724488 12.761109
0 1 3.938349 -1.725361 8.818547 -97.725376 -1.898121 -0.610319 0.724488 12.761109
0 1 2.476237 -1.887448 8.818547 -97.725376 -1.192025 -0.267752 0.724488 12.761109
0 1 2.476237 -1.932151 8.818547 -97.725376 -1.190641 -0.259864 0.724488 12.761109
0 1 3.399665 -1.271869 8.818547 -97.725376 -1.632691 -0.555715 0.724488 12.761109
0 1 3.399665 -1.316662 8.818547 -97.725376 -1.630787 -0.547294 0.724488 12.761109
0 1 3.399665 -1.361886 8.818547 -97.725376 -1.628865 -0.538792 0.724488 12.761109
0 1 3.399665 -1.405066 8.818547 -97.725376 -1.627030 -0.530675 0.724488 12.761109
0 1 3.399665 -1.447749 8.818547 -97.725376 -1.625216 -0.522651 0.724488 12.761109
0 1 3.399665 -1.490073 8.818547 -97.725376 -1.623418 -0.514694 0.724488 12.761109
0 1 3.399665 -1.531449 8.802749 -97.726723 -1.621660 -0.506916 0.722996 12.755266
0 1 3.399665 -1.573653 8.802564 -97.726721 -1.619866 -0.498982 0.723096 12.755314
0 1 3.399665 -1.615923 8.802562 -97.726720 -1.618070 -0.491035 0.723097 12.755314
0 1 3.399665 -1.658031 8.802562 -97.726720 -1.616280 -0.483120 0.723097 12.755314
0 1 1.989683 -1.793426 8.802562 -97.726720 -0.944952 -0.156082 0.723097 12.755314
0 1 1.989683 -1.832707 8.802562 -97.726720 -0.943976 -0.149027 0.723097 12.755314
0 1 1.989683 -1.873153 8.802562 -97.726720 -0.942970 -0.141764 0.723097 12.755314
0 1 3.267948 -0.891384 8.802562 -97.726720 -1.547009 -0.569140 0.723097 12.755314
0 1 3.267948 -0.928647 8.802562 -97.726720 -1.545487 -0.561853 0.723097 12.755314
0 1 3.267948 -0.967289 8.834562 -97.724007 -1.543908 -0.554296 0.725990 12.756772
0 1 3.267948 -1.004558 8.834938 -97.724012 -1.542386 -0.547008 0.725787 12.756676
0 1 3.267948 -1.040427 8.834942 -97.724013 -1.540921 -0.539994 0.725785 12.756675
0 1 3.267948 -1.077340 8.834942 -97.724013 -1.539413 -0.532775 0.725785 12.756675
0 1 3.267948 -1.112884 8.834942 -97.724013 -1.537961 -0.525824 0.725785 12.756675
0 1 3.267948 -1.148378 8.834942 -97.724013 -1.536511 -0.518883 0.725785 12.756675
0 1 3.267948 -1.181645 8.834942 -97.724013 -1.535152 -0.512377 0.725785 12.756675
0 1 2.024363 -1.303692 8.834942 -97.724013 -0.950023 -0.227674 0.725785 12.756675
0 1 2.024363 -1.337182 8.834942 -97.724013 -0.949176 -0.221372 0.725785 12.756675
0 1 2.024363 -1.368463 8.834942 -97.724013 -0.948384 -0.215486 0.725785 12.756675
0 1 2.545946 -0.967663 8.834942 -97.724013 -1.191734 -0.392704 0.725785 12.756675
0 1 2.545946 -0.999038 8.834942 -97.724013 -1.190735 -0.386596 0.725785 12.756675
0 1 2.545946 -1.028351 8.834942 -97.724013 -1.189803 -0.380889 0.725785 12.756675
0 1 2.545946 -1.057913 8.834942 -97.724013 -1.188862 -0.375134 0.725785 12.756675
0 1 2.545946 -1.086284 8.834942 -97.724013 -1.187959 -0.369610 0.725785 12.756675
0 1 2.545946 -1.114950 8.834942 -97.724013 -1.187047 -0.364029 0.725785 12.756675
0 1 2.545946 -1.142607 8.834942 -97.724013 -1.186166 -0.358644 0.725785 12.756675
0 1 2.545946 -1.169282 8.834942 -97.724013 -1.185318 -0.353451 0.725785 12.756675
0 1 2.545946 -1.195861 8.834942 -97.724013 -1.184472 -0.348276 0.725785 12.756675
0 1 0.697294 -1.298960 8.834942 -97.724013 -0.324189 0.072865 0.725785 12.756675
0 1 0.697294 -1.323771 8.834942 -97.724013 -0.323973 0.077418 0.725785 12.756675
0 1 0.697294 -1.347334 8.834942 -97.724013 -0.323767 0.081742 0.725785 12.756675
0 1 1.106657 -1.046756 8.834942 -97.724013 -0.513523 -0.060736 0.725785 12.756675
0 1 1.106657 -1.069336 8.834942 -97.724013 -0.513210 -0.056478 0.725785 12.756675
0 1 1.106657 -1.091300 8.834942 -97.724013 -0.512907 -0.052335 0.725785 12.756675
0 1 1.106657 -1.112040 8.834942 -97.724013 -0.512620 -0.048423 0.725785 12.756675
0 1 1.106657 -1.131743 8.834942 -97.724013 -0.512347 -0.044707 0.725785 12.756675
0 1 1.106657 -1.150406 8.834942 -97.724013 -0.512089 -0.041186 0.725785 12.756675
0 1 1.106657 -1.168840 8.834942 -97.724013 -0.511834 -0.037709 0.725785 12.756675
0 1 1.106657 -1.186237 8.834942 -97.724013 -0.511593 -0.034428 0.725785 12.756675
0 1 1.106657 -1.203465 8.834942 -97.724013 -0.511355 -0.031179 0.725785 12.756675
0 1 0.451270 -1.232902 8.834942 -97.724013 -0.208429 0.120851 0.725785 12.756675
0 1 0.451270 -1.248505 8.834942 -97.724013 -0.208341 0.123731 0.725785 12.756675
0 1 0.451270 -1.262544 8.834942 -97.724013 -0.208262 0.126323 0.725785 12.756675
0 1 0.773852 -1.019886 8.834942 -97.724013 -0.357002 0.011835 0.725785 12.756675
0 1 0.773852 -1.032668 8.834942 -97.724013 -0.356878 0.014246 0.725785 12.756675
0 1 0.773852 -1.044933 8.834942 -97.724013 -0.356759 0.016559 0.725785 12.756675
0 1 0.773852 -1.056153 8.802942 -97.726726 -0.356651 0.018675 0.722892 12.755217
0 1 0.773852 -1.066608 8.802566 -97.726722 -0.356550 0.020647 0.723095 12.755313
0 1 0.773852 -1.076351 8.802562 -97.726720 -0.356455 0.022485 0.723097 12.755314
0 1 0.773852 -1.085057 8.818359 -97.725374 -0.356371 0.024127 0.724590 12.761157
0 1 0.773852 -1.092907 8.818545 -97.725376 -0.356295 0.025608 0.724490 12.761110
0 1 0.773852 -1.100103 8.818547 -97.725376 -0.356226 0.026965 0.724488 12.761109
0 1 0.296369 -1.113520 8.818547 -97.725376 -0.136402 0.136903 0.724488 12.761109
0 1 0.296369 -1.118689 8.818547 -97.725376 -0.136383 0.137862 0.724488 12.761109
0 1 0.296369 -1.123254 8.818547 -97.725376 -0.136366 0.138710 0.724488 12.761109
0 1 0.518257 -0.949920 8.818547 -97.725376 -0.238438 0.058022 0.724488 12.761109
0 1 0.518257 -0.952712 8.818547 -97.725376 -0.238420 0.058548 0.724488 12.761109
0 1 0.518257 -0.954712 8.818547 -97.725376 -0.238407 0.058925 0.724488 12.761109
0 1 0.518257 -0.955822 8.850546 -97.722658 -0.238400 0.059134 0.727382 12.762568
0 1 0.518257 -0.956093 8.850921 -97.722663 -0.238398 0.059185 0.727179 12.762472
0 1 0.518257 -0.955554 8.850926 -97.722664 -0.238402 0.059084 0.727177 12.762471
0 1 0.518257 -0.954206 8.835130 -97.724016 -0.238411 0.058830 0.725683 12.756627
0 1 0.518257 -0.951964 8.834944 -97.724014 -0.238425 0.058407 0.725784 12.756675
0 1 0.518257 -0.948843 8.834942 -97.724013 -0.238445 0.057819 0.725785 12.756675
0 1 0.158169 -0.948257 8.834942 -97.724013 -0.072779 0.139364 0.725785 12.756675
0 1 0.158169 -0.943679 8.834942 -97.724013 -0.072789 0.138511 0.725785 12.756675
0 1 0.158169 -0.938303 8.834942 -97.724013 -0.072799 0.137511 0.725785 12.756675
0 1 0.294165 -0.823618 8.834942 -97.724013 -0.135416 0.085966 0.725785 12.756675
0 1 0.294165 -0.816324 8.834942 -97.724013 -0.135443 0.084595 0.725785 12.756675
0 1 0.294165 -0.808364 8.834942 -97.724013 -0.135472 0.083099 0.725785 12.756675
0 1 0.294165 -0.799339 8.802942 -97.726726 -0.135505 0.081403 0.722892 12.755217
0 1 0.294165 -0.789859 8.802566 -97.726722 -0.135540 0.079622 0.723095 12.755313
0 1 0.294165 -0.779138 8.802562 -97.726720 -0.135580 0.077608 0.723097 12.755314
0 1 0.294165 -0.768033 8.802562 -97.726720 -0.135621 0.075521 0.723097 12.755314
0 1 0.294165 -0.755976 8.802562 -97.726720 -0.135665 0.073255 0.723097 12.755314
0 1 0.294165 -0.742757 8.802562 -97.726720 -0.135713 0.070772 0.723097 12.755314
0 1 0.150535 -0.729700 8.802562 -97.726720 -0.069476 0.101148 0.723097 12.755314
0 1 0.150535 -0.715261 8.802562 -97.726720 -0.069503 0.098448 0.723097 12.755314
0 1 0.150535 -0.700354 8.802562 -97.726720 -0.069531 0.095660 0.723097 12.755314
0 1 0.200594 -0.644041 8.802562 -97.726720 -0.092694 0.073890 0.723097 12.755314
0 1 0.200594 -0.627023 8.802562 -97.726720 -0.092736 0.070697 0.723097 12.755314
0 1 0.200594 -0.609576 8.802562 -97.726720 -0.092780 0.067423 0.723097 12.755314
0 1 0.200594 -0.591397 8.834562 -97.724007 -0.092826 0.064012 0.725990 12.756772
0 1 0.200594 -0.572358 8.834938 -97.724012 -0.092873 0.060440 0.725787 12.756676
0 1 0.200594 -0.552890 8.834942 -97.724013 -0.092922 0.056787 0.725785 12.756675
0 1 0.200594 -0.531760 8.834942 -97.724013 -0.092975 0.052822 0.725785 12.756675
0 1 0.200594 -0.510585 8.834942 -97.724013 -0.093028 0.048849 0.725785 12.756675
0 1 0.200594 -0.487994 8.834942 -97.724013 -0.093085 0.044610 0.725785 12.756675
0 1 0.200594 -0.465143 8.834942 -97.724013 -0.093142 0.040322 0.725785 12.756675
0 1 0.186246 -0.441719 8.834942 -97.724013 -0.086534 0.039233 0.725785 12.756675
0 1 0.186246 -0.417797 8.834942 -97.724013 -0.086590 0.034747 0.725785 12.756675
0 1 0.186246 -0.392494 8.834942 -97.724013 -0.086649 0.030001 0.725785 12.756675
0 1 0.200532 -0.355709 8.834942 -97.724013 -0.093359 0.019849 0.725785 12.756675
0 1 0.200532 -0.329127 8.834942 -97.724013 -0.093426 0.014859 0.725785 12.756675
0 1 0.200532 -0.301472 8.802942 -97.726726 -0.093495 0.009668 0.722892 12.755217
0 1 0.200532 -0.273748 8.802566 -97.726722 -0.093564 0.004463 0.723095 12.755313
0 1 0.200532 -0.245739 8.802562 -97.726720 -0.093635 -0.000795 0.723097 12.755314
0 1 0.200532 -0.216292 8.802562 -97.726720 -0.093709 -0.006323 0.723097 12.755314
0 1 0.200532 -0.186502 8.802562 -97.726720 -0.093783 -0.011915 0.723097 12.755314
0 1 0.200532 -0.155265 8.802562 -97.726720 -0.093861 -0.017779 0.723097 12.755314
0 1 0.200532 -0.124115 8.802562 -97.726720 -0.093940 -0.023627 0.723097 12.755314
0 1 0.214878 -0.092410 8.802562 -97.726720 -0.100745 -0.032912 0.723097 12.755314
0 1 0.214878 -0.059224 8.802562 -97.726720 -0.100834 -0.039144 0.723097 12.755314
0 1 0.214878 -0.026166 8.802562 -97.726720 -0.100923 -0.045353 0.723097 12.755314
0 1 0.193450 -0.009670 8.802562 -97.726720 -0.090940 -0.043483 0.723097 12.755314
0 1 0.193450 0.025862 8.802562 -97.726720 -0.091026 -0.050147 0.723097 12.755314
0 1 0.193450 0.061261 8.802562 -97.726720 -0.091112 -0.056786 0.723097 12.755314
0 1 0.193450 0.096514 8.834562 -97.724007 -0.091197 -0.063397 0.725990 12.756772
0 1 0.193450 0.133719 8.834938 -97.724012 -0.091287 -0.070375 0.725787 12.756676
0 1 0.193450 0.172261 8.834942 -97.724013 -0.091380 -0.077603 0.725785 12.756675
0 1 0.193450 0.209932 8.834942 -97.724013 -0.091471 -0.084668 0.725785 12.756675
0 1 0.193450 0.248994 8.834942 -97.724013 -0.091566 -0.091994 0.725785 12.756675
0 1 0.193450 0.287858 8.834942 -97.724013 -0.091660 -0.099283 0.725785 12.756675
0 1 0.279548 0.327019 8.834942 -97.724013 -0.132589 -0.126842 0.725785 12.756675
0 1 0.279548 0.366314 8.834942 -97.724013 -0.132727 -0.134233 0.725785 12.756675
0 1 0.279548 0.406714 8.834942 -97.724013 -0.132868 -0.141831 0.725785 12.756675
0 1 0.215264 0.395002 8.834942 -97.724013 -0.102421 -0.124426 0.725785 12.756675
0 1 0.215264 0.437381 8.834942 -97.724013 -0.102535 -0.132362 0.725785 12.756675
0 1 0.215264 0.479623 8.834942 -97.724013 -0.102649 -0.140273 0.725785 12.756675
0 1 0.215264 0.523226 8.802942 -97.726726 -0.102766 -0.148439 0.722892 12.755217
0 1 0.215264 0.564959 8.802566 -97.726722 -0.102879 -0.156255 0.723095 12.755313
0 1 0.215264 0.607447 8.802562 -97.726720 -0.102993 -0.164212 0.723097 12.755314
0 1 0.215264 0.650367 8.818359 -97.725374 -0.103108 -0.172250 0.724590 12.761157
0 1 0.215264 0.695415 8.818545 -97.725376 -0.103230 -0.180686 0.724490 12.761110
0 1 0.215264 0.740491 8.818547 -97.725376 -0.103351 -0.189128 0.724488 12.761109
0 1 0.416433 0.787965 8.818547 -97.725376 -0.200173 -0.245732 0.724488 12.761109
0 1 0.416433 0.834569 8.818547 -97.725376 -0.200415 -0.254518 0.724488 12.761109
0 1 0.416433 0.880731 8.818547 -97.725376 -0.200656 -0.263221 0.724488 12.761109
0 1 0.287889 0.824493 8.818547 -97.725376 -0.138886 -0.221667 0.724488 12.761109
0 1 0.287889 0.869890 8.818547 -97.725376 -0.139049 -0.230153 0.724488 12.761109
0 1 0.287889 0.917134 8.818547 -97.725376 -0.139219 -0.238984 0.724488 12.761109
0 1 0.287889 0.963919 8.850546 -97.722658 -0.139388 -0.247729 0.727382 12.762568
0 1 0.287889 1.010655 8.850921 -97.722663 -0.139556 -0.256465 0.727179 12.762472
0 1 0.287889 1.059639 8.850926 -97.722664 -0.139732 -0.265621 0.727177 12.762471
0 1 0.287889 1.108140 8.835130 -97.724016 -0.139907 -0.274687 0.725683 12.756627
0 1 0.287889 1.155658 8.834944 -97.724014 -0.140078 -0.283569 0.725784 12.756675
0 1 0.287889 1.204636 8.834942 -97.724013 -0.140254 -0.292724 0.725785 12.756675
0 1 0.720101 1.258360 8.834942 -97.724013 -0.351252 -0.405997 0.725785 12.756675
0 1 0.720101 1.308916 8.834942 -97.724013 -0.351707 -0.415582 0.725785 12.756675
0 1 0.720101 1.358708 8.834942 -97.724013 -0.352155 -0.425022 0.725785 12.756675
0 1 0.499094 1.229458 8.834942 -97.724013 -0.244379 -0.346849 0.725785 12.756675
0 1 0.499094 1.278110 8.834942 -97.724013 -0.244683 -0.355938 0.725785 12.756675
0 1 0.499094 1.327151 8.834942 -97.724013 -0.244989 -0.365101 0.725785 12.756675
0 1 0.499094 1.378215 8.834942 -97.724013 -0.245307 -0.374641 0.725785 12.756675
0 1 0.499094 1.429929 8.834942 -97.724013 -0.245630 -0.384303 0.725785 12.756675
0 1 0.499094 1.480799 8.834942 -97.724013 -0.245947 -0.393807 0.725785 12.756675
0 1 0.499094 1.531576 8.834942 -97.724013 -0.246264 -0.403293 0.725785 12.756675
0 1 0.499094 1.581890 8.834942 -97.724013 -0.246578 -0.412694 0.725785 12.756675
0 1 0.499094 1.633421 8.834942 -97.724013 -0.246899 -0.422321 0.725785 12.756675
0 1 0.499094 1.684091 8.834942 -97.724013 -0.247215 -0.431788 0.725785 12.756675
0 1 1.179280 1.751557 8.834942 -97.724013 -0.584903 -0.607371 0.725785 12.756675
0 1 1.179280 1.804387 8.834942 -97.724013 -0.585682 -0.617462 0.725785 12.756675
0 1 0.802016 1.550141 8.834942 -97.724013 -0.398827 -0.477373 0.725785 12.756675
0 1 0.802016 1.603000 8.834942 -97.724013 -0.399357 -0.487221 0.725785 12.756675
0 1 0.802016 1.655402 8.834942 -97.724013 -0.399882 -0.496983 0.725785 12.756675
0 1 0.802016 1.707961 8.866941 -97.721289 -0.400409 -0.506774 0.728679 12.758135
0 1 0.802016 1.758649 8.867317 -97.721294 -0.400917 -0.516217 0.728476 12.758039
0 1 0.802016 1.809568 8.867321 -97.721295 -0.401427 -0.525703 0.728473 12.758038
0 1 0.802016 1.860249 8.867321 -97.721295 -0.401936 -0.535144 0.728473 12.758038
0 1 0.802016 1.911710 8.867321 -97.721295 -0.402451 -0.544731 0.728473 12.758038
0 1 0.802016 1.963510 8.867321 -97.721295 -0.402971 -0.554381 0.728473 12.758038
0 1 0.802016 2.015685 8.867321 -97.721295 -0.403494 -0.564101 0.728473 12.758038
0 1 1.807950 2.102820 8.867321 -97.721295 -0.910771 -0.820745 0.728473 12.758038
0 1 1.807950 2.154323 8.867321 -97.721295 -0.911935 -0.830654 0.728473 12.758038
0 1 1.807950 2.205558 8.867321 -97.721295 -0.913093 -0.840513 0.728473 12.758038
0 1 1.289273 1.836525 8.867321 -97.721295 -0.651984 -0.645009 0.728473 12.758038
0 1 1.289273 1.887708 8.867321 -97.721295 -0.652809 -0.654526 0.728473 12.758038
0 1 1.289273 1.938635 8.835322 -97.724019 -0.653630 -0.663995 0.725580 12.756578
0 1 1.289273 1.988158 8.834947 -97.724014 -0.654428 -0.673203 0.725782 12.756674
0 1 1.289273 2.038687 8.834942 -97.724013 -0.655242 -0.682598 0.725785 12.756675
0 1 1.289273 2.090197 8.834942 -97.724013 -0.656072 -0.692175 0.725785 12.756675
0 1 1.289273 2.141758 8.834942 -97.724013 -0.656903 -0.701762 0.725785 12.756675
0 1 1.289273 2.191967 8.834942 -97.724013 -0.657712 -0.711098 0.725785 12.756675
0 1 1.289273 2.243079 8.834942 -97.724013 -0.658536 -0.720601 0.725785 12.756675
0 1 2.525897 2.352557 8.834942 -97.724013 -1.291706 -1.034267 0.725785 12.756675
0 1 2.525897 2.402067 8.834942 -97.724013 -1.293269 -1.043842 0.725785 12.756675
0 1 2.525897 2.449968 8.834942 -97.724013 -1.294782 -1.053105 0.725785 12.756675
0 1 1.252681 1.495614 8.834942 -97.724013 -0.642874 -0.568419 0.725785 12.756675
0 1 1.252681 1.543593 8.834942 -97.724013 -0.643625 -0.576933 0.725785 12.756675
0 1 1.252681 1.591220 8.834942 -97.724013 -0.644371 -0.585386 0.725785 12.756675
0 1 1.252681 1.639234 8.834942 -97.724013 -0.645123 -0.593906 0.725785 12.756675
0 1 1.252681 1.685917 8.834942 -97.724013 -0.645854 -0.602191 0.725785 12.756675
0 1 1.252681 1.732449 8.834942 -97.724013 -0.646582 -0.610449 0.725785 12.756675
0 1 1.252681 1.780528 8.834942 -97.724013 -0.647335 -0.618981 0.725785 12.756675
0 1 1.252681 1.826999 8.834942 -97.724013 -0.648063 -0.627228 0.725785 12.756675
0 1 1.252681 1.874101 8.834942 -97.724013 -0.648800 -0.635587 0.725785 12.756675
0 1 2.700295 1.991959 8.834942 -97.724013 -1.400096 -1.006072 0.725785 12.756675
0 1 2.700295 2.038729 8.834942 -97.724013 -1.401675 -1.014781 0.725785 12.756675
0 1 2.700295 2.083766 8.834942 -97.724013 -1.403195 -1.023167 0.725785 12.756675
0 1 1.964389 1.568364 8.834942 -97.724013 -1.021876 -0.753417 0.725785 12.756675
0 1 1.964389 1.612943 8.834942 -97.724013 -1.022971 -0.761308 0.725785 12.756675
0 1 1.964389 1.657024 8.834942 -97.724013 -1.024053 -0.769110 0.725785 12.756675
0 1 1.964389 1.699331 8.834942 -97.724013 -1.025092 -0.776599 0.725785 12.756675
0 1 1.964389 1.742915 8.834942 -97.724013 -1.026162 -0.784313 0.725785 12.756675
0 1 1.964389 1.784393 8.834942 -97.724013 -1.027181 -0.791655 0.725785 12.756675
0 1 1.964389 1.826844 8.834942 -97.724013 -1.028223 -0.799169 0.725785 12.756675
0 1 1.964389 1.871495 8.834942 -97.724013 -1.029319 -0.807073 0.725785 12.756675
0 1 1.964389 1.911975 8.834942 -97.724013 -1.030313 -0.814238 0.725785 12.756675
0 1 3.490326 2.056408 8.834942 -97.724013 -1.832423 -1.203967 0.725785 12.756675
0 1 3.490326 2.095998 8.834942 -97.724013 -1.834150 -1.211335 0.725785 12.756675
0 1 3.490326 2.136005 8.834942 -97.724013 -1.835895 -1.218781 0.725785 12.756675
0 1 2.746830 1.610161 8.834942 -97.724013 -1.446162 -0.950410 0.725785 12.756675
0 1 2.746830 1.648793 8.834942 -97.724013 -1.447488 -0.957241 0.725785 12.756675
0 1 2.746830 1.686382 8.834942 -97.724013 -1.448779 -0.963887 0.725785 12.756675
0 1 2.746830 1.723155 8.802942 -97.726726 -1.450042 -0.970389 0.722892 12.755217
0 1 2.746830 1.760126 8.802566 -97.726722 -1.451311 -0.976926 0.723095 12.755313
0 1 2.746830 1.796637 8.802562 -97.726720 -1.452565 -0.983382 0.723097 12.755314
0 1 2.746830 1.831249 8.802562 -97.726720 -1.453753 -0.989502 0.723097 12.755314
0 1 2.746830 1.866748 8.802562 -97.726720 -1.454972 -0.995779 0.723097 12.755314
0 1 2.746830 1.901327 8.802562 -97.726720 -1.456159 -1.001893 0.723097 12.755314
0 1 2.746830 1.935803 8.802562 -97.726720 -1.457343 -1.007990 0.723097 12.755314
0 1 5.765119 2.289994 8.802562 -97.726720 -3.061292 -1.762383 0.723097 12.755314
0 1 5.765119 2.321604 8.802562 -97.726720 -3.063570 -1.768529 0.723097 12.755314
0 1 5.042337 1.762762 8.802562 -97.726720 -2.681527 -1.516081 0.723097 12.755314
0 1 5.042337 1.794546 8.802562 -97.726720 -2.683531 -1.521974 0.723097 12.755314
0 1 5.042337 1.825448 8.802562 -97.726720 -2.685478 -1.527703 0.723097 12.755314
0 1 5.042337 1.854462 8.802562 -97.726720 -2.687307 -1.533082 0.723097 12.755314
0 1 5.042337 1.883096 8.802562 -97.726720 -2.689112 -1.538390 0.723097 12.755314
0 1 5.042337 1.911063 8.802562 -97.726720 -2.690875 -1.543575 0.723097 12.755314
0 1 5.042337 1.939006 8.818359 -97.725374 -2.692636 -1.548756 0.724590 12.761157
0 1 5.042337 1.966992 8.818545 -97.725376 -2.694400 -1.553944 0.724490 12.761110
0 1 5.042337 1.992522 8.818547 -97.725376 -2.696009 -1.558677 0.724488 12.761109
0 1 5.042337 2.017908 8.818547 -97.725376 -2.697609 -1.563384 0.724488 12.761109
0 1 6.454692 2.241994 8.818547 -97.725376 -3.455186 -1.913696 0.724488 12.761109
0 1 6.454692 2.265335 8.818547 -97.725376 -3.457069 -1.918212 0.724488 12.761109
0 1 5.772742 1.734751 8.818547 -97.725376 -3.093540 -1.684417 0.724488 12.761109
0 1 5.772742 1.757636 8.818547 -97.725376 -3.095191 -1.688650 0.724488 12.761109
0 1 5.772742 1.779283 8.818547 -97.725376 -3.096753 -1.692653 0.724488 12.761109
0 1 5.772742 1.800260 8.818547 -97.725376 -3.098267 -1.696533 0.724488 12.761109
0 1 5.772742 1.820265 8.818547 -97.725376 -3.099711 -1.700233 0.724488 12.761109
0 1 5.772742 1.839926 8.818547 -97.725376 -3.101129 -1.703869 0.724488 12.761109
0 1 5.772742 1.858656 8.802749 -97.726723 -3.102481 -1.707333 0.722996 12.755266
0 1 5.772742 1.876119 8.802564 -97.726721 -3.103741 -1.710563 0.723096 12.755314
0 1 5.772742 1.892876 8.802562 -97.726720 -3.104950 -1.713662 0.723097 12.755314
0 1 5.772742 1.909325 8.802562 -97.726720 -3.106137 -1.716704 0.723097 12.755314
0 1 7.072125 2.127974 8.802562 -97.726720 -3.806646 -2.037542 0.723097 12.755314
0 1 7.072125 2.142473 8.802562 -97.726720 -3.807928 -2.040331 0.723097 12.755314
0 1 7.072125 2.156681 8.802562 -97.726720 -3.809184 -2.043063 0.723097 12.755314
0 1 6.459675 1.675418 8.802562 -97.726720 -3.480399 -1.836619 0.723097 12.755314
0 1 6.459675 1.687329 8.802562 -97.726720 -3.481360 -1.838818 0.723097 12.755314
0 1 6.459675 1.698802 8.834562 -97.724007 -3.482287 -1.840937 0.725990 12.756772
0 1 6.459675 1.709244 8.834938 -97.724012 -3.483130 -1.842865 0.725787 12.756676
0 1 6.459675 1.719036 8.834942 -97.724013 -3.483921 -1.844674 0.725785 12.756675
0 1 6.459675 1.728184 8.850738 -97.722661 -3.484659 -1.846363 0.727278 12.762519
0 1 6.459675 1.736308 8.850924 -97.722663 -3.485315 -1.847864 0.727178 12.762471
0 1 6.459675 1.743728 8.850926 -97.722664 -3.485914 -1.849234 0.727177 12.762471
0 1 6.459675 1.750365 8.850926 -97.722664 -3.486450 -1.850459 0.727177 12.762471
0 1 7.642125 1.957769 8.850926 -97.722664 -4.125190 -2.140301 0.727177 12.762471
0 1 7.642125 1.962675 8.850926 -97.722664 -4.125658 -2.141240 0.727177 12.762471
0 1 7.642125 1.966681 8.850926 -97.722664 -4.126041 -2.142006 0.727177 12.762471
0 1 7.135959 1.561966 8.850926 -97.722664 -3.853033 -1.974106 0.727177 12.762471
0 1 7.135959 1.564221 8.850926 -97.722664 -3.853234 -1.974523 0.727177 12.762471
0 1 7.135959 1.565650 8.818927 -97.725383 -3.853362 -1.974788 0.724283 12.761012
0 1 7.135959 1.566259 8.818551 -97.725378 -3.853416 -1.974900 0.724486 12.761108
1 1 0.000000 -0.000000 8.818547 -97.725377 -0.000000 -0.000000 0.724488 12.761109
1 1 0.000000 -0.000000 8.818547 -97.725376 -0.000000 -0.000000 0.724488 12.761109
1 1 0.000000 0.000000 8.818547 -97.725376 -0.000000 -0.000000 0.724488 12.761109
1 1 0.000000 0.000000 8.818547 -97.725376 -0.000000 -0.000000 0.724488 12.761109
1 1 0.000000 -0.000000 8.818547 -97.725376 -0.000000 -0.000000 0.724488 12.761109
1 1 0.000000 -0.000000 8.818547 -97.725376 0.000000 0.000000 0.724488 12.761109
1 1 -0.000000 -0.000000 8.818547 -97.725376 0.000000 0.000000 0.724488 12.761109
1 1 0.000000 -0.000000 8.818547 -97.725376 0.000000 0.000000 0.724488 12.761109
1 1 0.000000 0.000000 8.818547 -97.725376 -0.000000 -0.000000 0.724488 12.761109
1 1 0.000000 0.000000 8.818547 -97.725376 -0.000000 -0.000000 0.724488 12.761109
1 1 0.000000 0.000000 8.818547 -97.725376 -0.000000 -0.000000 0.724488 12.761109
1 1 0.000000 0.000000 8.818547 -97.725376 -0.000000 -0.000000 0.724488 12.761109
1 1 0.000000 0.000000 8.818547 -97.725376 -0.000000 -0.000000 0.724488 12.761109
1 1 0.000000 0.000000 8.818547 -97.725376 -0.000000 -0.000000 0.724488 12.761109
1 1 0.000000 0.000000 8.818547 -97.725376 -0.000000 -0.000000 0.724488 12.761109
1 1 0.000000 0.000000 8.818547 -97.725376 -0.000000 -0.000000 0.724488 12.761109
1 1 0.000000 0.000000 8.818547 -97.725376 -0.000000 -0.000000 0.724488 12.761109
1 1 0.000000 0.000000 8.818547 -97.725376 -0.000000 -0.000000 0.724488 12.761109
1 1 0.000000 0.000000 8.818547 -97.725376 -0.000000 -0.000000 0.724488 12.761109
1 1 0.000000 0.000000 8.818547 -97.725376 -0.000000 -0.000000 0.724488 12.761109
1 1 -0.000000 -0.000000 8.818547 -97.725376 0.000000 0.000000 0.724488 12.761109
1 1 -0.000000 -0.000000 8.818547 -97.725376 0.000000 0.000000 0.724488 12.761109
1 1 0.000000 0.000000 8.786546 -97.728085 -0.000000 -0.000000 0.721593 12.759648
1 1 0.000000 0.000000 8.786171 -97.728080 -0.000000 -0.000000 0.721796 12.759744
1 1 0.000000 0.000000 8.786167 -97.728079 -0.000000 -0.000000 0.721798 12.759745
1 1 0.000000 0.000000 8.786166 -97.728079 -0.000000 -0.000000 0.721798 12.759745
1 1 0.000000 0.000000 8.786166 -97.728079 -0.000000 -0.000000 0.721798 12.759745
1 1 0.000000 0.000000 8.786166 -97.728079 -0.000000 -0.000000 0.721798 12.759745
1 1 0.000000 0.000000 8.786166 -97.728079 -0.000000 -0.000000 0.721798 12.759745
1 1 0.000000 0.000000 8.786166 -97.728079 -0.000000 -0.000000 0.721798 12.759745
1 1 -0.000000 0.000000 8.786166 -97.728079 0.000000 -0.000000 0.721798 12.759745
1 1 -0.000000 0.000000 8.786166 -97.728079 0.000000 -0.000000 0.721798 12.759745
1 1 -0.000000 0.000000 8.786166 -97.728079 0.000000 -0.000000 0.721798 12.759745
1 1 -0.000000 0.000000 8.786166 -97.728079 0.000000 -0.000000 0.721798 12.759745
1 1 -0.000000 0.000000 8.786166 -97.728079 0.000000 -0.000000 0.721798 12.759745
1 1 -0.000000 0.000000 8.786166 -97.728079 0.000000 -0.000000 0.721798 12.759745
1 1 -0.000000 0.000000 8.786166 -97.728079 0.000000 -0.000000 0.721798 12.759745
1 1 -0.000000 0.000000 8.786166 -97.728079 0.000000 -0.000000 0.721798 12.759745
1 1 -0.000000 0.000000 8.786166 -97.728079 0.000000 -0.000000 0.721798 12.759745
1 1 0.000000 0.000000 8.786166 -97.728079 -0.000000 -0.000000 0.721798 12.759745
1 1 0.000000 0.000000 8.786166 -97.728079 -0.000000 -0.000000 0.721798 12.759745
1 1 0.000000 0.000000 8.786166 -97.728079 -0.000000 -0.000000 0.721798 12.759745
1 1 -0.000000 -0.000000 8.786166 -97.728079 0.000000 0.000000 0.721798 12.759745
1 1 -0.000000 -0.000000 8.786166 -97.728079 0.000000 0.000000 0.721798 12.759745
1 1 -0.000000 -0.000000 8.786166 -97.728079 0.000000 0.000000 0.721798 12.759745
1 1 -0.000000 0.000000 8.818167 -97.725370 -0.000000 -0.000000 0.724694 12.761206
1 1 0.000000 0.000000 8.818542 -97.725375 -0.000000 -0.000000 0.724491 12.761110
1 1 -0.000000 0.000000 8.818547 -97.725376 -0.000000 -0.000000 0.724488 12.761109
1 1 -0.000000 0.000000 8.818547 -97.725376 0.000000 -0.000000 0.724488 12.761109
1 1 0.000000 0.000000 8.818547 -97.725376 -0.000000 -0.000000 0.724488 12.761109
1 1 0.000000 0.000000 8.818547 -97.725376 -0.000000 -0.000000 0.724488 12.761109
1 1 -0.000000 -0.000000 8.818547 -97.725376 0.000000 0.000000 0.724488 12.761109
1 1 -0.000000 0.000000 8.818547 -97.725376 -0.000000 -0.000000 0.724488 12.761109
1 1 0.000000 0.000000 8.818547 -97.725376 -0.000000 -0.000000 0.724488 12.761109
1 1 0.000000 0.000000 8.818547 -97.725376 -0.000000 -0.000000 0.724488 12.761109
1 1 0.000000 0.000000 8.818547 -97.725376 -0.000000 -0.000000 0.724488 12.761109
1 1 0.000000 0.000000 8.818547 -97.725376 -0.000000 -0.000000 0.724488 12.761109
1 1 0.000000 0.000000 8.818547 -97.725376 -0.000000 -0.000000 0.724488 12.761109
1 1 0.000000 0.000000 8.818547 -97.725376 -0.000000 -0.000000 0.724488 12.761109
1 1 0.000000 0.000000 8.818547 -97.725376 -0.000000 -0.000000 0.724488 12.761109
1 1 0.000000 0.000000 8.818547 -97.725376 -0.000000 -0.000000 0.724488 12.761109
1 1 0.000000 0.000000 8.818547 -97.725376 -0.000000 -0.000000 0.724488 12.761109
1 1 0.000000 0.000000 8.818547 -97.725376 -0.000000 -0.000000 0.724488 12.761109
1 1 -0.000000 0.000000 8.818547 -97.725376 0.000000 -0.000000 0.724488 12.761109
1 1 -0.000000 0.000000 8.818547 -97.725376 0.000000 -0.000000 0.724488 12.761109
1 1 -0.000000 0.000000 8.818547 -97.725376 0.000000 -0.000000 0.724488 12.761109
1 1 -0.000000 0.000000 8.818547 -97.725376 0.000000 -0.000000 0.724488 12.761109
1 1 -0.000000 0.000000 8.818547 -97.725376 0.000000 -0.000000 0.724488 12.761109
1 1 -0.000000 0.000000 8.818547 -97.725376 0.000000 -0.000000 0.724488 12.761109
1 1 0.000000 -0.000000 8.850546 -97.722658 -0.000000 0.000000 0.727382 12.762568
1 1 0.000000 0.000000 8.850921 -97.722663 -0.000000 -0.000000 0.727179 12.762472
1 1 -0.000000 0.000000 8.850926 -97.722664 0.000000 0.000000 0.727177 12.762471
1 1 -0.000000 -0.000000 8.835130 -97.724016 0.000000 0.000000 0.725683 12.756627
1 1 -0.000000 -0.000000 8.834944 -97.724014 0.000000 0.000000 0.725784 12.756675
1 1 -0.000000 -0.000000 8.834942 -97.724013 0.000000 0.000000 0.725785 12.756675
1 1 0.000000 0.000000 8.834942 -97.724013 -0.000000 -0.000000 0.725785 12.756675
1 1 0.000000 -0.000000 8.834942 -97.724013 -0.000000 -0.000000 0.725785 12.756675
1 1 0.000000 -0.000000 8.834942 -97.724013 0.000000 0.000000 0.725785 12.756675
1 1 0.000000 -0.000000 8.834942 -97.724013 -0.000000 0.000000 0.725785 12.756675
1 1 -0.000000 -0.000000 8.834942 -97.724013 0.000000 0.000000 0.725785 12.756675
1 1 0.000000 -0.000000 8.834942 -97.724013 0.000000 0.000000 0.725785 12.756675
1 1 0.000000 -0.000000 8.834942 -97.724013 0.000000 0.000000 0.725785 12.756675
1 1 0.000000 -0.000000 8.834942 -97.724013 0.000000 0.000000 0.725785 12.756675
1 1 0.000000 -0.000000 8.834942 -97.724013 0.000000 0.000000 0.725785 12.756675
1 1 0.000000 -0.000000 8.834942 -97.724013 0.000000 0.000000 0.725785 12.756675
1 1 0.000000 -0.000000 8.834942 -97.724013 0.000000 0.000000 0.725785 12.756675
1 1 0.000000 -0.000000 8.834942 -97.724013 0.000000 0.000000 0.725785 12.756675
1 1 0.000000 -0.000000 8.834942 -97.724013 0.000000 0.000000 0.725785 12.756675
1 1 -0.000000 -0.000000 8.834942 -97.724013 0.000000 0.000000 0.725785 12.756675
1 1 -0.000000 -0.000000 8.834942 -97.724013 0.000000 0.000000 0.725785 12.756675
1 1 -0.000000 -0.000000 8.834942 -97.724013 0.000000 0.000000 0.725785 12.756675
1 1 -0.000000 -0.000000 8.834942 -97.724013 0.000000 0.000000 0.725785 12.756675
1 1 -0.000000 -0.000000 8.834942 -97.724013 0.000000 0.000000 0.725785 12.756675
1 1 -0.000000 -0.000000 8.834942 -97.724013 0.000000 0.000000 0.725785 12.756675
1 0 12.663810 -93.838922 4.509069 -0.103317 1.163780 13.532980 -2.434893 -1.145474
1 0 13.262940 -97.129240 4.509069 -0.104116 1.122791 13.969917 -2.434848 -1.145352
1 0 13.285944 -97.245330 4.509069 -0.105700 1.120361 13.984881 -2.434759 -1.145108
1 0 13.286780 -97.249435 4.509069 -0.108161 1.120264 13.985405 -2.434620 -1.144729
1 0 13.286809 -97.249580 4.509069 -0.111450 1.120260 13.985423 -2.434435 -1.144223
1 0 13.286811 -97.249585 4.509069 -0.115446 1.120260 13.985424 -2.434209 -1.143609
1 0 12.685759 -97.325901 4.509069 -0.120403 1.063828 13.956978 -2.433930 -1.142846
1 0 12.678408 -97.325866 4.509069 -0.126311 1.067707 13.958762 -2.433597 -1.141937
1 0 12.678314 -97.325832 4.509069 -0.133091 1.067754 13.958780 -2.433215 -1.140895
1 0 12.678312 -97.325831 4.509069 -0.141552 1.067755 13.958780 -2.432738 -1.139593
1 0 12.678312 -97.325830 4.509069 -0.149731 1.067755 13.958780 -2.432277 -1.138335
1 0 12.678312 -97.325830 4.492550 -0.160851 1.067755 13.958780 -2.422838 -1.132649
1 0 12.678312 -97.325830 4.492550 -0.170871 1.067755 13.958780 -2.422276 -1.131109
1 0 12.678312 -97.325830 4.492550 -0.181724 1.067755 13.958780 -2.421666 -1.129440
1 0 12.678312 -97.325830 4.492550 -0.193681 1.067755 13.958780 -2.420995 -1.127602
1 0 12.678312 -97.325830 4.492550 -0.206277 1.067755 13.958780 -2.420287 -1.125666
1 0 12.678312 -97.325830 4.492550 -0.219667 1.067755 13.958780 -2.419535 -1.123608
1 0 12.678312 -97.325830 4.492550 -0.234076 1.067755 13.958780 -2.418726 -1.121392
1 0 12.203410 -97.383498 4.492550 -0.249089 1.023297 13.936368 -2.417883 -1.119085
1 0 12.197608 -97.383461 4.492550 -0.264930 1.026360 13.937780 -2.416994 -1.116650
1 0 12.197534 -97.383434 4.492550 -0.281871 1.026397 13.937794 -2.416042 -1.114045
1 0 12.197533 -97.383433 4.492550 -0.299285 1.026397 13.937794 -2.415064 -1.111368
1 0 12.197533 -97.383433 4.492550 -0.316941 1.026397 13.937794 -2.414073 -1.108654
1 0 12.197533 -97.383433 4.492550 -0.336275 1.026397 13.937794 -2.412987 -1.105682
1 0 12.197533 -97.383433 4.492550 -0.358326 1.026397 13.937794 -2.411749 -1.102292
1 0 12.197533 -97.383433 4.492550 -0.378424 1.026397 13.937794 -2.410620 -1.099203
1 0 12.197533 -97.383433 4.492550 -0.400117 1.026397 13.937794 -2.409402 -1.095868
1 0 12.197533 -97.383433 4.492550 -0.422291 1.026397 13.937794 -2.408157 -1.092459
1 0 12.197533 -97.383433 4.492550 -0.445597 1.026397 13.937794 -2.406848 -1.088876
1 0 12.197533 -97.383433 4.492550 -0.469727 1.026397 13.937794 -2.405493 -1.085167
1 0 12.704059 -97.321750 4.492550 -0.496774 1.073823 13.961684 -2.403974 -1.081009
1 0 12.710268 -97.321876 4.492550 -0.521245 1.070556 13.960194 -2.402600 -1.077247
1 0 10.903482 -97.530709 4.492550 -0.547565 0.891949 13.287524 -2.401122 -1.073201
1 0 10.881958 -97.531043 4.492550 -0.574092 0.903498 13.292982 -2.399632 -1.069124
1 0 10.881693 -97.530972 4.492550 -0.602054 0.903635 13.293037 -2.398062 -1.064825
1 0 10.881690 -97.530969 4.442987 -0.635799 0.903636 13.293037 -2.370015 -1.047838
1 0 10.881690 -97.530969 4.442987 -0.664538 0.903636 13.293037 -2.368419 -1.043428
1 0 10.881690 -97.530969 4.442987 -0.693548 0.903636 13.293037 -2.366808 -1.038977
1 0 10.881690 -97.530969 5.159076 -0.280964 0.903636 13.293037 -2.746287 -1.255777
1 0 10.881690 -97.530969 5.159076 -0.311878 0.903636 13.293037 -2.744294 -1.250758
1 0 10.881690 -97.530969 5.159076 -0.343325 0.903636 13.293037 -2.742266 -1.245651
1 0 10.881690 -97.530969 5.159076 -0.376156 0.903636 13.293037 -2.740148 -1.240320
1 0 11.359143 -97.479424 5.159076 -0.411147 0.947566 13.315194 -2.737892 -1.234638
1 0 11.364862 -97.479544 5.159076 -0.443779 0.944515 13.313784 -2.735788 -1.229339
1 0 11.161592 -97.501964 5.159076 -0.478500 0.924645 13.238082 -2.733548 -1.223701
1 0 11.159167 -97.501945 5.159076 -0.513612 0.925943 13.238687 -2.731284 -1.218000
1 0 11.159137 -97.501935 5.159076 -0.548122 0.925959 13.238693 -2.729059 -1.212396
1 0 11.159137 -97.501934 4.733670 -0.632161 0.925959 13.238693 -2.501957 -1.100590
1 0 11.159137 -97.501934 4.733670 -0.667922 0.925959 13.238693 -2.499841 -1.094873
1 0 11.159137 -97.501934 4.733670 -0.704064 0.925959 13.238693 -2.497702 -1.089095
1 0 11.159137 -97.501934 5.657117 -0.130878 0.925959 13.238693 -2.982226 -1.370378
1 0 11.159137 -97.501934 5.657117 -0.169240 0.925959 13.238693 -2.979513 -1.363803
1 0 11.159137 -97.501934 5.657117 -0.208201 0.925959 13.238693 -2.976758 -1.357124
1 0 11.159137 -97.501934 5.657117 -0.248408 0.925959 13.238693 -2.973915 -1.350232
1 0 11.190977 -97.498484 5.657117 -0.288256 0.928886 13.240169 -2.971097 -1.343401
1 0 11.191357 -97.498490 5.657117 -0.329580 0.928683 13.240074 -2.968175 -1.336318
1 0 11.191361 -97.498491 5.657117 -0.371402 0.928681 13.240073 -2.965217 -1.329149
1 0 11.191362 -97.498491 5.657117 -0.418884 0.928681 13.240073 -2.961860 -1.321010
1 0 11.191362 -97.498491 5.657117 -0.459918 0.928681 13.240073 -2.958958 -1.313976
1 0 11.191362 -97.498491 5.269580 -0.553300 0.928681 13.240073 -2.753400 -1.212022
1 0 11.191362 -97.498491 5.269580 -0.596333 0.928681 13.240073 -2.750566 -1.204743
1 0 11.191362 -97.498491 5.269580 -0.639103 0.928681 13.240073 -2.747749 -1.197508
1 0 11.191362 -97.498491 5.734544 -0.356160 0.928681 13.240073 -2.987142 -1.335163
1 0 11.191362 -97.498491 5.734544 -0.400497 0.928681 13.240073 -2.983964 -1.327406
1 0 11.191362 -97.498491 5.734544 -0.445216 0.928681 13.240073 -2.980759 -1.319582
1 0 11.191362 -97.498491 5.734544 -0.491340 0.928681 13.240073 -2.977452 -1.311511
1 0 11.159521 -97.501941 5.734544 -0.536615 0.925753 13.238598 -2.974207 -1.303590
1 0 11.159141 -97.501936 5.734544 -0.582970 0.925957 13.238692 -2.970884 -1.295479
1 0 11.190431 -97.498515 5.734544 -0.630456 0.929008 13.250342 -2.967480 -1.287171
1 0 11.190805 -97.498519 5.734544 -0.683591 0.928809 13.250249 -2.963671 -1.277874
1 0 11.190810 -97.498521 5.734544 -0.729619 0.928806 13.250248 -2.960372 -1.269821
1 0 11.190810 -97.498521 4.304575 -0.948517 0.928806 13.250248 -2.219564 -0.915949
1 0 11.190810 -97.498521 4.304575 -0.996312 0.928806 13.250248 -2.216993 -0.907986
1 0 11.190810 -97.498521 4.304575 -1.045197 0.928806 13.250248 -2.214362 -0.899843
1 0 11.190810 -97.498521 4.944661 -0.652226 0.928806 13.250248 -2.540570 -1.092433
1 0 11.190810 -97.498521 4.944661 -0.700322 0.928806 13.250248 -2.537598 -1.084036
1 0 11.190810 -97.498521 4.944661 -0.749761 0.928806 13.250248 -2.534542 -1.075404
1 0 11.190810 -97.498521 4.944661 -0.799684 0.928806 13.250248 -2.531456 -1.066688
1 0 11.063452 -97.512255 4.944661 -0.854589 0.917101 13.244340 -2.528063 -1.057102
1 0 11.061932 -97.512237 4.944661 -0.903121 0.917914 13.244719 -2.525063 -1.048628
1 0 11.140161 -97.503737 4.944661 -0.954200 0.925543 13.273834 -2.521906 -1.039710
1 0 11.141096 -97.503749 4.944661 -1.004643 0.925044 13.273601 -2.518788 -1.030903
1 0 11.141108 -97.503753 4.944661 -1.059945 0.925038 13.273599 -2.515370 -1.021248
1 0 11.141108 -97.503753 4.147372 -1.196339 0.925038 13.273599 -2.107210 -0.822157
1 0 11.141108 -97.503753 4.147372 -1.248090 0.925038 13.273599 -2.104527 -0.813364
1 0 11.141108 -97.503753 4.147372 -1.298864 0.925038 13.273599 -2.101895 -0.804738
1 0 11.141108 -97.503753 4.957849 -0.766404 0.925038 13.273599 -2.509568 -1.051754
1 0 11.141108 -97.503753 4.957849 -0.818091 0.925038 13.273599 -2.506365 -1.042448
1 0 11.141108 -97.503753 4.957849 -0.869847 0.925038 13.273599 -2.503157 -1.033130
1 0 11.141108 -97.503753 4.957849 -0.922506 0.925038 13.273599 -2.499894 -1.023650
1 0 11.172939 -97.500309 4.957849 -0.974256 0.927964 13.275074 -2.496687 -1.014333
1 0 11.173319 -97.500314 4.957849 -1.026333 0.927761 13.274980 -2.493459 -1.004957
1 0 11.142031 -97.503730 4.957849 -1.079200 0.924710 13.263336 -2.490183 -0.995438
1 0 11.141658 -97.503726 4.957849 -1.130962 0.924910 13.263429 -2.486975 -0.986119
1 0 11.141653 -97.503724 4.957849 -1.182757 0.924912 13.263430 -2.483765 -0.976794
1 0 11.141653 -97.503724 4.028027 -1.336832 0.924912 13.263430 -2.015280 -0.749281
1 0 11.141653 -97.503724 4.028027 -1.389183 0.924912 13.263430 -2.012644 -0.740141
1 0 11.141653 -97.503724 4.028027 -1.440999 0.924912 13.263430 -2.010035 -0.731094
1 0 11.141653 -97.503724 4.978325 -0.774916 0.924912 13.263430 -2.481116 -1.025440
1 0 11.141653 -97.503724 4.978325 -0.826879 0.924912 13.263430 -2.477883 -1.015750
1 0 11.141653 -97.503724 4.978325 -0.879421 0.924912 13.263430 -2.474613 -1.005952
1 0 11.141653 -97.503724 4.978325 -0.932225 0.924912 13.263430 -2.471327 -0.996106
1 0 11.141653 -97.503724 4.978325 -0.983375 0.924912 13.263430 -2.468144 -0.986568
1 0 11.141653 -97.503724 4.978325 -1.036060 0.924912 13.263430 -2.464866 -0.976744
1 0 11.141653 -97.503724 4.978325 -1.087493 0.924912 13.263430 -2.461665 -0.967153
1 0 11.141653 -97.503724 4.978325 -1.138487 0.924912 13.263430 -2.458492 -0.957644
1 0 11.141653 -97.503724 4.978325 -1.189576 0.924912 13.263430 -2.455313 -0.948117
1 0 11.141653 -97.503724 3.797971 -1.366246 0.924912 13.263430 -1.870814 -0.667352
1 0 11.141653 -97.503724 3.797971 -1.417165 0.924912 13.263430 -1.868397 -0.658208
1 0 11.141653 -97.503724 3.797971 -1.466663 0.924912 13.263430 -1.866047 -0.649319
1 0 11.141653 -97.503724 4.782646 -0.741528 0.924912 13.263430 -2.346760 -0.960607
1 0 11.141653 -97.503724 4.782646 -0.791923 0.924912 13.263430 -2.343747 -0.950937
1 0 11.141653 -97.503724 4.782646 -0.841940 0.924912 13.263430 -2.340757 -0.941339
1 0 11.141653 -97.503724 4.782646 -0.890963 0.924912 13.263430 -2.337826 -0.931932
1 0 11.141653 -97.503724 4.782646 -0.940503 0.924912 13.263430 -2.334865 -0.922426
1 0 11.141653 -97.503724 4.782646 -0.990992 0.924912 13.263430 -2.331846 -0.912738
1 0 11.141653 -97.503724 4.782646 -1.041112 0.924912 13.263430 -2.328850 -0.903120
1 0 11.141653 -97.503724 4.782646 -1.093144 0.924912 13.263430 -2.325739 -0.893136
1 0 11.141653 -97.503724 4.782646 -1.140367 0.924912 13.263430 -2.322916 -0.884074
1 0 11.141653 -97.503724 3.560022 -1.316876 0.924912 13.263430 -1.726902 -0.598107
1 0 11.141653 -97.503724 3.560022 -1.366979 0.924912 13.263430 -1.724672 -0.588850
1 0 11.141653 -97.503724 3.560022 -1.415416 0.924912 13.263430 -1.722517 -0.579901
1 0 11.141653 -97.503724 4.506839 -0.681338 0.924912 13.263430 -2.178051 -0.887312
1 0 11.141653 -97.503724 4.506839 -0.728578 0.924912 13.263430 -2.175389 -0.878024
1 0 11.141653 -97.503724 4.506839 -0.774257 0.924912 13.263430 -2.172816 -0.869044
1 0 11.141653 -97.503724 4.506839 -0.819174 0.924912 13.263430 -2.170285 -0.860213
1 0 11.141653 -97.503724 4.506839 -0.865140 0.924912 13.263430 -2.167696 -0.851176
1 0 11.141653 -97.503724 4.506839 -0.909323 0.924912 13.263430 -2.165207 -0.842490
1 0 11.141653 -97.503724 4.506839 -0.955222 0.924912 13.263430 -2.162621 -0.833466
1 0 11.141653 -97.503724 4.506839 -1.000425 0.924912 13.263430 -2.160075 -0.824579
1 0 11.141653 -97.503724 4.506839 -1.044328 0.924912 13.263430 -2.157601 -0.815948
1 0 11.141653 -97.503724 4.506839 -1.087579 0.924912 13.263430 -2.155165 -0.807445
1 0 11.141653 -97.503724 3.469783 -1.236661 0.924912 13.263430 -1.657333 -0.568277
1 0 11.141653 -97.503724 3.469783 -1.278825 0.924912 13.263430 -1.655505 -0.560242
1 0 11.141653 -97.503724 4.805191 -0.136710 0.924912 13.263430 -2.290123 -1.013888
1 0 11.141653 -97.503724 4.805191 -0.178789 0.924912 13.263430 -2.287595 -1.005167
1 0 11.141653 -97.503724 4.805191 -0.218887 0.924912 13.263430 -2.285187 -0.996856
1 0 11.141653 -97.503724 4.805191 -0.258501 0.924912 13.263430 -2.282807 -0.988646
1 0 11.141653 -97.503724 4.805191 -0.298533 0.924912 13.263430 -2.280403 -0.980349
1 0 11.141653 -97.503724 4.805191 -0.337272 0.924912 13.263430 -2.278076 -0.972319
1 0 11.141653 -97.503724 4.805191 -0.375721 0.924912 13.263430 -2.275766 -0.964351
1 0 11.141653 -97.503724 4.805191 -0.413899 0.924912 13.263430 -2.273473 -0.956438
1 0 11.141653 -97.503724 4.805191 -0.452095 0.924912 13.263430 -2.271179 -0.948521
1 0 11.141653 -97.503724 4.805191 -0.490455 0.924912 13.263430 -2.268875 -0.940571
1 0 11.141653 -97.503724 3.957479 -0.624064 0.924912 13.263430 -1.866795 -0.749977
1 0 11.141653 -97.503724 3.957479 -0.659639 0.924912 13.263430 -1.865036 -0.742776
1 0 11.141653 -97.503724 3.957479 -0.695220 0.924912 13.263430 -1.863275 -0.735574
1 0 11.141653 -97.503724 4.437864 -0.279043 0.924912 13.263430 -2.087499 -0.899467
1 0 11.141653 -97.503724 4.437864 -0.313315 0.924912 13.263430 -2.085597 -0.892324
1 0 11.141653 -97.503724 4.437864 -0.347895 0.924912 13.263430 -2.083679 -0.885118
1 0 11.141653 -97.503724 4.437864 -0.381570 0.924912 13.263430 -2.081811 -0.878099
1 0 11.141653 -97.503724 4.437864 -0.413781 0.924912 13.263430 -2.080024 -0.871386
1 0 11.141653 -97.503724 4.437864 -0.446423 0.924912 13.263430 -2.078214 -0.864583
1 0 11.141653 -97.503724 4.437864 -0.478295 0.924912 13.263430 -2.076446 -0.857940
1 0 11.141653 -97.503724 4.437864 -0.508411 0.924912 13.263430 -2.074775 -0.851664
1 0 11.141653 -97.503724 4.437864 -0.538955 0.924912 13.263430 -2.073080 -0.845298
1 0 11.141653 -97.503724 3.133939 -0.697541 0.924912 13.263430 -1.462852 -0.558153
1 0 11.141653 -97.503724 3.133939 -0.726694 0.924912 13.263430 -1.461710 -0.552297
1 0 11.141653 -97.503724 3.133939 -0.754991 0.924912 13.263430 -1.460601 -0.546612
1 0 11.141653 -97.503724 3.577577 -0.371678 0.924912 13.263430 -1.666160 -0.702056
1 0 11.141653 -97.503724 3.577577 -0.397387 0.924912 13.263430 -1.665010 -0.696749
1 0 11.141653 -97.503724 3.577577 -0.423287 0.924912 13.263430 -1.663852 -0.691402
1 0 11.173491 -97.500280 3.577577 -0.448393 0.927840 13.264907 -1.662729 -0.686220
1 0 11.173872 -97.500285 3.577577 -0.473057 0.927637 13.264812 -1.661626 -0.681128
1 0 11.173876 -97.500287 3.577577 -0.496899 0.927634 13.264811 -1.660560 -0.676207
1 0 11.173876 -97.500287 3.577577 -0.519949 0.927634 13.264811 -1.659529 -0.671448
1 0 11.173876 -97.500287 3.577577 -0.541192 0.927634 13.264811 -1.658579 -0.667063
1 0 11.173876 -97.500287 3.577577 -0.561844 0.927634 13.264811 -1.657655 -0.662800
1 0 11.173876 -97.500287 3.031750 -0.629824 0.927634 13.264811 -1.403988 -0.540952
1 0 11.173876 -97.500287 3.031750 -0.649107 0.927634 13.264811 -1.403257 -0.537033
1 0 11.173876 -97.500287 3.031750 -0.667708 0.927634 13.264811 -1.402552 -0.533252
1 0 11.173876 -97.500287 3.457825 -0.283376 0.927634 13.264811 -1.598892 -0.686491
1 0 11.173876 -97.500287 3.457825 -0.300810 0.927634 13.264811 -1.598138 -0.682854
1 0 11.173876 -97.500287 3.457825 -0.316858 0.927634 13.264811 -1.597444 -0.679507
1 0 11.173876 -97.500287 3.457825 -0.332522 0.927634 13.264811 -1.596767 -0.676240
1 0 11.173876 -97.500287 3.457825 -0.347670 0.927634 13.264811 -1.596113 -0.673080
1 0 11.173876 -97.500287 3.457825 -0.361519 0.927634 13.264811 -1.595514 -0.670192
1 0 11.173876 -97.500287 3.457825 -0.375036 0.927634 13.264811 -1.594930 -0.667372
1 0 11.173876 -97.500287 3.457825 -0.387407 0.927634 13.264811 -1.594395 -0.664792
1 0 11.173876 -97.500287 3.457825 -0.398843 0.927634 13.264811 -1.593901 -0.662407
1 0 11.173876 -97.500287 2.931381 -0.454857 0.927634 13.264811 -1.350833 -0.547168
1 0 11.173876 -97.500287 2.931381 -0.464617 0.927634 13.264811 -1.350476 -0.545163
1 0 11.173876 -97.500287 2.931381 -0.474026 0.927634 13.264811 -1.350131 -0.543229
1 0 11.173876 -97.500287 3.294579 -0.133659 0.927634 13.264811 -1.517065 -0.677585
1 0 11.173876 -97.500287 3.294579 -0.140984 0.927634 13.264811 -1.516764 -0.676047
1 0 11.173876 -97.500287 3.294579 -0.147728 0.927634 13.264811 -1.516486 -0.674630
1 0 11.173876 -97.500287 3.294579 -0.153610 0.927634 13.264811 -1.516244 -0.673395
1 0 11.173876 -97.500287 3.294579 -0.158615 0.927634 13.264811 -1.516038 -0.672343
1 0 11.173876 -97.500287 3.294579 -0.162741 0.927634 13.264811 -1.515868 -0.671476
1 0 11.173876 -97.500287 3.294579 -0.166168 0.927634 13.264811 -1.515727 -0.670757
1 0 11.173876 -97.500287 3.294579 -0.168732 0.927634 13.264811 -1.515621 -0.670218
1 0 11.173876 -97.500287 3.294579 -0.170500 0.927634 13.264811 -1.515548 -0.669847
1 0 11.173876 -97.500287 2.800677 -0.212073 0.927634 13.264811 -1.288316 -0.563737
1 0 11.173876 -97.500287 2.800677 -0.212120 0.927634 13.264811 -1.288314 -0.563728
1 0 11.173876 -97.500287 2.800677 -0.211328 0.927634 13.264811 -1.288342 -0.563892
1 0 11.173876 -97.500287 3.057072 0.038768 0.927634 13.264811 -1.406348 -0.661965
1 0 11.173876 -97.500287 3.057072 0.041166 0.927634 13.264811 -1.406440 -0.662470
1 0 11.173876 -97.500287 3.057072 0.044739 0.927634 13.264811 -1.406576 -0.663222
1 0 11.173876 -97.500287 3.057072 0.048841 0.927634 13.264811 -1.406733 -0.664084
1 0 11.173876 -97.500287 3.057072 0.053808 0.927634 13.264811 -1.406923 -0.665130
1 0 11.173876 -97.500287 3.057072 0.059775 0.927634 13.264811 -1.407151 -0.666385
1 0 11.173876 -97.500287 3.057072 0.066348 0.927634 13.264811 -1.407402 -0.667768
1 0 11.173876 -97.500287 3.057072 0.073965 0.927634 13.264811 -1.407693 -0.669370
1 0 11.173876 -97.500287 3.057072 0.082402 0.927634 13.264811 -1.408016 -0.671145
1 0 11.173876 -97.500287 3.057072 0.091415 0.927634 13.264811 -1.408360 -0.673041
1 0 11.173876 -97.500287 2.818597 0.082131 0.927634 13.264811 -1.298841 -0.623805
1 0 11.173876 -97.500287 2.818597 0.093079 0.927634 13.264811 -1.299227 -0.626092
1 0 11.173876 -97.500287 2.910314 0.194263 0.927634 13.264811 -1.341928 -0.663945
1 0 11.173876 -97.500287 2.910314 0.206632 0.927634 13.264811 -1.342377 -0.666544
1 0 11.173876 -97.500287 2.910314 0.220235 0.927634 13.264811 -1.342872 -0.669402
1 0 11.173876 -97.500287 2.910314 0.234113 0.927634 13.264811 -1.343377 -0.672319
1 0 11.173876 -97.500287 2.910314 0.249139 0.927634 13.264811 -1.343924 -0.675476
1 0 11.173876 -97.500287 2.910314 0.264505 0.927634 13.264811 -1.344483 -0.678705
1 0 11.173876 -97.500287 2.910314 0.281587 0.927634 13.264811 -1.345104 -0.682295
1 0 11.173876 -97.500287 2.910314 0.299136 0.927634 13.264811 -1.345743 -0.685982
1 0 11.173876 -97.500287 2.910314 0.317020 0.927634 13.264811 -1.346393 -0.689741
1 0 11.173876 -97.500287 2.910314 0.335541 0.927634 13.264811 -1.347067 -0.693632
1 0 11.173876 -97.500287 2.910314 0.355290 0.927634 13.264811 -1.347785 -0.697782
1 0 11.173876 -97.500287 2.910314 0.375569 0.927634 13.264811 -1.348523 -0.702044
1 0 11.173876 -97.500287 2.910314 0.396200 0.927634 13.264811 -1.349274 -0.706379
1 0 11.173876 -97.500287 2.903778 0.411426 0.927634 13.264811 -1.347029 -0.708378
1 0 11.173876 -97.500287 2.903778 0.434327 0.927634 13.264811 -1.347860 -0.713189
1 0 11.173876 -97.500287 2.903778 0.457544 0.927634 13.264811 -1.348703 -0.718066
1 0 11.173876 -97.500287 2.903778 0.481340 0.927634 13.264811 -1.349567 -0.723064
1 0 11.173876 -97.500287 2.903778 0.506343 0.927634 13.264811 -1.350474 -0.728316
1 0 11.173876 -97.500287 2.903778 0.531998 0.927634 13.264811 -1.351405 -0.733705
1 0 11.173876 -97.500287 2.903778 0.558561 0.927634 13.264811 -1.352369 -0.739285
1 0 11.173876 -97.500287 2.903778 0.585681 0.927634 13.264811 -1.353354 -0.744981
1 0 11.173876 -97.500287 2.903778 0.613310 0.927634 13.264811 -1.354357 -0.750785
1 0 11.173876 -97.500287 2.931778 0.643922 0.927634 13.264811 -1.368456 -0.762848
1 0 11.173876 -97.500287 2.931778 0.673611 0.927634 13.264811 -1.369544 -0.769089
1 0 11.173876 -97.500287 2.931778 0.704190 0.927634 13.264811 -1.370665 -0.775517
1 0 11.173876 -97.500287 2.905631 0.709240 0.927634 13.264811 -1.359556 -0.771682
1 0 11.173876 -97.500287 2.905631 0.740243 0.927634 13.264811 -1.360682 -0.778189
1 0 11.173876 -97.500287 2.905631 0.772556 0.927634 13.264811 -1.361855 -0.784972
1 0 11.173876 -97.500287 2.905631 0.805734 0.927634 13.264811 -1.363060 -0.791936
1 0 11.173876 -97.500287 2.905631 0.838395 0.927634 13.264811 -1.364247 -0.798791
1 0 11.173876 -97.500287 2.905631 0.871673 0.927634 13.264811 -1.365455 -0.805776
1 0 11.173876 -97.500287 2.905631 0.906422 0.927634 13.264811 -1.366717 -0.813069
1 0 11.173876 -97.500287 2.905631 0.940771 0.927634 13.264811 -1.367965 -0.820279
1 0 11.173876 -97.500287 2.905631 0.975460 0.927634 13.264811 -1.369225 -0.827560
1 0 11.173876 -97.500287 3.031692 1.022084 0.927634 13.264811 -1.430009 -0.862929
1 0 11.173876 -97.500287 3.031692 1.059131 0.927634 13.264811 -1.431413 -0.870732
1 0 11.173876 -97.500287 3.031692 1.097261 0.927634 13.264811 -1.432858 -0.878763
1 0 11.173876 -97.500287 2.927068 1.033106 0.927634 13.264811 -1.384814 -0.845300
1 0 11.173876 -97.500287 2.927068 1.071975 0.927634 13.264811 -1.386236 -0.853436
1 0 11.173876 -97.500287 2.927068 1.110045 0.927634 13.264811 -1.387629 -0.861405
1 0 11.173876 -97.500287 2.927068 1.149289 0.927634 13.264811 -1.389065 -0.869619
1 0 11.142038 -97.503731 2.927068 1.188659 0.924706 13.263334 -1.390505 -0.877860
1 0 11.141658 -97.503726 2.927068 1.229348 0.924910 13.263429 -1.391994 -0.886377
1 0 11.141653 -97.503724 2.927068 1.269699 0.924912 13.263430 -1.393471 -0.894824
1 0 11.141653 -97.503724 2.927068 1.311938 0.924912 13.263430 -1.395016 -0.903665
1 0 11.141653 -97.503724 2.927068 1.355134 0.924912 13.263430 -1.396596 -0.912707
1 0 11.141653 -97.503724 3.165753 1.417398 0.924912 13.263430 -1.512163 -0.974693
1 0 11.141653 -97.503724 3.165753 1.460874 0.924912 13.263430 -1.513883 -0.983853
1 0 11.141653 -97.503724 3.165753 1.503322 0.924912 13.263430 -1.515563 -0.992798
1 0 11.141653 -97.503724 2.962555 1.349212 0.924912 13.263430 -1.419915 -0.920844
1 0 11.141653 -97.503724 2.962555 1.394652 0.924912 13.263430 -1.421598 -0.930303
1 0 11.141653 -97.503724 2.962555 1.440423 0.924912 13.263430 -1.423293 -0.939831
1 0 11.141653 -97.503724 2.962555 1.485579 0.924912 13.263430 -1.424965 -0.949231
1 0 11.141653 -97.503724 2.962555 1.530684 0.924912 13.263430 -1.426635 -0.958620
1 0 11.141653 -97.503724 2.962555 1.575557 0.924912 13.263430 -1.428297 -0.967961
1 0 11.141653 -97.503724 2.962555 1.621916 0.924912 13.263430 -1.430014 -0.977612
1 0 11.141653 -97.503724 2.962555 1.667609 0.924912 13.263430 -1.431706 -0.987124
1 0 11.141653 -97.503724 2.962555 1.715866 0.924912 13.263430 -1.433493 -0.997169
1 0 11.141653 -97.503724 3.258810 1.788190 0.924912 13.263430 -1.578773 -1.073848
1 0 11.141653 -97.503724 3.258810 1.837223 0.924912 13.263430 -1.580770 -1.084140
1 0 11.141653 -97.503724 3.258810 1.886398 0.924912 13.263430 -1.582774 -1.094462
1 0 11.141653 -97.503724 3.034996 1.723140 0.924912 13.263430 -1.476083 -1.015607
1 0 11.141653 -97.503724 3.034996 1.770571 0.924912 13.263430 -1.477882 -1.025430
1 0 11.141653 -97.503724 3.034996 1.820482 0.924912 13.263430 -1.479776 -1.035766
1 0 11.141653 -97.503724 3.034996 1.869628 0.924912 13.263430 -1.481640 -1.045944
1 0 11.141653 -97.503724 3.034996 1.918418 0.924912 13.263430 -1.483491 -1.056048
1 0 11.141653 -97.503724 3.034996 1.969323 0.924912 13.263430 -1.485422 -1.066590
1 0 11.141653 -97.503724 3.034996 2.019316 0.924912 13.263430 -1.487319 -1.076944
1 0 11.141653 -97.503724 3.034996 2.069250 0.924912 13.263430 -1.489213 -1.087285
1 0 11.141653 -97.503724 3.034996 2.118834 0.924912 13.263430 -1.491094 -1.097553
1 0 11.141653 -97.503724 3.545354 2.213632 0.924912 13.263430 -1.744032 -1.224360
1 0 11.141653 -97.503724 3.545354 2.263629 0.924912 13.263430 -1.746248 -1.234862
1 0 11.141653 -97.503724 3.545354 2.313210 0.924912 13.263430 -1.748445 -1.245277
1 0 11.141653 -97.503724 3.081844 1.921291 0.924912 13.263430 -1.521810 -1.069591
1 0 11.141653 -97.503724 3.081844 1.971580 0.924912 13.263430 -1.523747 -1.079863
1 0 11.141653 -97.503724 3.081844 2.021532 0.924912 13.263430 -1.525672 -1.090067
1 0 11.141653 -97.503724 3.081844 2.073632 0.924912 13.263430 -1.527679 -1.100709
1 0 11.173491 -97.500280 3.081844 2.126224 0.927840 13.264907 -1.529705 -1.111451
1 0 11.173872 -97.500285 3.081844 2.176391 0.927637 13.264812 -1.531637 -1.121698
1 0 11.173876 -97.500287 3.081844 2.228574 0.927634 13.264811 -1.533648 -1.132357
1 0 11.173876 -97.500287 3.081844 2.278797 0.927634 13.264811 -1.535582 -1.142616
1 0 11.173876 -97.500287 3.081844 2.330538 0.927634 13.264811 -1.537576 -1.153184
1 0 11.173876 -97.500287 3.081844 2.382479 0.927634 13.264811 -1.539576 -1.163794
1 0 11.173876 -97.500287 3.912582 2.511030 0.927634 13.264811 -1.957085 -1.366772
1 0 11.173876 -97.500287 3.912582 2.561365 0.927634 13.264811 -1.959547 -1.377295
1 0 11.173876 -97.500287 3.912582 2.612965 0.927634 13.264811 -1.962070 -1.388083
1 0 11.173876 -97.500287 3.209925 2.007636 0.927634 13.264811 -1.611736 -1.119037
1 0 11.173876 -97.500287 3.209925 2.058109 0.927634 13.264811 -1.613761 -1.129146
1 0 11.173876 -97.500287 3.209925 2.109806 0.927634 13.264811 -1.615836 -1.139501
1 0 11.173876 -97.500287 3.209925 2.162080 0.927634 13.264811 -1.617933 -1.149971
1 0 11.173876 -97.500287 3.209925 2.214668 0.927634 13.264811 -1.620043 -1.160504
1 0 11.173876 -97.500287 3.209925 2.265907 0.927634 13.264811 -1.622099 -1.170766
1 0 11.173876 -97.500287 3.209925 2.318028 0.927634 13.264811 -1.624190 -1.181206
1 0 11.173876 -97.500287 3.209925 2.367890 0.927634 13.264811 -1.626191 -1.191192
1 0 11.173876 -97.500287 3.209925 2.419892 0.927634 13.264811 -1.628278 -1.201608
1 0 11.173876 -97.500287 4.155067 2.560736 0.927634 13.264811 -2.110286 -1.434016
1 0 11.173876 -97.500287 4.155067 2.611311 0.927634 13.264811 -2.112913 -1.444423
1 0 11.173876 -97.500287 4.155067 2.660778 0.927634 13.264811 -2.115482 -1.454602
1 0 11.173876 -97.500287 3.269076 1.916195 0.927634 13.264811 -1.666435 -1.119214
1 0 11.173876 -97.500287 3.269076 1.967465 0.927634 13.264811 -1.668530 -1.129196
1 0 11.173876 -97.500287 3.269076 2.017564 0.927634 13.264811 -1.670577 -1.138950
1 0 11.173876 -97.500287 3.269076 2.068203 0.927634 13.264811 -1.672647 -1.148809
1 0 11.173876 -97.500287 3.269076 2.116240 0.927634 13.264811 -1.674610 -1.158161
1 0 11.173876 -97.500287 3.269076 2.165226 0.927634 13.264811 -1.676611 -1.167698
1 0 11.173876 -97.500287 3.269076 2.214913 0.927634 13.264811 -1.678642 -1.177372
1 0 11.173876 -97.500287 3.269076 2.264592 0.927634 13.264811 -1.680672 -1.187044
1 0 11.173876 -97.500287 3.269076 2.312863 0.927634 13.264811 -1.682644 -1.196442
1 0 11.173876 -97.500287 4.320366 2.463468 0.927634 13.264811 -2.226343 -1.457625
1 0 11.173876 -97.500287 4.320366 2.509797 0.927634 13.264811 -2.228845 -1.466928
1 0 11.173876 -97.500287 4.320366 2.557049 0.927634 13.264811 -2.231396 -1.476416
1 0 11.173876 -97.500287 2.725315 1.288184 0.927634 13.264811 -1.409219 -0.885291
1 0 11.173876 -97.500287 2.725315 1.336890 0.927634 13.264811 -1.410878 -0.894100
1 0 11.173876 -97.500287 2.725315 1.383493 0.927634 13.264811 -1.412466 -0.902528
1 0 11.173876 -97.500287 2.725315 1.428067 0.927634 13.264811 -1.413985 -0.910590
1 0 11.173876 -97.500287 2.725315 1.474532 0.927634 13.264811 -1.415567 -0.918994
1 0 11.173876 -97.500287 2.725315 1.519789 0.927634 13.264811 -1.417109 -0.927179
1 0 11.173876 -97.500287 2.725315 1.564474 0.927634 13.264811 -1.418631 -0.935261
1 0 11.173876 -97.500287 2.725315 1.609196 0.927634 13.264811 -1.420155 -0.943350
1 0 11.173876 -97.500287 2.725315 1.652706 0.927634 13.264811 -1.421637 -0.951219
1 0 11.173876 -97.500287 4.723948 1.882400 0.927634 13.264811 -2.466777 -1.449128
1 0 11.173876 -97.500287 4.723948 1.925660 0.927634 13.264811 -2.469331 -1.457459
1 0 11.173876 -97.500287 4.723948 1.967432 0.927634 13.264811 -2.471798 -1.465504
1 0 11.173876 -97.500287 4.003712 1.428730 0.927634 13.264811 -2.096993 -1.212242
1 0 11.173876 -97.500287 4.003712 1.471066 0.927634 13.264811 -2.099112 -1.220015
1 0 11.173876 -97.500287 4.003712 1.512003 0.927634 13.264811 -2.101161 -1.227530
1 0 11.173876 -97.500287 4.003712 1.551522 0.927634 13.264811 -2.103139 -1.234786
1 0 11.173876 -97.500287 4.003712 1.590496 0.927634 13.264811 -2.105089 -1.241941
1 0 11.173876 -97.500287 4.003712 1.629995 0.927634 13.264811 -2.107066 -1.249192
1 0 11.173876 -97.500287 4.003712 1.669611 0.927634 13.264811 -2.109048 -1.256466
1 0 11.173876 -97.500287 4.003712 1.706672 0.927634 13.264811 -2.110903 -1.263269
1 0 11.173876 -97.500287 4.003712 1.744393 0.927634 13.264811 -2.112791 -1.270195
1 0 11.173876 -97.500287 5.113705 1.907627 0.927634 13.264811 -2.700973 -1.549583
1 0 11.173876 -97.500287 5.113705 1.944754 0.927634 13.264811 -2.703346 -1.556639
1 0 11.173876 -97.500287 5.113705 1.980552 0.927634 13.264811 -2.705635 -1.563441
1 0 11.173876 -97.500287 4.394380 1.448564 0.927634 13.264811 -2.326929 -1.313447
1 0 11.173876 -97.500287 4.394380 1.482352 0.927634 13.264811 -2.328785 -1.319564
1 0 11.173876 -97.500287 4.394380 1.516313 0.927634 13.264811 -2.330650 -1.325713
1 0 11.173876 -97.500287 4.394380 1.549477 0.927634 13.264811 -2.332472 -1.331717
1 0 11.142038 -97.503731 4.394380 1.582981 0.924706 13.263334 -2.334313 -1.337783
1 0 11.141658 -97.503726 4.394380 1.615229 0.924910 13.263429 -2.336084 -1.343621
1 0 11.141653 -97.503724 4.394380 1.646658 0.924912 13.263430 -2.337810 -1.349311
1 0 11.141653 -97.503724 4.394380 1.676574 0.924912 13.263430 -2.339454 -1.354727
1 0 11.141653 -97.503724 4.394380 1.706671 0.924912 13.263430 -2.341107 -1.360176
1 0 11.141653 -97.503724 4.394380 1.735545 0.924912 13.263430 -2.342693 -1.365404
1 0 11.141653 -97.503724 5.391831 1.884330 0.924912 13.263430 -2.876421 -1.617631
1 0 11.141653 -97.503724 5.391831 1.912421 0.924912 13.263430 -2.878314 -1.622880
1 0 11.141653 -97.503724 4.605731 1.339805 0.924912 13.263430 -2.460229 -1.352742
1 0 11.141653 -97.503724 4.605731 1.365629 0.924912 13.263430 -2.461716 -1.357313
1 0 11.141653 -97.503724 4.605731 1.391427 0.924912 13.263430 -2.463201 -1.361879
1 0 11.141653 -97.503724 4.605731 1.416922 0.924912 13.263430 -2.464669 -1.366392
1 0 11.141653 -97.503724 4.605731 1.441845 0.924912 13.263430 -2.466104 -1.370803
1 0 11.141653 -97.503724 4.605731 1.465574 0.924912 13.263430 -2.467470 -1.375003
1 0 11.141653 -97.503724 4.605731 1.487948 0.924912 13.263430 -2.468758 -1.378964
1 0 11.141653 -97.503724 4.605731 1.509506 0.924912 13.263430 -2.469999 -1.382779
1 0 11.141653 -97.503724 4.605731 1.530895 0.924912 13.263430 -2.471231 -1.386565
1 0 11.141653 -97.503724 4.605731 1.552021 0.924912 13.263430 -2.472447 -1.390305
1 0 11.141653 -97.503724 5.677807 1.705695 0.924912 13.263430 -3.049399 -1.661267
1 0 11.141653 -97.503724 5.677807 1.724827 0.924912 13.263430 -3.050756 -1.664772
1 0 11.141653 -97.503724 5.677807 1.743474 0.924912 13.263430 -3.052080 -1.668189
1 0 11.141653 -97.503724 4.920007 1.199391 0.924912 13.263430 -2.645776 -1.411634
1 0 11.141653 -97.503724 4.920007 1.216099 0.924912 13.263430 -2.646803 -1.414537
1 0 11.141653 -97.503724 4.920007 1.231942 0.924912 13.263430 -2.647778 -1.417290
1 0 11.141653 -97.503724 4.920007 1.247369 0.924912 13.263430 -2.648726 -1.419971
1 0 11.141653 -97.503724 4.920007 1.261654 0.924912 13.263430 -2.649605 -1.422453
1 0 11.141653 -97.503724 4.920007 1.275423 0.924912 13.263430 -2.650452 -1.424845
1 0 11.141653 -97.503724 4.920007 1.288124 0.924912 13.263430 -2.651233 -1.427052
1 0 11.141653 -97.503724 4.920007 1.300529 0.924912 13.263430 -2.651996 -1.429207
1 0 11.141653 -97.503724 4.920007 1.311273 0.924912 13.263430 -2.652656 -1.431074
1 0 11.141653 -97.503724 5.859979 1.442709 0.924912 13.263430 -3.160190 -1.668390
1 0 11.141653 -97.503724 5.859979 1.452157 0.924912 13.263430 -3.160882 -1.670083
1 0 11.141653 -97.503724 5.859979 1.460493 0.924912 13.263430 -3.161493 -1.671577
1 0 11.141653 -97.503724 5.213418 1.002898 0.924912 13.263430 -2.813162 -1.456222
1 0 11.141653 -97.503724 5.213418 1.009885 0.924912 13.263430 -2.813617 -1.457418
1 0 11.141653 -97.503724 5.213418 1.015816 0.924912 13.263430 -2.814004 -1.458433
1 0 11.141653 -97.503724 5.213418 1.021031 0.924912 13.263430 -2.814343 -1.459325
1 0 11.141653 -97.503724 5.213418 1.025327 0.924912 13.263430 -2.814623 -1.460061
1 0 11.141653 -97.503724 5.213418 1.028861 0.924912 13.263430 -2.814854 -1.460665
1 0 11.141653 -97.503724 5.213418 1.031553 0.924912 13.263430 -2.815029 -1.461126
1 0 11.141653 -97.503724 5.213418 1.033496 0.924912 13.263430 -2.815156 -1.461459
1 0 11.141653 -97.503724 5.213418 1.034585 0.924912 13.263430 -2.815227 -1.461645
1 1 11.168464 -97.438779 -0.026865 -0.067163 0.905960 13.246011 0.019150 0.018329
1 1 11.194903 -97.372787 -0.053279 -0.133198 0.887132 13.228514 0.037977 0.036350
1 1 11.221256 -97.306946 -0.079615 -0.199038 0.868362 13.211063 0.056750 0.054319
1 1 11.421899 -96.807006 -0.285638 -0.714096 0.725543 13.078418 0.200432 0.191710
1 1 11.621216 -96.300547 -0.488405 -1.221013 0.582974 12.945032 0.342713 0.327799
1 1 11.819864 -95.795405 -0.690532 -1.726330 0.440857 12.812031 0.484544 0.463459
1 1 12.017927 -95.291739 -0.892066 -2.230164 0.299157 12.679420 0.625960 0.598721