1 0 12.391074 -97.362526 4.088753 -1.310250 1.032678 13.419111 -2.053741 -0.773461
1 0 12.391074 -97.362526 4.088753 -1.363015 1.032678 13.419111 -2.051044 -0.764307
1 0 12.391074 -97.362526 5.035138 -0.707639 1.032678 13.419111 -2.522570 -1.056804
1 0 12.391074 -97.362526 5.035138 -0.758450 1.032678 13.419111 -2.519372 -1.047389
1 0 12.391074 -97.362526 5.035138 -0.811203 1.032678 13.419111 -2.516052 -1.037613
1 0 12.391074 -97.362526 5.035138 -0.863975 1.032678 13.419111 -2.512730 -1.027835
1 0 12.391074 -97.362526 5.035138 -0.915897 1.032678 13.419111 -2.509462 -1.018213
1 0 12.391074 -97.362526 5.035138 -0.966204 1.032678 13.419111 -2.506296 -1.008891
1 0 12.391074 -97.362526 5.035138 -1.018822 1.032678 13.419111 -2.502984 -0.999141
1 0 12.406806 -97.360629 5.035138 -1.070402 1.034135 13.424893 -2.499738 -0.989583
1 0 12.406837 -97.360630 5.035138 -1.123183 1.034118 13.424885 -2.496416 -0.979802
1 0 12.406837 -97.360630 3.944300 -1.293123 1.034118 13.424885 -1.953112 -0.718367
1 0 12.406837 -97.360630 3.944300 -1.344739 1.034118 13.424885 -1.950568 -0.709131
1 0 12.406837 -97.360630 3.944300 -1.396835 1.034118 13.424885 -1.947999 -0.699809
1 0 12.406837 -97.360630 4.966281 -0.643792 1.034118 13.424885 -2.449611 -1.022549
1 0 12.406837 -97.360630 4.966281 -0.693539 1.034118 13.424885 -2.446523 -1.013012
1 0 12.406837 -97.360630 4.966281 -0.742967 1.034118 13.424885 -2.443454 -1.003536
1 0 12.406837 -97.360630 4.966281 -0.794667 1.034118 13.424885 -2.440245 -0.993624
1 0 12.374758 -97.364457 4.966281 -0.844563 1.031345 13.423479 -2.437147 -0.984059
1 0 12.374693 -97.364455 4.966281 -0.893443 1.031380 13.423495 -2.434113 -0.974688
1 0 12.374693 -97.364455 4.966281 -0.944673 1.031380 13.423495 -2.430933 -0.964866
1 0 12.374693 -97.364455 4.966281 -0.993332 1.031380 13.423495 -2.427912 -0.955538
1 0 12.374693 -97.364455 4.966281 -1.043979 1.031380 13.423495 -2.424768 -0.945828
1 0 12.374693 -97.364455 4.966281 -1.094297 1.031380 13.423495 -2.421644 -0.936181
1 0 12.374693 -97.364455 3.832376 -1.267402 1.031380 13.423495 -1.866390 -0.670082
1 0 12.374693 -97.364455 3.832376 -1.314953 1.031380 13.423495 -1.864112 -0.661279
1 0 12.374693 -97.364455 4.798711 -0.563317 1.031380 13.423495 -2.331281 -0.973790
1 0 12.374693 -97.364455 4.798711 -0.610407 1.031380 13.423495 -2.328456 -0.964504
1 0 12.374693 -97.364455 4.798711 -0.659337 1.031380 13.423495 -2.325521 -0.954854
1 0 12.374693 -97.364455 4.798711 -0.708069 1.031380 13.423495 -2.322598 -0.945244
1 0 12.374693 -97.364455 4.798711 -0.755353 1.031380 13.423495 -2.319762 -0.935920
1 0 12.374693 -97.364455 4.798711 -0.801609 1.031380 13.423495 -2.316987 -0.926798
1 0 12.374693 -97.364455 4.798711 -0.849115 1.031380 13.423495 -2.314138 -0.917429
1 0 12.374693 -97.364455 4.798711 -0.896122 1.031380 13.423495 -2.311318 -0.908159
1 0 12.374693 -97.364455 4.798711 -0.942932 1.031380 13.423495 -2.308510 -0.898928
1 0 12.374693 -97.364455 4.798711 -0.989217 1.031380 13.423495 -2.305734 -0.889801
1 0 12.374693 -97.364455 3.789522 -1.143967 1.031380 13.423495 -1.818697 -0.656630
1 0 12.374693 -97.364455 3.789522 -1.189442 1.031380 13.423495 -1.816543 -0.647928
1 0 12.374693 -97.364455 4.666687 -0.471773 1.031380 13.423495 -2.234371 -0.938239
1 0 12.374693 -97.364455 4.666687 -0.514855 1.031380 13.423495 -2.231858 -0.929523
1 0 12.374693 -97.364455 4.666687 -0.558977 1.031380 13.423495 -2.229284 -0.920596
1 0 12.374693 -97.364455 4.666687 -0.602612 1.031380 13.423495 -2.226739 -0.911767
1 0 12.374693 -97.364455 4.666687 -0.644136 1.031380 13.423495 -2.224317 -0.903366
1 0 12.374693 -97.364455 4.666687 -0.686761 1.031380 13.423495 -2.221830 -0.894742
1 0 12.374693 -97.364455 4.666687 -0.728805 1.031380 13.423495 -2.219378 -0.886235
1 0 12.374693 -97.364455 4.666687 -0.769572 1.031380 13.423495 -2.217000 -0.877987
1 0 12.374693 -97.364455 4.666687 -0.810592 1.031380 13.423495 -2.214607 -0.869687
1 0 12.374693 -97.364455 4.666687 -0.851191 1.031380 13.423495 -2.212239 -0.861473
1 0 12.374693 -97.364455 3.807668 -0.984052 1.031380 13.423495 -1.803160 -0.666025
1 0 12.374693 -97.364455 3.807668 -1.023368 1.031380 13.423495 -1.801289 -0.658265
1 0 12.374693 -97.364455 4.958751 0.011622 1.031380 13.423495 -2.343400 -1.056191
1 0 12.374693 -97.364455 4.958751 -0.024990 1.031380 13.423495 -2.341131 -1.048438
1 0 12.374693 -97.364455 4.958751 -0.060812 1.031380 13.423495 -2.338910 -1.040852
1 0 12.374693 -97.364455 4.958751 -0.097749 1.031380 13.423495 -2.336621 -1.033030
1 0 12.374693 -97.364455 4.958751 -0.133562 1.031380 13.423495 -2.334401 -1.025446
1 0 12.374693 -97.364455 4.958751 -0.169263 1.031380 13.423495 -2.332188 -1.017886
1 0 12.374693 -97.364455 4.958751 -0.204450 1.031380 13.423495 -2.330007 -1.010434
1 0 12.374693 -97.364455 4.958751 -0.237338 1.031380 13.423495 -2.327969 -1.003470
1 0 12.374693 -97.364455 4.958751 -0.271227 1.031380 13.423495 -2.325868 -0.996293
1 0 12.374693 -97.364455 4.958751 -0.304343 1.031380 13.423495 -2.323815 -0.989280
1 0 12.374693 -97.364455 4.150299 -0.433555 1.031380 13.423495 -1.943296 -0.810684
1 0 12.374693 -97.364455 4.150299 -0.463797 1.031380 13.423495 -1.941727 -0.804419
1 0 12.374693 -97.364455 4.150299 -0.494968 1.031380 13.423495 -1.940109 -0.797961
1 0 12.374693 -97.364455 4.549688 -0.134645 1.031380 13.423495 -2.125102 -0.936397
1 0 12.374693 -97.364455 4.549688 -0.163066 1.031380 13.423495 -2.123486 -0.930367
1 0 12.374693 -97.364455 4.549688 -0.191981 1.031380 13.423495 -2.121841 -0.924232
1 0 12.374693 -97.364455 4.549688 -0.219142 1.031380 13.423495 -2.120296 -0.918469
1 0 12.374693 -97.364455 4.549688 -0.246680 1.031380 13.423495 -2.118730 -0.912627
1 0 12.374693 -97.364455 4.549688 -0.273518 1.031380 13.423495 -2.117204 -0.906933
1 0 12.374693 -97.364455 4.549688 -0.299012 1.031380 13.423495 -2.115754 -0.901523
1 0 12.374693 -97.364455 4.549688 -0.323110 1.031380 13.423495 -2.114384 -0.896411
1 0 12.374693 -97.364455 4.549688 -0.347649 1.031380 13.423495 -2.112988 -0.891204
1 0 12.374693 -97.364455 3.317132 -0.499455 1.031380 13.423495 -1.539615 -0.623816
1 0 12.374693 -97.364455 3.317132 -0.522492 1.031380 13.423495 -1.538660 -0.619091
1 0 12.374693 -97.364455 3.317132 -0.543668 1.031380 13.423495 -1.537782 -0.614748
1 0 12.374693 -97.364455 3.674426 -0.222831 1.031380 13.423495 -1.702461 -0.742088
1 0 12.374693 -97.364455 3.674426 -0.242704 1.031380 13.423495 -1.701549 -0.737923
1 0 12.374693 -97.364455 3.674426 -0.262625 1.031380 13.423495 -1.700634 -0.733748
1 0 12.406772 -97.360628 3.674426 -0.281425 1.034152 13.424901 -1.699770 -0.729809
1 0 12.406837 -97.360630 3.674426 -0.299742 1.034118 13.424885 -1.698929 -0.725970
1 0 12.406837 -97.360630 3.674426 -0.316750 1.034118 13.424885 -1.698148 -0.722406
1 0 12.391106 -97.362526 3.674426 -0.333165 1.032661 13.419104 -1.697394 -0.718966
1 0 12.391075 -97.362526 3.674426 -0.348439 1.032678 13.419111 -1.696692 -0.715765
1 0 12.391074 -97.362526 3.674426 -0.363278 1.032678 13.419111 -1.696011 -0.712655
1 0 12.391074 -97.362526 3.204735 -0.420533 1.032678 13.419111 -1.478656 -0.609371
1 0 12.391074 -97.362526 3.204735 -0.433990 1.032678 13.419111 -1.478117 -0.606588
1 0 12.391074 -97.362526 3.204735 -0.446562 1.032678 13.419111 -1.477613 -0.603988
1 0 12.391074 -97.362526 3.539788 -0.132615 1.032678 13.419111 -1.631598 -0.726784
1 0 12.391074 -97.362526 3.539788 -0.143130 1.032678 13.419111 -1.631133 -0.724565
1 0 12.391074 -97.362526 3.539788 -0.153240 1.032678 13.419111 -1.630685 -0.722432
1 0 12.391074 -97.362526 3.539788 -0.162454 1.032678 13.419111 -1.630278 -0.720487
1 0 12.391074 -97.362526 3.539788 -0.170699 1.032678 13.419111 -1.629913 -0.718747
1 0 12.391074 -97.362526 3.539788 -0.178213 1.032678 13.419111 -1.629580 -0.717162
1 0 12.391074 -97.362526 3.539788 -0.184625 1.032678 13.419111 -1.629297 -0.715809
1 0 12.391074 -97.362526 3.539788 -0.190439 1.032678 13.419111 -1.629039 -0.714582
1 0 12.391074 -97.362526 3.539788 -0.195392 1.032678 13.419111 -1.628820 -0.713536
1 0 12.391074 -97.362526 3.087790 -0.239858 1.032678 13.419111 -1.420680 -0.616308
1 0 12.391074 -97.362526 3.087790 -0.243086 1.032678 13.419111 -1.420555 -0.615636
1 0 12.391074 -97.362526 3.087790 -0.245438 1.032678 13.419111 -1.420465 -0.615145
1 0 12.391074 -97.362526 3.375176 0.035379 1.032678 13.419111 -1.552608 -0.723904
1 0 12.391074 -97.362526 3.375176 0.034755 1.032678 13.419111 -1.552582 -0.723771
1 0 12.391074 -97.362526 3.375176 0.034984 1.032678 13.419111 -1.552592 -0.723820
1 0 12.391074 -97.362526 3.375176 0.036064 1.032678 13.419111 -1.552637 -0.724049
1 0 12.391074 -97.362526 3.375176 0.038030 1.032678 13.419111 -1.552720 -0.724466
1 0 12.391074 -97.362526 3.375176 0.040867 1.032678 13.419111 -1.552840 -0.725067
1 0 12.391074 -97.362526 3.375176 0.044414 1.032678 13.419111 -1.552989 -0.725819
1 0 12.391074 -97.362526 3.375176 0.048953 1.032678 13.419111 -1.553181 -0.726781
1 0 12.391074 -97.362526 3.375176 0.054149 1.032678 13.419111 -1.553400 -0.727883
1 0 12.391074 -97.362526 2.982298 0.026174 1.032678 13.419111 -1.372804 -0.645218
1 0 12.391074 -97.362526 2.982298 0.032942 1.032678 13.419111 -1.373056 -0.646638
1 0 12.391074 -97.362526 2.982298 0.040877 1.032678 13.419111 -1.373352 -0.648302
1 0 12.391074 -97.362526 3.145189 0.210176 1.032678 13.419111 -1.448698 -0.712857
1 0 12.391074 -97.362526 3.145189 0.219702 1.032678 13.419111 -1.449072 -0.714874
1 0 12.391074 -97.362526 3.145189 0.230154 1.032678 13.419111 -1.449483 -0.717088
1 0 12.391074 -97.362526 3.145189 0.241236 1.032678 13.419111 -1.449919 -0.719435
1 0 12.391074 -97.362526 3.145189 0.253412 1.032678 13.419111 -1.450398 -0.722013
1 0 12.391074 -97.362526 3.145189 0.265770 1.032678 13.419111 -1.450884 -0.724630
1 0 12.391074 -97.362526 3.145189 0.279712 1.032678 13.419111 -1.451432 -0.727582
1 0 12.391074 -97.362526 3.145189 0.294375 1.032678 13.419111 -1.452008 -0.730688
1 0 12.391074 -97.362526 3.145189 0.309832 1.032678 13.419111 -1.452616 -0.733961
1 0 12.391074 -97.362526 3.047343 0.317650 1.032678 13.419111 -1.408038 -0.716365
1 0 12.391074 -97.362526 3.047343 0.334826 1.032678 13.419111 -1.408693 -0.719992
1 0 12.391074 -97.362526 3.047343 0.352829 1.032678 13.419111 -1.409378 -0.723794
1 0 12.391074 -97.362526 3.047343 0.370990 1.032678 13.419111 -1.410070 -0.727630
1 0 12.391074 -97.362526 3.047343 0.390310 1.032678 13.419111 -1.410806 -0.731710
1 0 12.391074 -97.362526 3.047343 0.410675 1.032678 13.419111 -1.411582 -0.736011
1 0 12.391074 -97.362526 3.047343 0.431402 1.032678 13.419111 -1.412371 -0.740389
1 0 12.391074 -97.362526 3.047343 0.453266 1.032678 13.419111 -1.413204 -0.745006
1 0 12.391074 -97.362526 3.047343 0.474882 1.032678 13.419111 -1.414028 -0.749572
1 0 12.391074 -97.362526 3.047343 0.497834 1.032678 13.419111 -1.414902 -0.754419
1 0 12.391074 -97.362526 3.047343 0.521669 1.032678 13.419111 -1.415810 -0.759453
1 0 12.391074 -97.362526 3.047343 0.546626 1.032678 13.419111 -1.416760 -0.764724
1 0 12.391074 -97.362526 3.075302 0.574418 1.032678 13.419111 -1.430738 -0.776148
1 0 12.391074 -97.362526 3.075302 0.600963 1.032678 13.419111 -1.431758 -0.781758
1 0 12.391074 -97.362526 3.075302 0.627288 1.032678 13.419111 -1.432770 -0.787322
1 0 12.391074 -97.362526 3.068804 0.647482 1.032678 13.419111 -1.430764 -0.790402
1 0 12.391074 -97.362526 3.068804 0.674862 1.032678 13.419111 -1.431815 -0.796187
1 0 12.391074 -97.362526 3.068804 0.704334 1.032678 13.419111 -1.432945 -0.802413
1 0 12.391074 -97.362526 3.068804 0.733751 1.032678 13.419111 -1.434074 -0.808628
1 0 12.391074 -97.362526 3.068804 0.764574 1.032678 13.419111 -1.435256 -0.815141
1 0 12.391074 -97.362526 3.068804 0.796089 1.032678 13.419111 -1.436465 -0.821799
1 0 12.391074 -97.362526 3.068804 0.827774 1.032678 13.419111 -1.437680 -0.828493
1 0 12.391074 -97.362526 3.068804 0.859745 1.032678 13.419111 -1.438907 -0.835248
1 0 12.391074 -97.362526 3.068804 0.893356 1.032678 13.419111 -1.440196 -0.842350
1 0 12.391074 -97.362526 3.096762 0.929190 1.032678 13.419111 -1.454613 -0.855527
1 0 12.391074 -97.362526 3.096762 0.962450 1.032678 13.419111 -1.455901 -0.862559
1 0 12.391074 -97.362526 3.096762 0.997835 1.032678 13.419111 -1.457270 -0.870041
1 0 12.391074 -97.362526 3.038210 0.975766 1.032678 13.419111 -1.431081 -0.854401
1 0 12.391074 -97.362526 3.038210 1.011800 1.032678 13.419111 -1.432449 -0.861994
1 0 12.391074 -97.362526 3.038210 1.047357 1.032678 13.419111 -1.433799 -0.869486
1 0 12.391074 -97.362526 3.038210 1.084688 1.032678 13.419111 -1.435217 -0.877352
1 0 12.358992 -97.366348 3.038210 1.122491 1.029909 13.417707 -1.436653 -0.885317
1 0 12.358927 -97.366346 3.038210 1.161633 1.029943 13.417722 -1.438139 -0.893565
1 0 12.358927 -97.366346 3.038210 1.201414 1.029943 13.417722 -1.439650 -0.901947
1 0 12.358927 -97.366346 3.038210 1.240631 1.029943 13.417722 -1.441140 -0.910210
1 0 12.358927 -97.366346 3.038210 1.279928 1.029943 13.417722 -1.442632 -0.918490
1 0 12.358927 -97.366346 3.038210 1.320427 1.029943 13.417722 -1.444170 -0.927024
1 0 12.358927 -97.366346 3.318169 1.385609 1.029943 13.417722 -1.578942 -0.997437
1 0 12.358927 -97.366346 3.318169 1.427982 1.029943 13.417722 -1.580700 -1.006434
1 0 12.358927 -97.366346 3.136107 1.290179 1.029943 13.417722 -1.495642 -0.942727
1 0 12.358927 -97.366346 3.136107 1.332986 1.029943 13.417722 -1.497320 -0.951719
1 0 12.358927 -97.366346 3.136107 1.374720 1.029943 13.417722 -1.498956 -0.960486
1 0 12.358927 -97.366346 3.136107 1.418077 1.029943 13.417722 -1.500656 -0.969593
1 0 12.358927 -97.366346 3.136107 1.462137 1.029943 13.417722 -1.502383 -0.978848
1 0 12.358927 -97.366346 3.136107 1.507375 1.029943 13.417722 -1.504157 -0.988351
1 0 12.358927 -97.366346 3.136107 1.552096 1.029943 13.417722 -1.505910 -0.997744
1 0 12.358927 -97.366346 3.136107 1.596284 1.029943 13.417722 -1.507642 -1.007026
1 0 12.358927 -97.366346 3.136107 1.641013 1.029943 13.417722 -1.509395 -1.016422
1 0 12.358927 -97.366346 3.136107 1.687510 1.029943 13.417722 -1.511218 -1.026189
1 0 12.358927 -97.366346 3.403201 1.756580 1.029943 13.417722 -1.641855 -1.095423
1 0 12.358927 -97.366346 3.403201 1.804353 1.029943 13.417722 -1.643887 -1.105532
1 0 12.358927 -97.366346 3.403201 1.851532 1.029943 13.417722 -1.645894 -1.115515
1 0 12.358927 -97.366346 3.194269 1.693755 1.029943 13.417722 -1.546748 -1.041474
1 0 12.358927 -97.366346 3.194269 1.742450 1.029943 13.417722 -1.548693 -1.051651
1 0 12.358927 -97.366346 3.194269 1.790398 1.029943 13.417722 -1.550607 -1.061671
1 0 12.358927 -97.366346 3.194269 1.839898 1.029943 13.417722 -1.552584 -1.072016
1 0 12.358927 -97.366346 3.194269 1.889609 1.029943 13.417722 -1.554568 -1.082405
1 0 12.358927 -97.366346 3.194269 1.938585 1.029943 13.417722 -1.556524 -1.092641
1 0 12.358927 -97.366346 3.194269 1.988858 1.029943 13.417722 -1.558531 -1.103148
1 0 12.358927 -97.366346 3.194269 2.039300 1.029943 13.417722 -1.560545 -1.113689
1 0 12.358927 -97.366346 3.194269 2.088975 1.029943 13.417722 -1.562529 -1.124071
1 0 12.358927 -97.366346 3.617989 2.178025 1.029943 13.417722 -1.772063 -1.230509
1 0 12.358927 -97.366346 3.617989 2.229092 1.029943 13.417722 -1.774372 -1.241306
1 0 12.358927 -97.366346 3.617989 2.279434 1.029943 13.417722 -1.776649 -1.251951
1 0 12.358927 -97.366346 3.217245 1.939778 1.029943 13.417722 -1.581843 -1.100773
1 0 12.358927 -97.366346 3.217245 1.991466 1.029943 13.417722 -1.583922 -1.111443
1 0 12.358927 -97.366346 3.217245 2.042231 1.029943 13.417722 -1.585964 -1.121923
1 0 12.391009 -97.362524 3.217245 2.094210 1.032713 13.419127 -1.588054 -1.132652
1 0 12.391074 -97.362526 3.217245 2.146601 1.032678 13.419111 -1.590161 -1.143468
1 0 12.391074 -97.362526 3.217245 2.197822 1.032678 13.419111 -1.592221 -1.154041
1 0 12.391074 -97.362526 3.217245 2.249350 1.032678 13.419111 -1.594293 -1.164678
1 0 12.391074 -97.362526 3.217245 2.301997 1.032678 13.419111 -1.596410 -1.175546
1 0 12.391074 -97.362526 3.217245 2.353548 1.032678 13.419111 -1.598483 -1.186188
1 0 12.391074 -97.362526 3.958333 2.477216 1.032678 13.419111 -1.969289 -1.367258
1 0 12.391074 -97.362526 3.958333 2.527909 1.032678 13.419111 -1.971797 -1.377939
1 0 12.391074 -97.362526 3.958333 2.579895 1.032678 13.419111 -1.974370 -1.388893
1 0 12.391074 -97.362526 3.314796 2.019274 1.032678 13.419111 -1.655506 -1.142451
1 0 12.391074 -97.362526 3.314796 2.072127 1.032678 13.419111 -1.657696 -1.153163
1 0 12.391074 -97.362526 3.314796 2.123998 1.032678 13.419111 -1.659845 -1.163675
1 0 12.391074 -97.362526 3.314796 2.174396 1.032678 13.419111 -1.661933 -1.173889
1 0 12.391074 -97.362526 3.314796 2.224943 1.032678 13.419111 -1.664028 -1.184133
1 0 12.391074 -97.362526 3.314796 2.277631 1.032678 13.419111 -1.666211 -1.194811
1 0 12.391074 -97.362526 3.314796 2.328207 1.032678 13.419111 -1.668306 -1.205061
1 0 12.391074 -97.362526 3.314796 2.378418 1.032678 13.419111 -1.670387 -1.215237
1 0 12.391074 -97.362526 3.314796 2.430922 1.032678 13.419111 -1.672562 -1.225877
1 0 12.391074 -97.362526 4.196590 2.570434 1.032678 13.419111 -2.120227 -1.442248
1 0 12.391074 -97.362526 4.196590 2.622875 1.032678 13.419111 -2.122978 -1.453143
1 0 12.391074 -97.362526 4.196590 2.675236 1.032678 13.419111 -2.125725 -1.464021
1 0 12.391074 -97.362526 3.359315 1.958860 1.032678 13.419111 -1.703721 -1.145674
1 0 12.391074 -97.362526 3.359315 2.009375 1.032678 13.419111 -1.705842 -1.155640
1 0 12.391074 -97.362526 3.359315 2.061080 1.032678 13.419111 -1.708013 -1.165841
1 0 12.391074 -97.362526 3.359315 2.111718 1.032678 13.419111 -1.710140 -1.175831
1 0 12.391074 -97.362526 3.359315 2.162971 1.032678 13.419111 -1.712292 -1.185943
1 0 12.391074 -97.362526 3.359315 2.214232 1.032678 13.419111 -1.714444 -1.196056
1 0 12.391074 -97.362526 3.359315 2.264371 1.032678 13.419111 -1.716550 -1.205948
1 0 12.391074 -97.362526 3.359315 2.315217 1.032678 13.419111 -1.718685 -1.215979
1 0 12.391074 -97.362526 3.359315 2.365520 1.032678 13.419111 -1.720797 -1.225904
1 0 12.391074 -97.362526 4.374415 2.515060 1.032678 13.419111 -2.243390 -1.476553
1 0 12.391074 -97.362526 4.374415 2.564997 1.032678 13.419111 -2.246120 -1.486698
1 0 12.391074 -97.362526 4.374415 2.614758 1.032678 13.419111 -2.248841 -1.496808
1 0 12.391074 -97.362526 3.394489 1.808432 1.032678 13.419111 -1.747099 -1.130777
1 0 12.391074 -97.362526 3.394489 1.855387 1.032678 13.419111 -1.749091 -1.139741
1 0 12.391074 -97.362526 3.394489 1.903998 1.032678 13.419111 -1.751154 -1.149022
1 0 12.391074 -97.362526 3.394489 1.951348 1.032678 13.419111 -1.753163 -1.158062
1 0 12.391074 -97.362526 3.394489 1.996988 1.032678 13.419111 -1.755100 -1.166776
1 0 12.391074 -97.362526 3.394489 2.042833 1.032678 13.419111 -1.757045 -1.175529
1 0 12.406806 -97.360629 3.394489 2.090135 1.034135 13.424893 -1.759052 -1.184559
1 0 12.406837 -97.360630 3.394489 2.136863 1.034118 13.424885 -1.761035 -1.193481
1 0 12.406837 -97.360630 3.394489 2.183423 1.034118 13.424885 -1.763010 -1.202370
1 0 12.406837 -97.360630 4.519269 2.341666 1.034118 13.424885 -2.349736 -1.483072
1 0 12.406837 -97.360630 4.519269 2.387375 1.034118 13.424885 -2.352319 -1.492098
1 0 12.406837 -97.360630 4.519269 2.432441 1.034118 13.424885 -2.354864 -1.500997
1 0 12.406837 -97.360630 2.890047 1.172614 1.034118 13.424885 -1.507515 -0.907492
1 0 12.406837 -97.360630 2.890047 1.215858 1.034118 13.424885 -1.509078 -0.915150
1 0 12.406837 -97.360630 2.890047 1.257771 1.034118 13.424885 -1.510592 -0.922573
1 0 12.406837 -97.360630 2.890047 1.300191 1.034118 13.424885 -1.512124 -0.930085
1 0 12.406837 -97.360630 2.890047 1.342895 1.034118 13.424885 -1.513667 -0.937648
1 0 12.406837 -97.360630 2.890047 1.385042 1.034118 13.424885 -1.515189 -0.945112
1 0 12.391106 -97.362526 2.890047 1.426129 1.032661 13.419104 -1.516674 -0.952388
1 0 12.391075 -97.362526 2.890047 1.467392 1.032678 13.419111 -1.518164 -0.959696
1 0 12.391074 -97.362526 2.890047 1.508083 1.032678 13.419111 -1.519634 -0.966902
1 0 12.391074 -97.362526 4.850788 1.735762 1.032678 13.419111 -2.553058 -1.459031
1 0 12.391074 -97.362526 4.850788 1.773858 1.032678 13.419111 -2.555368 -1.466216
1 0 12.391074 -97.362526 4.850788 1.812717 1.032678 13.419111 -2.557724 -1.473545
1 0 12.391074 -97.362526 4.135354 1.293849 1.032678 13.419111 -2.182431 -1.225967
1 0 12.391074 -97.362526 4.135354 1.330845 1.032678 13.419111 -2.184344 -1.232615
1 0 12.391074 -97.362526 4.135354 1.367934 1.032678 13.419111 -2.186261 -1.239278
1 0 12.391074 -97.362526 4.135354 1.403815 1.032678 13.419111 -2.188116 -1.245725
1 0 12.391074 -97.362526 4.135354 1.439657 1.032678 13.419111 -2.189968 -1.252165
1 0 12.391074 -97.362526 4.135354 1.474824 1.032678 13.419111 -2.191786 -1.258484
1 0 12.391074 -97.362526 4.135354 1.508703 1.032678 13.419111 -2.193537 -1.264571
1 0 12.391074 -97.362526 4.135354 1.542841 1.032678 13.419111 -2.195302 -1.270705
1 0 12.391074 -97.362526 4.135354 1.575941 1.032678 13.419111 -2.197013 -1.276652
1 0 12.391074 -97.362526 5.179898 1.726843 1.032678 13.419111 -2.754016 -1.541021
1 0 12.391074 -97.362526 5.179898 1.758804 1.032678 13.419111 -2.756086 -1.546958
1 0 12.391074 -97.362526 5.179898 1.790109 1.032678 13.419111 -2.758113 -1.552773
1 0 12.391074 -97.362526 4.479911 1.288770 1.032678 13.419111 -2.387081 -1.313232
1 0 12.391074 -97.362526 4.479911 1.318220 1.032678 13.419111 -2.388730 -1.318445
1 0 12.391074 -97.362526 4.479911 1.347304 1.032678 13.419111 -2.390359 -1.323593
1 0 12.391074 -97.362526 4.479911 1.375391 1.032678 13.419111 -2.391932 -1.328565
1 0 12.358992 -97.366348 4.479911 1.403023 1.029909 13.417707 -2.393479 -1.333456
1 0 12.358927 -97.366346 4.479911 1.429971 1.029943 13.417722 -2.394988 -1.338226
1 0 12.374661 -97.364455 4.479911 1.455021 1.031397 13.423503 -2.396391 -1.342660
1 0 12.374693 -97.364455 4.479911 1.480395 1.031380 13.423495 -2.397812 -1.347151
1 0 12.374693 -97.364455 4.479911 1.504954 1.031380 13.423495 -2.399187 -1.351498
1 0 12.374693 -97.364455 5.456269 1.645859 1.031380 13.423495 -2.923665 -1.599067
1 0 12.374693 -97.364455 5.456269 1.668969 1.031380 13.423495 -2.925241 -1.603289
1 0 12.374693 -97.364455 5.456269 1.691186 1.031380 13.423495 -2.926757 -1.607348
1 0 12.374693 -97.364455 4.712132 1.162999 1.031380 13.423495 -2.528815 -1.355287
1 0 12.374693 -97.364455 4.712132 1.182928 1.031380 13.423495 -2.529988 -1.358742
1 0 12.374693 -97.364455 4.712132 1.202840 1.031380 13.423495 -2.531161 -1.362195
1 0 12.374693 -97.364455 4.712132 1.221597 1.031380 13.423495 -2.532266 -1.365447
1 0 12.374693 -97.364455 4.712132 1.239924 1.031380 13.423495 -2.533346 -1.368624
1 0 12.374693 -97.364455 4.712132 1.256690 1.031380 13.423495 -2.534333 -1.371531
1 0 12.374693 -97.364455 4.712132 1.273148 1.031380 13.423495 -2.535303 -1.374385
1 0 12.374693 -97.364455 4.712132 1.289056 1.031380 13.423495 -2.536239 -1.377143
1 0 12.374693 -97.364455 4.712132 1.304147 1.031380 13.423495 -2.537128 -1.379759
1 0 12.374693 -97.364455 5.682777 1.438775 1.031380 13.423495 -3.060719 -1.625565
1 0 12.374693 -97.364455 5.682777 1.452210 1.031380 13.423495 -3.061673 -1.627970
1 0 12.374693 -97.364455 5.682777 1.464769 1.031380 13.423495 -3.062565 -1.630218
1 0 12.374693 -97.364455 4.990684 0.980530 1.031380 13.423495 -2.690310 -1.399375
1 0 12.374693 -97.364455 4.990684 0.991327 1.031380 13.423495 -2.690983 -1.401214
1 0 12.374693 -97.364455 4.990684 1.001426 1.031380 13.423495 -2.691613 -1.402935
1 0 12.374693 -97.364455 4.990684 1.010485 1.031380 13.423495 -2.692178 -1.404478
1 0 12.374693 -97.364455 4.990684 1.018846 1.031380 13.423495 -2.692700 -1.405903
1 0 12.374693 -97.364455 4.990684 1.026334 1.031380 13.423495 -2.693167 -1.407179
1 0 12.374693 -97.364455 4.990684 1.032848 1.031380 13.423495 -2.693573 -1.408289
1 0 12.374693 -97.364455 4.990684 1.038654 1.031380 13.423495 -2.693936 -1.409278
1 0 12.374693 -97.364455 4.990684 1.043570 1.031380 13.423495 -2.694242 -1.410116
1 0 12.374693 -97.364455 5.729417 1.141611 1.031380 13.423495 -3.093336 -1.596799
1 0 12.374693 -97.364455 5.729417 1.144823 1.031380 13.423495 -3.093566 -1.597361
1 0 12.374693 -97.364455 5.729417 1.147169 1.031380 13.423495 -3.093734 -1.597770
1 0 12.374693 -97.364455 5.173137 0.761934 1.031380 13.423495 -2.793450 -1.414507
1 0 12.374693 -97.364455 5.173137 0.762584 1.031380 13.423495 -2.793492 -1.414616
1 1 14.294824 -86.462921 -2.169373 -10.980716 -0.847745 11.101913 1.860841 2.381409
1 1 16.106202 -75.880021 -4.225119 -21.576958 -2.643865 8.861221 3.636544 4.670068
1 1 17.815488 -65.636883 -6.170733 -31.832808 -4.358880 6.703347 5.331815 6.874238
1 1 19.427425 -55.722516 -8.011204 -41.759467 -5.996182 4.625254 6.950025 8.997041
1 1 18.786999 -46.967498 -7.566616 -50.528596 -6.340909 3.301253 7.281234 10.357328
1 1 15.762931 -39.407327 -4.700440 -58.101198 -5.320238 2.769863 6.250498 10.914602
1 1 12.825958 -32.064894 -1.912271 -65.451621 -4.328963 2.253778 5.246774 11.454012
1 1 11.745935 -29.364837 -0.067400 -68.075983 -3.964438 2.063996 4.947012 11.673016
1 1 10.645710 -26.614274 1.013548 -70.827211 -3.593095 1.870665 4.573134 11.877822
1 1 9.564878 -23.912196 2.074006 -73.530459 -3.228297 1.680741 4.206645 12.079461
1 1 7.364875 -18.412188 3.728669 -79.077543 -2.485762 1.294156 3.414507 12.305482
1 1 5.239280 -13.098201 5.771168 -84.396388 -1.768340 0.920647 2.690716 12.687057
1 1 3.163596 -7.908989 7.766540 -89.590041 -1.067763 0.555907 1.983456 13.059415
1 1 1.136646 -2.841615 9.715064 -94.661752 -0.383636 0.199732 1.292801 13.423029
1 1 -0.000000 0.000000 10.810894 -97.519147 0.000000 0.000000 0.904734 13.628379
1 1 0.000000 -0.000000 10.815073 -97.536810 0.000000 0.000000 0.903716 13.630294
1 1 0.000000 -0.000000 10.815094 -97.536918 -0.000000 0.000000 0.903712 13.630307
1 1 -0.000000 -0.000000 10.815094 -97.536918 0.000000 0.000000 0.903712 13.630307
1 1 0.000000 -0.000000 10.815094 -97.536918 -0.000000 -0.000000 0.903712 13.630307
1 1 0.000000 -0.000000 11.232377 -97.492755 -0.000000 -0.000000 0.939716 13.648552
1 1 0.000000 -0.000000 11.233228 -97.492777 -0.000000 0.000000 0.939265 13.648345
1 1 0.000000 -0.000000 11.233230 -97.492778 -0.000000 0.000000 0.939264 13.648345
1 1 0.000000 0.000000 11.201717 -97.496204 -0.000000 -0.000000 0.936361 13.636840
1 1 0.000000 -0.000000 11.201653 -97.496203 -0.000000 -0.000000 0.936396 13.636856
1 1 -0.000000 0.000000 11.201653 -97.496203 0.000000 -0.000000 0.936396 13.636856
1 1 0.000000 -0.000000 11.201653 -97.496203 -0.000000 -0.000000 0.936396 13.636856
1 1 0.000000 -0.000000 11.201653 -97.496203 -0.000000 0.000000 0.936396 13.636856
1 1 0.000000 -0.000000 11.201653 -97.496203 -0.000000 0.000000 0.936396 13.636856
1 1 -0.000000 -0.000000 11.201653 -97.496203 0.000000 0.000000 0.936396 13.636856
1 1 -0.000000 -0.000000 11.201653 -97.496203 0.000000 0.000000 0.936396 13.636856
1 1 -0.000000 -0.000000 11.201653 -97.496203 0.000000 0.000000 0.936396 13.636856
1 1 -0.000000 -0.000000 9.080448 -97.701999 0.000000 0.000000 0.754130 13.544503
1 1 -0.000000 0.000000 9.076165 -97.702054 0.000000 -0.000000 0.756419 13.545593
1 1 -0.000000 0.000000 9.076156 -97.702052 0.000000 -0.000000 0.756423 13.545595
1 1 -0.000000 -0.000000 8.472571 -97.752892 0.000000 0.000000 0.702306 13.327134
1 1 -0.000000 -0.000000 8.471359 -97.752883 0.000000 0.000000 0.702955 13.327442
1 1 -0.000000 -0.000000 8.471356 -97.752883 0.000000 0.000000 0.702956 13.327442
1 1 -0.000000 -0.000000 8.471356 -97.752883 0.000000 0.000000 0.702956 13.327442
1 1 -0.000000 -0.000000 8.471356 -97.752883 0.000000 0.000000 0.702956 13.327442
1 1 -0.000000 -0.000000 8.471356 -97.752883 0.000000 0.000000 0.702956 13.327442
1 1 -0.000000 -0.000000 8.471356 -97.752883 0.000000 0.000000 0.702956 13.327442
1 1 0.000000 -0.000000 8.471356 -97.752883 -0.000000 -0.000000 0.702956 13.327442
1 1 0.000000 -0.000000 8.471356 -97.752883 -0.000000 -0.000000 0.702956 13.327442
1 1 0.000000 -0.000000 8.471356 -97.752883 -0.000000 -0.000000 0.702956 13.327442
1 1 0.000000 0.000000 8.406878 -97.758065 -0.000000 -0.000000 0.697476 13.324670
1 1 -0.000000 -0.000000 8.406748 -97.758063 0.000000 0.000000 0.697545 13.324703
1 1 -0.000000 0.000000 7.865133 -97.800234 0.000000 0.000000 0.649468 13.128847
1 1 -0.000000 0.000000 7.864053 -97.800226 0.000000 -0.000000 0.650049 13.129123
1 1 0.000000 0.000000 7.864051 -97.800226 -0.000000 -0.000000 0.650050 13.129124
1 1 0.000000 0.000000 7.864051 -97.800226 -0.000000 -0.000000 0.650050 13.129124
1 1 0.000000 -0.000000 7.864051 -97.800226 -0.000000 0.000000 0.650050 13.129124
1 1 0.000000 -0.000000 7.864051 -97.800226 -0.000000 0.000000 0.650050 13.129124
1 1 -0.000000 -0.000000 7.864051 -97.800226 0.000000 0.000000 0.650050 13.129124
1 1 0.000000 0.000000 7.864051 -97.800226 -0.000000 -0.000000 0.650050 13.129124
1 1 0.000000 0.000000 7.864051 -97.800226 -0.000000 -0.000000 0.650050 13.129124
1 1 0.000000 0.000000 7.864051 -97.800226 -0.000000 -0.000000 0.650050 13.129124
1 1 -0.000000 -0.000000 8.638567 -97.739416 0.000000 0.000000 0.715670 13.162323
1 1 0.000000 -0.000000 8.640117 -97.739461 0.000000 0.000000 0.714839 13.161934
1 1 -0.000000 0.000000 8.225844 -97.772899 0.000000 -0.000000 0.678097 13.011802
1 1 -0.000000 0.000000 8.225021 -97.772891 -0.000000 -0.000000 0.678540 13.012012
1 1 0.000000 0.000000 8.225019 -97.772890 -0.000000 -0.000000 0.678541 13.012013
1 1 0.000000 0.000000 8.225019 -97.772890 -0.000000 -0.000000 0.678541 13.012013
1 1 -0.000000 -0.000000 8.225019 -97.772890 0.000000 0.000000 0.678541 13.012013
1 1 -0.000000 -0.000000 8.225019 -97.772890 0.000000 0.000000 0.678541 13.012013
1 1 0.000000 -0.000000 8.225019 -97.772890 -0.000000 0.000000 0.678541 13.012013
1 1 -0.000000 -0.000000 8.225019 -97.772890 0.000000 0.000000 0.678541 13.012013
1 1 -0.000000 -0.000000 8.225019 -97.772890 0.000000 0.000000 0.678541 13.012013
1 1 -0.000000 -0.000000 8.225019 -97.772890 0.000000 0.000000 0.678541 13.012013
1 1 -0.000000 0.000000 8.321892 -97.765272 0.000000 0.000000 0.686732 13.016158
1 1 0.000000 -0.000000 8.322084 -97.765275 -0.000000 -0.000000 0.686629 13.016109
1 1 0.000000 0.000000 8.242347 -97.771591 -0.000000 -0.000000 0.679577 12.987210
1 1 0.000000 0.000000 8.242189 -97.771589 -0.000000 -0.000000 0.679662 12.987250
1 1 0.000000 0.000000 8.242188 -97.771589 -0.000000 -0.000000 0.679663 12.987250
1 1 0.000000 0.000000 8.242188 -97.771589 -0.000000 -0.000000 0.679663 12.987250
1 1 0.000000 0.000000 8.242188 -97.771589 -0.000000 -0.000000 0.679663 12.987250
1 1 0.000000 0.000000 8.242188 -97.771589 -0.000000 -0.000000 0.679663 12.987250
1 1 0.000000 0.000000 8.242188 -97.771589 -0.000000 -0.000000 0.679663 12.987250
1 1 0.000000 0.000000 8.242188 -97.771589 -0.000000 -0.000000 0.679663 12.987250
1 1 0.000000 0.000000 8.242188 -97.771589 -0.000000 -0.000000 0.679663 12.987250
1 1 0.000000 0.000000 8.242188 -97.771589 -0.000000 -0.000000 0.679663 12.987250
1 1 0.000000 0.000000 8.306775 -97.766509 -0.000000 -0.000000 0.685122 12.990012
1 1 0.000000 0.000000 8.306904 -97.766512 -0.000000 -0.000000 0.685052 12.989979
1 1 0.000000 -0.000000 8.322853 -97.765243 -0.000000 0.000000 0.686461 12.995760
1 1 -0.000000 -0.000000 8.322885 -97.765244 0.000000 0.000000 0.686444 12.995752
1 1 0.000000 -0.000000 8.322885 -97.765244 -0.000000 0.000000 0.686444 12.995752
1 1 0.000000 -0.000000 8.322885 -97.765244 0.000000 0.000000 0.686444 12.995752
1 1 0.000000 0.000000 8.322885 -97.765244 -0.000000 -0.000000 0.686444 12.995752
1 1 0.000000 0.000000 8.322885 -97.765244 -0.000000 -0.000000 0.686444 12.995752
1 1 0.000000 0.000000 8.322885 -97.765244 -0.000000 -0.000000 0.686444 12.995752
1 1 0.000000 0.000000 8.322885 -97.765244 -0.000000 -0.000000 0.686444 12.995752
1 1 0.000000 0.000000 8.322885 -97.765244 -0.000000 -0.000000 0.686444 12.995752
1 1 0.000000 0.000000 8.322885 -97.765244 -0.000000 -0.000000 0.686444 12.995752
1 1 0.000000 0.000000 8.322885 -97.765244 -0.000000 -0.000000 0.686444 12.995752
1 1 0.000000 0.000000 8.322885 -97.765244 -0.000000 -0.000000 0.686444 12.995752
1 1 0.000000 0.000000 8.322885 -97.765244 -0.000000 -0.000000 0.686444 12.995752
1 1 0.000000 0.000000 8.306936 -97.766512 -0.000000 -0.000000 0.685035 12.989971
0 1 5.768202 0.864577 8.306904 -97.766512 -3.114825 -1.568068 0.685052 12.989979
0 1 5.768202 0.863839 8.306904 -97.766512 -3.114772 -1.567941 0.685052 12.989979
0 1 5.752053 0.860085 8.306904 -97.766512 -3.105940 -1.563618 0.685052 12.989979
0 1 5.752053 0.857621 8.306904 -97.766512 -3.105763 -1.563195 0.685052 12.989979
0 1 5.752053 0.854296 8.306904 -97.766512 -3.105524 -1.562625 0.685052 12.989979
0 1 5.752053 0.850194 8.306904 -97.766512 -3.105229 -1.561922 0.685052 12.989979
0 1 5.752053 0.845394 8.306904 -97.766512 -3.104884 -1.561099 0.685052 12.989979
0 1 5.752053 0.839525 8.306904 -97.766512 -3.104462 -1.560093 0.685052 12.989979
0 1 5.752053 0.833093 8.468366 -97.753636 -3.103999 -1.558991 0.698697 12.996885
0 1 5.752053 0.825528 8.468687 -97.753642 -3.103455 -1.557694 0.698524 12.996803
0 1 5.752053 0.817080 8.468688 -97.753643 -3.102848 -1.556246 0.698523 12.996803
0 1 5.752053 0.808001 8.404911 -97.758790 -3.102195 -1.554690 0.692881 12.973673
0 1 5.752053 0.798096 8.404785 -97.758788 -3.101483 -1.552992 0.692949 12.973705
0 1 5.752053 0.787130 8.404785 -97.758788 -3.100695 -1.551112 0.692949 12.973705
0 1 5.752053 0.775538 8.404785 -97.758788 -3.099861 -1.549125 0.692949 12.973705
0 1 5.752053 0.762900 8.404785 -97.758788 -3.098952 -1.546959 0.692949 12.973705
0 1 5.752053 0.749424 8.404785 -97.758788 -3.097984 -1.544649 0.692949 12.973705
0 1 5.752053 0.735419 8.404785 -97.758788 -3.096977 -1.542248 0.692949 12.973705
0 1 5.752053 0.720871 8.404785 -97.758788 -3.095931 -1.539755 0.692949 12.973705
0 1 5.752053 0.704854 8.404785 -97.758788 -3.094779 -1.537009 0.692949 12.973705
0 1 5.752053 0.688361 8.404785 -97.758788 -3.093593 -1.534182 0.692949 12.973705
0 1 5.752053 0.671174 8.404785 -97.758788 -3.092357 -1.531236 0.692949 12.973705
0 1 5.752053 0.652811 8.404785 -97.758788 -3.091037 -1.528088 0.692949 12.973705
0 1 5.752053 0.634381 8.404785 -97.758788 -3.089712 -1.524929 0.692949 12.973705
0 1 5.752053 0.615293 8.404785 -97.758788 -3.088339 -1.521657 0.692949 12.973705
0 1 5.752053 0.595569 8.404785 -97.758788 -3.086921 -1.518276 0.692949 12.973705
0 1 5.752053 0.574550 8.404785 -97.758788 -3.085410 -1.514673 0.692949 12.973705
0 1 5.735902 0.550531 8.404785 -97.758788 -3.075181 -1.506902 0.692949 12.973705
0 1 5.735902 0.527509 8.404785 -97.758788 -3.073531 -1.502958 0.692949 12.973705
0 1 5.750929 0.514366 8.404785 -97.758788 -3.079886 -1.503752 0.692949 12.973705
0 1 5.750929 0.489836 8.404785 -97.758788 -3.078122 -1.499545 0.692949 12.973705
0 1 5.750929 0.464383 8.404785 -97.758788 -3.076292 -1.495179 0.692949 12.973705
0 1 5.750929 0.438858 8.404785 -97.758788 -3.074458 -1.490801 0.692949 12.973705
0 1 5.750929 0.412005 8.404785 -97.758788 -3.072527 -1.486196 0.692949 12.973705
0 1 5.750929 0.384458 8.404785 -97.758788 -3.070547 -1.481471 0.692949 12.973705
0 1 5.750929 0.356286 8.404785 -97.758788 -3.068522 -1.476640 0.692949 12.973705
0 1 5.750929 0.327840 8.404785 -97.758788 -3.066477 -1.471761 0.692949 12.973705
0 1 5.750929 0.299489 8.404785 -97.758788 -3.064439 -1.466899 0.692949 12.973705
0 1 5.750929 0.269712 8.404785 -97.758788 -3.062298 -1.461792 0.692949 12.973705
0 1 5.767076 0.240783 8.404785 -97.758788 -3.068653 -1.460450 0.692949 12.973705
0 1 5.767076 0.208881 8.404785 -97.758788 -3.066353 -1.454975 0.692949 12.973705
0 1 5.774584 0.182194 8.404785 -97.758788 -3.068041 -1.451882 0.692949 12.973705
0 1 5.774584 0.148978 8.404785 -97.758788 -3.065643 -1.446179 0.692949 12.973705
0 1 5.774584 0.115007 8.404785 -97.758788 -3.063191 -1.440346 0.692949 12.973705
0 1 5.774584 0.081150 8.404785 -97.758788 -3.060747 -1.434533 0.692949 12.973705
0 1 5.774584 0.045853 8.404785 -97.758788 -3.058199 -1.428473 0.692949 12.973705
0 1 5.774584 0.010097 8.404785 -97.758788 -3.055618 -1.422334 0.692949 12.973705
0 1 5.774584 -0.025434 8.404785 -97.758788 -3.053053 -1.416233 0.692949 12.973705
0 1 5.774584 -0.061931 8.404785 -97.758788 -3.050419 -1.409967 0.692949 12.973705
0 1 5.774584 -0.099567 8.404785 -97.758788 -3.047702 -1.403505 0.692949 12.973705
0 1 5.774584 -0.137127 8.404785 -97.758788 -3.044991 -1.397056 0.692949 12.973705
0 1 5.774584 -0.175893 8.404785 -97.758788 -3.042193 -1.390400 0.692949 12.973705
0 1 5.774584 -0.215505 8.404785 -97.758788 -3.039334 -1.383599 0.692949 12.973705
0 1 5.842071 -0.207443 8.404785 -97.758788 -3.071991 -1.397958 0.692949 12.973705
0 1 5.842071 -0.246280 8.404785 -97.758788 -3.069154 -1.391257 0.692949 12.973705
0 1 5.842071 -0.287495 8.404785 -97.758788 -3.066145 -1.384146 0.692949 12.973705
0 1 5.842071 -0.327995 8.404785 -97.758788 -3.063187 -1.377158 0.692949 12.973705
0 1 5.842071 -0.370229 8.404785 -97.758788 -3.060103 -1.369871 0.692949 12.973705
0 1 5.842071 -0.412922 8.404785 -97.758788 -3.056985 -1.362505 0.692949 12.973705
0 1 5.842071 -0.454406 8.404785 -97.758788 -3.053956 -1.355347 0.692949 12.973705
0 1 5.842071 -0.496869 8.404785 -97.758788 -3.050855 -1.348021 0.692949 12.973705
0 1 5.842071 -0.540910 8.404785 -97.758788 -3.047639 -1.340422 0.692949 12.973705
0 1 5.842071 -0.584651 8.404785 -97.758788 -3.044445 -1.332875 0.692949 12.973705
0 1 5.777559 -0.638002 8.404785 -97.758788 -3.007613 -1.309596 0.692949 12.973705
0 1 5.777559 -0.683599 8.404785 -97.758788 -3.004320 -1.301746 0.692949 12.973705
0 1 6.061009 -0.526889 8.404785 -97.758788 -3.148304 -1.381215 0.692949 12.973705
0 1 6.061009 -0.573317 8.404785 -97.758788 -3.144787 -1.373057 0.692949 12.973705
0 1 6.061009 -0.620023 8.404785 -97.758788 -3.141248 -1.364851 0.692949 12.973705
0 1 6.061009 -0.666336 8.404785 -97.758788 -3.137739 -1.356713 0.692949 12.973705
0 1 6.061009 -0.713839 8.404785 -97.758788 -3.134141 -1.348366 0.692949 12.973705
0 1 6.061009 -0.759905 8.404785 -97.758788 -3.130650 -1.340272 0.692949 12.973705
0 1 6.061009 -0.806211 8.404785 -97.758788 -3.127142 -1.332136 0.692949 12.973705
0 1 6.061009 -0.854416 8.404785 -97.758788 -3.123490 -1.323666 0.692949 12.973705
0 1 6.061009 -0.903346 8.404785 -97.758788 -3.119783 -1.315068 0.692949 12.973705
0 1 6.061009 -0.951728 8.404785 -97.758788 -3.116117 -1.306567 0.692949 12.973705
0 1 5.031918 -1.137053 8.404785 -97.758788 -2.583896 -1.051798 0.692949 12.973705
0 1 5.031918 -1.186784 8.404785 -97.758788 -2.580768 -1.043358 0.692949 12.973705
0 1 5.031918 -1.235885 8.404785 -97.758788 -2.577680 -1.035025 0.692949 12.973705
0 1 5.525838 -0.937151 8.404785 -97.758788 -2.827289 -1.178080 0.692949 12.973705
0 1 5.525838 -0.985351 8.404785 -97.758788 -2.823960 -1.169602 0.692949 12.973705
0 1 5.525838 -1.035394 8.404785 -97.758788 -2.820503 -1.160800 0.692949 12.973705
0 1 5.525838 -1.086388 8.404785 -97.758788 -2.816981 -1.151830 0.692949 12.973705
0 1 5.525838 -1.137546 8.404785 -97.758788 -2.813447 -1.142832 0.692949 12.973705
0 1 5.525838 -1.186863 8.404785 -97.758788 -2.810041 -1.134157 0.692949 12.973705
0 1 5.525838 -1.237386 8.404785 -97.758788 -2.806551 -1.125271 0.692949 12.973705
0 1 5.525838 -1.289284 8.404785 -97.758788 -2.802966 -1.116142 0.692949 12.973705
0 1 5.525838 -1.340175 8.404785 -97.758788 -2.799451 -1.107191 0.692949 12.973705
0 1 4.454002 -1.519892 8.404785 -97.758788 -2.253542 -0.844292 0.692949 12.973705
0 1 4.454002 -1.572218 8.404785 -97.758788 -2.250629 -0.835416 0.692949 12.973705
0 1 4.454002 -1.624087 8.404785 -97.758788 -2.247741 -0.826618 0.692949 12.973705
0 1 5.228454 -1.121511 8.404785 -97.758788 -2.635226 -1.056448 0.692949 12.973705
0 1 5.228454 -1.174215 8.404785 -97.758788 -2.631782 -1.046998 0.692949 12.973705
0 1 5.228454 -1.225813 8.404785 -97.758788 -2.628410 -1.037746 0.692949 12.973705
0 1 5.228454 -1.278698 8.404785 -97.758788 -2.624953 -1.028264 0.692949 12.973705
0 1 5.228454 -1.331327 8.404785 -97.758788 -2.621514 -1.018827 0.692949 12.973705
0 1 5.228454 -1.384011 8.404785 -97.758788 -2.618071 -1.009380 0.692949 12.973705
0 1 5.228454 -1.435731 8.404785 -97.758788 -2.614690 -1.000107 0.692949 12.973705
0 1 5.228454 -1.488584 8.404785 -97.758788 -2.611236 -0.990630 0.692949 12.973705
0 1 5.228454 -1.540369 8.404785 -97.758788 -2.607852 -0.981345 0.692949 12.973705
0 1 3.945619 -1.733973 8.404785 -97.758788 -1.965441 -0.672521 0.692949 12.973705
0 1 3.945619 -1.786672 8.404785 -97.758788 -1.962842 -0.663468 0.692949 12.973705
0 1 3.945619 -1.838889 8.404785 -97.758788 -1.960266 -0.654497 0.692949 12.973705
0 1 4.889590 -1.194861 8.404785 -97.758788 -2.426181 -0.940767 0.692949 12.973705
0 1 4.889590 -1.247332 8.404785 -97.758788 -2.422974 -0.931134 0.692949 12.973705
0 1 4.889590 -1.298508 8.404785 -97.758788 -2.419846 -0.921738 0.692949 12.973705
0 1 4.889590 -1.350599 8.404785 -97.758788 -2.416662 -0.912175 0.692949 12.973705
0 1 4.889590 -1.402913 8.404785 -97.758788 -2.413465 -0.902571 0.692949 12.973705
0 1 4.889590 -1.452762 8.420730 -97.757505 -2.410418 -0.893419 0.694359 12.979489
0 1 4.889590 -1.504812 8.420762 -97.757506 -2.407237 -0.883863 0.694342 12.979481
0 1 4.889590 -1.556670 8.420762 -97.757506 -2.404067 -0.874342 0.694342 12.979481
0 1 4.889590 -1.605994 8.420762 -97.757506 -2.401053 -0.865287 0.694342 12.979481
0 1 3.436127 -1.803285 8.420762 -97.757506 -1.685194 -0.521457 0.694342 12.979481
0 1 3.436127 -1.854426 8.420762 -97.757506 -1.682997 -0.512505 0.694342 12.979481
0 1 3.436127 -1.904256 8.420762 -97.757506 -1.680857 -0.503782 0.694342 12.979481
0 1 4.428001 -1.202664 8.420762 -97.757506 -2.163238 -0.811689 0.694342 12.979481
0 1 4.428001 -1.253173 8.420762 -97.757506 -2.160442 -0.802221 0.694342 12.979481
0 1 4.428001 -1.302418 8.420762 -97.757506 -2.157716 -0.792989 0.694342 12.979481
0 1 4.428001 -1.351562 8.420762 -97.757506 -2.154996 -0.783777 0.694342 12.979481
0 1 4.428001 -1.401273 8.420762 -97.757506 -2.152245 -0.774458 0.694342 12.979481
0 1 4.428001 -1.449556 8.404816 -97.758789 -2.149572 -0.765407 0.692932 12.973697
0 1 4.428001 -1.496512 8.404785 -97.758788 -2.146973 -0.756605 0.692949 12.973705
0 1 4.428001 -1.545268 8.404785 -97.758788 -2.144275 -0.747465 0.692949 12.973705
0 1 4.428001 -1.592809 8.404785 -97.758788 -2.141643 -0.738554 0.692949 12.973705
0 1 2.934642 -1.776989 8.404785 -97.758788 -1.417608 -0.389756 0.692949 12.973705
0 1 2.934642 -1.824841 8.404785 -97.758788 -1.415852 -0.381207 0.692949 12.973705
0 1 2.934642 -1.871096 8.404785 -97.758788 -1.414155 -0.372942 0.692949 12.973705
0 1 3.858643 -1.197401 8.404785 -97.758788 -1.857153 -0.667401 0.692949 12.973705
0 1 3.858643 -1.243784 8.404785 -97.758788 -1.854916 -0.658578 0.692949 12.973705
0 1 3.858643 -1.289464 8.404785 -97.758788 -1.852713 -0.649889 0.692949 12.973705
0 1 3.858643 -1.334545 8.437078 -97.756203 -1.850538 -0.641314 0.695679 12.975087
0 1 3.858643 -1.379578 8.437142 -97.756204 -1.848366 -0.632748 0.695644 12.975071
0 1 3.858643 -1.422377 8.437142 -97.756204 -1.846302 -0.624607 0.695644 12.975071
0 1 3.858643 -1.464601 8.437142 -97.756204 -1.844265 -0.616576 0.695644 12.975071
0 1 3.858643 -1.508402 8.437142 -97.756204 -1.842153 -0.608244 0.695644 12.975071
0 1 3.858643 -1.550807 8.437142 -97.756204 -1.840108 -0.600178 0.695644 12.975071
0 1 2.387252 -1.707209 8.437142 -97.756204 -1.137213 -0.260376 0.695644 12.975071
0 1 2.387252 -1.749673 8.437142 -97.756204 -1.135946 -0.252669 0.695644 12.975071
0 1 2.387252 -1.790621 8.437142 -97.756204 -1.134724 -0.245237 0.695644 12.975071
0 1 3.684825 -0.772505 8.437142 -97.756204 -1.749594 -0.678649 0.695644 12.975071
0 1 3.684825 -0.813286 8.437142 -97.756204 -1.747716 -0.670585 0.695644 12.975071
0 1 3.684825 -0.852557 8.437142 -97.756204 -1.745907 -0.662821 0.695644 12.975071
0 1 3.684825 -0.891675 8.469435 -97.753609 -1.744105 -0.655086 0.698374 12.976453
0 1 3.684825 -0.930726 8.469499 -97.753610 -1.742307 -0.647365 0.698339 12.976437
0 1 3.684825 -0.968786 8.469499 -97.753610 -1.740554 -0.639840 0.698339 12.976437
0 1 3.684825 -1.006453 8.469499 -97.753610 -1.738819 -0.632392 0.698339 12.976437
0 1 3.684825 -1.043742 8.469499 -97.753610 -1.737101 -0.625019 0.698339 12.976437
0 1 3.684825 -1.079715 8.469499 -97.753610 -1.735444 -0.617907 0.698339 12.976437
0 1 2.411581 -1.214035 8.469499 -97.753610 -1.134750 -0.328534 0.698339 12.976437
0 1 2.411581 -1.249434 8.469499 -97.753610 -1.133683 -0.321801 0.698339 12.976437
0 1 2.411581 -1.283542 8.469499 -97.753610 -1.132654 -0.315313 0.698339 12.976437
0 1 2.936261 -0.874004 8.469499 -97.753610 -1.377858 -0.492945 0.698339 12.976437
0 1 2.936261 -0.907558 8.469499 -97.753610 -1.376626 -0.486342 0.698339 12.976437
0 1 2.936261 -0.939779 8.469499 -97.753610 -1.375443 -0.480002 0.698339 12.976437
0 1 2.936261 -0.971700 8.469499 -97.753610 -1.374272 -0.473721 0.698339 12.976437
0 1 2.936261 -1.002739 8.469499 -97.753610 -1.373133 -0.467613 0.698339 12.976437
0 1 2.936261 -1.032627 8.469499 -97.753610 -1.372036 -0.461732 0.698339 12.976437
0 1 2.936261 -1.061557 8.469499 -97.753610 -1.370974 -0.456039 0.698339 12.976437
0 1 2.936261 -1.089777 8.469499 -97.753610 -1.369938 -0.450487 0.698339 12.976437
0 1 2.936261 -1.117873 8.469499 -97.753610 -1.368907 -0.444958 0.698339 12.976437
0 1 1.938881 -1.208311 8.469499 -97.753610 -0.903261 -0.218228 0.698339 12.976437
0 1 1.938881 -1.235573 8.469499 -97.753610 -0.902601 -0.213026 0.698339 12.976437
0 1 1.938881 -1.261457 8.469499 -97.753610 -0.901973 -0.208086 0.698339 12.976437
0 1 2.351786 -0.938602 8.469499 -97.753610 -1.093311 -0.350194 0.698339 12.976437
0 1 2.351786 -0.963413 8.469499 -97.753610 -1.092582 -0.345331 0.698339 12.976437
0 1 2.351786 -0.987040 8.469499 -97.753610 -1.091887 -0.340701 0.698339 12.976437
0 1 2.351786 -1.010447 8.469499 -97.753610 -1.091199 -0.336113 0.698339 12.976437
0 1 2.351786 -1.032000 8.469499 -97.753610 -1.090565 -0.331889 0.698339 12.976437
0 1 2.351786 -1.053346 8.469499 -97.753610 -1.089938 -0.327705 0.698339 12.976437
0 1 2.351786 -1.074560 8.469499 -97.753610 -1.089314 -0.323547 0.698339 12.976437
0 1 2.351786 -1.094403 8.469499 -97.753610 -1.088731 -0.319658 0.698339 12.976437
0 1 2.351786 -1.112962 8.469499 -97.753610 -1.088185 -0.316021 0.698339 12.976437
0 1 0.793883 -1.195866 8.469499 -97.753610 -0.367149 0.036592 0.698339 12.976437
0 1 0.793883 -1.213425 8.469499 -97.753610 -0.366974 0.039867 0.698339 12.976437
0 1 0.793883 -1.230079 8.469499 -97.753610 -0.366809 0.042974 0.698339 12.976437
0 1 1.114303 -0.987431 8.469499 -97.753610 -0.514630 -0.070011 0.698339 12.976437
0 1 1.114303 -1.002877 8.469499 -97.753610 -0.514415 -0.067067 0.698339 12.976437
0 1 1.114303 -1.017221 8.469499 -97.753610 -0.514215 -0.064334 0.698339 12.976437
0 1 1.114303 -1.030767 8.469499 -97.753610 -0.514027 -0.061752 0.698339 12.976437
0 1 1.114303 -1.043108 8.469499 -97.753610 -0.513855 -0.059400 0.698339 12.976437
0 1 1.114303 -1.054953 8.469499 -97.753610 -0.513690 -0.057143 0.698339 12.976437
0 1 1.114303 -1.066024 8.469499 -97.753610 -0.513536 -0.055033 0.698339 12.976437
0 1 1.114303 -1.076224 8.469499 -97.753610 -0.513394 -0.053090 0.698339 12.976437
0 1 1.114303 -1.085834 8.469499 -97.753610 -0.513260 -0.051258 0.698339 12.976437
0 1 0.607734 -1.106117 8.469499 -97.753610 -0.279862 0.065004 0.698339 12.976437
0 1 0.607734 -1.114023 8.469499 -97.753610 -0.279802 0.066486 0.698339 12.976437
0 1 0.607734 -1.120933 8.469499 -97.753610 -0.279749 0.067781 0.698339 12.976437
0 1 0.856568 -0.925109 8.469499 -97.753610 -0.394226 -0.022170 0.698339 12.976437
0 1 0.856568 -0.930456 8.469499 -97.753610 -0.394169 -0.021151 0.698339 12.976437
0 1 0.856568 -0.934846 8.469499 -97.753610 -0.394122 -0.020315 0.698339 12.976437
0 1 0.856568 -0.938465 8.469499 -97.753610 -0.394083 -0.019625 0.698339 12.976437
0 1 0.856568 -0.941216 8.469499 -97.753610 -0.394054 -0.019101 0.698339 12.976437
0 1 0.856568 -0.943062 8.469499 -97.753610 -0.394034 -0.018749 0.698339 12.976437
0 1 0.856568 -0.944080 8.469499 -97.753610 -0.394023 -0.018555 0.698339 12.976437
0 1 0.856568 -0.944260 8.469499 -97.753610 -0.394021 -0.018521 0.698339 12.976437
0 1 0.856568 -0.943607 8.469499 -97.753610 -0.394028 -0.018645 0.698339 12.976437
0 1 0.438974 -0.949185 8.469499 -97.753610 -0.201940 0.075811 0.698339 12.976437
0 1 0.438974 -0.946756 8.469499 -97.753610 -0.201954 0.075354 0.698339 12.976437
0 1 0.438974 -0.943518 8.469499 -97.753610 -0.201971 0.074745 0.698339 12.976437
0 1 0.588319 -0.818283 8.469499 -97.753610 -0.270716 0.018704 0.698339 12.976437
0 1 0.588319 -0.813245 8.469499 -97.753610 -0.270753 0.017748 0.698339 12.976437
0 1 0.588319 -0.807487 8.469499 -97.753610 -0.270795 0.016654 0.698339 12.976437
0 1 0.588319 -0.800909 8.469499 -97.753610 -0.270843 0.015406 0.698339 12.976437
0 1 0.588319 -0.793321 8.469499 -97.753610 -0.270899 0.013965 0.698339 12.976437
0 1 0.588319 -0.785055 8.469499 -97.753610 -0.270960 0.012396 0.698339 12.976437
0 1 0.588319 -0.776126 8.469499 -97.753610 -0.271026 0.010700 0.698339 12.976437
0 1 0.588319 -0.766256 8.469499 -97.753610 -0.271098 0.008826 0.698339 12.976437
0 1 0.588319 -0.755544 8.469499 -97.753610 -0.271177 0.006793 0.698339 12.976437
0 1 0.588319 -0.743755 8.469499 -97.753610 -0.271264 0.004554 0.698339 12.976437
0 1 0.444766 -0.733374 8.469499 -97.753610 -0.205142 0.034956 0.698339 12.976437
0 1 0.444766 -0.720171 8.469499 -97.753610 -0.205216 0.032461 0.698339 12.976437
0 1 0.515764 -0.648612 8.469499 -97.753610 -0.238063 0.003344 0.698339 12.976437
0 1 0.515764 -0.633512 8.469499 -97.753610 -0.238161 0.000477 0.698339 12.976437
0 1 0.515764 -0.617950 8.469499 -97.753610 -0.238261 -0.002478 0.698339 12.976437
0 1 0.515764 -0.601302 8.469499 -97.753610 -0.238369 -0.005639 0.698339 12.976437
0 1 0.515764 -0.583650 8.469499 -97.753610 -0.238482 -0.008990 0.698339 12.976437
0 1 0.515764 -0.565714 8.469499 -97.753610 -0.238598 -0.012395 0.698339 12.976437
0 1 0.515764 -0.547317 8.469499 -97.753610 -0.238717 -0.015888 0.698339 12.976437
0 1 0.515764 -0.527748 8.469499 -97.753610 -0.238843 -0.019604 0.698339 12.976437
0 1 0.515764 -0.507455 8.469499 -97.753610 -0.238974 -0.023456 0.698339 12.976437
0 1 0.515764 -0.485864 8.469499 -97.753610 -0.239113 -0.027556 0.698339 12.976437
0 1 0.501430 -0.464834 8.469499 -97.753610 -0.232600 -0.028296 0.698339 12.976437
0 1 0.501430 -0.442085 8.469499 -97.753610 -0.232743 -0.032613 0.698339 12.976437
0 1 0.501430 -0.418795 8.469499 -97.753610 -0.232889 -0.037033 0.698339 12.976437
0 1 0.501430 -0.394229 8.469499 -97.753610 -0.233043 -0.041695 0.698339 12.976437
0 1 0.501430 -0.369387 8.469499 -97.753610 -0.233198 -0.046409 0.698339 12.976437
0 1 0.501430 -0.343248 8.469499 -97.753610 -0.233362 -0.051370 0.698339 12.976437
0 1 0.501430 -0.317699 8.469499 -97.753610 -0.233522 -0.056218 0.698339 12.976437
0 1 0.501430 -0.290584 8.469499 -97.753610 -0.233692 -0.061364 0.698339 12.976437
0 1 0.501430 -0.262507 8.469499 -97.753610 -0.233868 -0.066692 0.698339 12.976437
0 1 0.501430 -0.233836 8.469499 -97.753610 -0.234048 -0.072133 0.698339 12.976437
0 1 0.501430 -0.204672 8.469499 -97.753610 -0.234231 -0.077667 0.698339 12.976437
0 1 0.501430 -0.174306 8.469499 -97.753610 -0.234421 -0.083430 0.698339 12.976437
0 1 0.515764 -0.144391 8.469499 -97.753610 -0.241314 -0.092387 0.698339 12.976437
0 1 0.515764 -0.113878 8.469499 -97.753610 -0.241511 -0.098180 0.698339 12.976437
0 1 0.515764 -0.082948 8.469499 -97.753610 -0.241710 -0.104053 0.698339 12.976437
0 1 0.501582 -0.061340 8.469499 -97.753610 -0.235272 -0.104945 0.698339 12.976437
0 1 0.501582 -0.028106 8.469499 -97.753610 -0.235480 -0.111248 0.698339 12.976437
0 1 0.501582 0.006350 8.469499 -97.753610 -0.235696 -0.117784 0.698339 12.976437
0 1 0.501582 0.041478 8.469499 -97.753610 -0.235917 -0.124447 0.698339 12.976437
0 1 0.501582 0.076686 8.469499 -97.753610 -0.236137 -0.131126 0.698339 12.976437
0 1 0.501582 0.112460 8.469499 -97.753610 -0.236362 -0.137911 0.698339 12.976437
0 1 0.501582 0.148696 8.469499 -97.753610 -0.236589 -0.144785 0.698339 12.976437
0 1 0.501582 0.185868 8.469499 -97.753610 -0.236822 -0.151835 0.698339 12.976437
0 1 0.501582 0.223998 8.469499 -97.753610 -0.237061 -0.159068 0.698339 12.976437
0 1 0.501582 0.262072 8.469499 -97.753610 -0.237300 -0.166290 0.698339 12.976437
0 1 0.501582 0.300804 8.469499 -97.753610 -0.237543 -0.173637 0.698339 12.976437
0 1 0.501582 0.340726 8.469499 -97.753610 -0.237793 -0.181209 0.698339 12.976437
0 1 0.473190 0.356157 8.469499 -97.753610 -0.224561 -0.177548 0.698339 12.976437
0 1 0.473190 0.396618 8.469499 -97.753610 -0.224800 -0.185208 0.698339 12.976437
0 1 0.473190 0.436274 8.469499 -97.753610 -0.225035 -0.192716 0.698339 12.976437
0 1 0.473190 0.477321 8.437207 -97.756205 -0.225277 -0.200487 0.695610 12.975054
0 1 0.473190 0.519087 8.437142 -97.756204 -0.225524 -0.208395 0.695644 12.975071
0 1 0.473190 0.561552 8.437142 -97.756204 -0.225776 -0.216434 0.695644 12.975071
0 1 0.473190 0.605272 8.437142 -97.756204 -0.226034 -0.224712 0.695644 12.975071
0 1 0.473190 0.647816 8.437142 -97.756204 -0.226286 -0.232766 0.695644 12.975071
0 1 0.473190 0.692654 8.437142 -97.756204 -0.226551 -0.241255 0.695644 12.975071
0 1 0.688385 0.741439 8.437142 -97.756204 -0.329972 -0.300807 0.695644 12.975071
0 1 0.688385 0.785663 8.437142 -97.756204 -0.330352 -0.309239 0.695644 12.975071
0 1 0.688385 0.830387 8.437142 -97.756204 -0.330737 -0.317765 0.695644 12.975071
0 1 0.553681 0.766542 8.437142 -97.756204 -0.266338 -0.273863 0.695644 12.975071
0 1 0.553681 0.813369 8.437142 -97.756204 -0.266662 -0.282712 0.695644 12.975071
0 1 0.553681 0.861882 8.437142 -97.756204 -0.266998 -0.291880 0.695644 12.975071
0 1 0.553681 0.907245 8.469435 -97.753609 -0.267312 -0.300452 0.698374 12.976453
0 1 0.553681 0.955004 8.469499 -97.753610 -0.267642 -0.309477 0.698339 12.976437
0 1 0.553681 1.000962 8.469499 -97.753610 -0.267960 -0.318162 0.698339 12.976437
0 1 0.553681 1.048882 8.469499 -97.753610 -0.268292 -0.327217 0.698339 12.976437
0 1 0.553681 1.096382 8.469499 -97.753610 -0.268621 -0.336194 0.698339 12.976437
0 1 0.553681 1.145669 8.469499 -97.753610 -0.268962 -0.345507 0.698339 12.976437
0 1 0.913337 1.199778 8.469499 -97.753610 -0.444210 -0.440533 0.698339 12.976437
0 1 0.913337 1.248446 8.469499 -97.753610 -0.444766 -0.449837 0.698339 12.976437
0 1 0.913337 1.296931 8.469499 -97.753610 -0.445320 -0.459107 0.698339 12.976437
0 1 0.729150 1.194984 8.469499 -97.753610 -0.355960 -0.395658 0.698339 12.976437
0 1 0.729150 1.245269 8.469499 -97.753610 -0.356418 -0.405155 0.698339 12.976437
0 1 0.729150 1.293734 8.469499 -97.753610 -0.356860 -0.414310 0.698339 12.976437
0 1 0.729150 1.342603 8.469499 -97.753610 -0.357305 -0.423540 0.698339 12.976437
0 1 0.729150 1.392894 8.469499 -97.753610 -0.357764 -0.433039 0.698339 12.976437
0 1 0.729150 1.442497 8.469499 -97.753610 -0.358216 -0.442408 0.698339 12.976437
0 1 0.729150 1.494123 8.453555 -97.754901 -0.358686 -0.452160 0.696928 12.970654
0 1 0.729150 1.543407 8.453523 -97.754900 -0.359136 -0.461469 0.696946 12.970662
0 1 0.729150 1.593704 8.453523 -97.754900 -0.359594 -0.470969 0.696946 12.970662
0 1 1.364519 1.661463 8.453523 -97.754900 -0.673794 -0.633940 0.696946 12.970662
0 1 1.364519 1.711427 8.453523 -97.754900 -0.674646 -0.643571 0.696946 12.970662
0 1 1.364519 1.762702 8.453523 -97.754900 -0.675521 -0.653456 0.696946 12.970662
0 1 1.032349 1.541134 8.453523 -97.754900 -0.511747 -0.531519 0.696946 12.970662
0 1 1.032349 1.591500 8.453523 -97.754900 -0.512396 -0.541018 0.696946 12.970662
0 1 1.032349 1.643543 8.453523 -97.754900 -0.513068 -0.550835 0.696946 12.970662
0 1 1.032349 1.693693 8.485821 -97.752300 -0.513715 -0.560294 0.699672 12.972041
0 1 1.032349 1.746451 8.485886 -97.752301 -0.514396 -0.570245 0.699638 12.972025
0 1 1.032349 1.798119 8.485886 -97.752301 -0.515063 -0.579990 0.699638 12.972025
0 1 1.032349 1.850409 8.485886 -97.752301 -0.515738 -0.589853 0.699638 12.972025
0 1 1.032349 1.901378 8.485886 -97.752301 -0.516395 -0.599467 0.699638 12.972025
0 1 1.032349 1.953648 8.485886 -97.752301 -0.517070 -0.609325 0.699638 12.972025
0 1 1.032349 2.005222 8.485886 -97.752301 -0.517735 -0.619053 0.699638 12.972025
0 1 1.947981 2.093005 8.485886 -97.752301 -0.978201 -0.851877 0.699638 12.972025
0 1 1.947981 2.143424 8.485886 -97.752301 -0.979429 -0.861667 0.699638 12.972025
0 1 1.468216 1.798315 8.485886 -97.752301 -0.739155 -0.681437 0.699638 12.972025
0 1 1.468216 1.848534 8.485886 -97.752301 -0.740076 -0.690887 0.699638 12.972025
0 1 1.468216 1.899920 8.485886 -97.752301 -0.741019 -0.700556 0.699638 12.972025
0 1 1.468216 1.950111 8.518174 -97.749691 -0.741941 -0.710001 0.702369 12.973406
0 1 1.468216 1.999897 8.518238 -97.749692 -0.742854 -0.719369 0.702334 12.973390
0 1 1.468216 2.051028 8.518238 -97.749692 -0.743793 -0.728990 0.702334 12.973390
0 1 1.468216 2.100588 8.518238 -97.749692 -0.744702 -0.738316 0.702334 12.973390
0 1 1.468216 2.150843 8.518238 -97.749692 -0.745625 -0.747772 0.702334 12.973390
0 1 1.468216 2.201504 8.518238 -97.749692 -0.746554 -0.757305 0.702334 12.973390
0 1 1.468216 2.251178 8.518238 -97.749692 -0.747466 -0.766652 0.702334 12.973390
0 1 2.700177 2.366799 8.518238 -97.749692 -1.376303 -1.077142 0.702334 12.973390
0 1 2.700177 2.417041 8.518238 -97.749692 -1.377999 -1.086967 0.702334 12.973390
0 1 2.700177 2.466197 8.518238 -97.749692 -1.379658 -1.096580 0.702334 12.973390
0 1 2.080514 2.000541 8.518238 -97.749692 -1.064319 -0.862436 0.702334 12.973390
0 1 2.080514 2.048712 8.518238 -97.749692 -1.065572 -0.871483 0.702334 12.973390
0 1 2.080514 2.098426 8.518238 -97.749692 -1.066865 -0.880820 0.702334 12.973390
0 1 2.080514 2.145973 8.550531 -97.747071 -1.068102 -0.889750 0.705063 12.974772
0 1 2.080514 2.194053 8.550595 -97.747072 -1.069352 -0.898780 0.705029 12.974756
0 1 2.080514 2.241358 8.534651 -97.748376 -1.070582 -0.907665 0.703618 12.968973
0 1 2.080514 2.290464 8.534619 -97.748375 -1.071859 -0.916887 0.703635 12.968981
0 1 2.080514 2.338244 8.534619 -97.748375 -1.073102 -0.925861 0.703635 12.968981
0 1 2.080514 2.384891 8.534619 -97.748375 -1.074315 -0.934622 0.703635 12.968981
0 1 3.533922 2.535709 8.534619 -97.748375 -1.826837 -1.299406 0.703635 12.968981
0 1 3.533922 2.582519 8.534619 -97.748375 -1.828905 -1.308600 0.703635 12.968981
0 1 3.533922 2.629073 8.534619 -97.748375 -1.830961 -1.317745 0.703635 12.968981
0 1 2.098168 1.523320 8.534619 -97.748375 -1.088255 -0.777819 0.703635 12.968981
0 1 2.098168 1.568934 8.534619 -97.748375 -1.089451 -0.785960 0.703635 12.968981
0 1 2.098168 1.613773 8.534619 -97.748375 -1.090627 -0.793963 0.703635 12.968981
0 1 2.098168 1.657272 8.534619 -97.748375 -1.091768 -0.801727 0.703635 12.968981
0 1 2.098168 1.701679 8.534619 -97.748375 -1.092933 -0.809652 0.703635 12.968981
0 1 2.098168 1.744692 8.534619 -97.748375 -1.094061 -0.817329 0.703635 12.968981
0 1 2.098168 1.787777 8.534619 -97.748375 -1.095191 -0.825019 0.703635 12.968981
0 1 2.098168 1.830889 8.534619 -97.748375 -1.096321 -0.832714 0.703635 12.968981
0 1 2.098168 1.872808 8.534619 -97.748375 -1.097421 -0.840195 0.703635 12.968981
0 1 3.697075 2.031843 8.534619 -97.748375 -1.935694 -1.246319 0.703635 12.968981
0 1 3.697075 2.072739 8.534619 -97.748375 -1.937584 -1.254007 0.703635 12.968981
0 1 3.697075 2.113601 8.534619 -97.748375 -1.939472 -1.261689 0.703635 12.968981
0 1 2.936062 1.567784 8.534619 -97.748375 -1.541767 -0.987799 0.703635 12.968981
0 1 2.936062 1.607952 8.534619 -97.748375 -1.543242 -0.994968 0.703635 12.968981
0 1 2.936062 1.647408 8.534619 -97.748375 -1.544690 -1.002010 0.703635 12.968981
0 1 2.936062 1.685493 8.502327 -97.750991 -1.546087 -1.008807 0.700906 12.967599
0 1 2.936062 1.723896 8.502263 -97.750990 -1.547497 -1.015661 0.700941 12.967615
0 1 2.936062 1.761076 8.502262 -97.750990 -1.548861 -1.022297 0.700941 12.967615
0 1 2.936062 1.797574 8.502262 -97.750990 -1.550201 -1.028811 0.700941 12.967615
0 1 2.936062 1.834323 8.502262 -97.750990 -1.551550 -1.035370 0.700941 12.967615
0 1 2.936062 1.871049 8.502262 -97.750990 -1.552897 -1.041925 0.700941 12.967615
0 1 2.936062 1.905593 8.502262 -97.750990 -1.554165 -1.048091 0.700941 12.967615
0 1 6.009997 2.281762 8.502262 -97.750990 -3.183921 -1.811234 0.700941 12.967615
0 1 6.009997 2.316472 8.502262 -97.750990 -3.186529 -1.818048 0.700941 12.967615
0 1 5.313641 1.768986 8.502262 -97.750990 -2.819485 -1.575736 0.700941 12.967615
0 1 5.313641 1.802257 8.502262 -97.750990 -2.821695 -1.581979 0.700941 12.967615
0 1 5.313641 1.834729 8.502262 -97.750990 -2.823852 -1.588072 0.700941 12.967615
0 1 5.313641 1.865487 8.502262 -97.750990 -2.825895 -1.593843 0.700941 12.967615
0 1 5.313641 1.896467 8.502262 -97.750990 -2.827952 -1.599656 0.700941 12.967615
0 1 5.313641 1.926250 8.502262 -97.750990 -2.829931 -1.605245 0.700941 12.967615
0 1 5.313641 1.955120 8.518206 -97.749691 -2.831848 -1.610662 0.702351 12.973398
0 1 5.313641 1.984106 8.518238 -97.749692 -2.833773 -1.616100 0.702334 12.973390
0 1 5.313641 2.011648 8.518238 -97.749692 -2.835603 -1.621268 0.702334 12.973390
0 1 5.313641 2.039307 8.518238 -97.749692 -2.837440 -1.626458 0.702334 12.973390
0 1 6.691431 2.269728 8.518238 -97.749692 -3.575395 -1.966473 0.702334 12.973390
0 1 6.691431 2.296579 8.518238 -97.749692 -3.577640 -1.971722 0.702334 12.973390
0 1 6.691431 2.322644 8.518238 -97.749692 -3.579821 -1.976817 0.702334 12.973390
0 1 6.035839 1.804124 8.518238 -97.749692 -3.230950 -1.752463 0.702334 12.973390
0 1 6.035839 1.827900 8.518238 -97.749692 -3.232744 -1.756915 0.702334 12.973390
0 1 6.035839 1.850598 8.518238 -97.749692 -3.234457 -1.761166 0.702334 12.973390
0 1 6.035839 1.873066 8.518238 -97.749692 -3.236152 -1.765374 0.702334 12.973390
0 1 6.035839 1.895205 8.518238 -97.749692 -3.237822 -1.769520 0.702334 12.973390
0 1 6.035839 1.916665 8.518238 -97.749692 -3.239441 -1.773539 0.702334 12.973390
0 1 6.035839 1.936888 8.518238 -97.749692 -3.240967 -1.777326 0.702334 12.973390
0 1 6.035839 1.956142 8.518238 -97.749692 -3.242420 -1.780932 0.702334 12.973390
0 1 6.035839 1.974568 8.518238 -97.749692 -3.243810 -1.784383 0.702334 12.973390
0 1 7.300257 2.198546 8.518238 -97.749692 -3.924975 -2.095332 0.702334 12.973390
0 1 7.300257 2.215340 8.518238 -97.749692 -3.926507 -2.098597 0.702334 12.973390
0 1 7.300257 2.231199 8.518238 -97.749692 -3.927954 -2.101680 0.702334 12.973390
0 1 6.706684 1.757468 8.518238 -97.749692 -3.609855 -1.901913 0.702334 12.973390
0 1 6.706684 1.771876 8.518238 -97.749692 -3.611063 -1.904607 0.702334 12.973390
0 1 6.706684 1.786116 8.518238 -97.749692 -3.612257 -1.907270 0.702334 12.973390
0 1 6.706684 1.799288 8.518238 -97.749692 -3.613361 -1.909733 0.702334 12.973390
0 1 6.706684 1.811470 8.518238 -97.749692 -3.614383 -1.912012 0.702334 12.973390
0 1 6.706684 1.823139 8.518238 -97.749692 -3.615361 -1.914194 0.702334 12.973390
0 1 6.706684 1.833879 8.502294 -97.750990 -3.616261 -1.916202 0.700924 12.967607
0 1 6.706684 1.843842 8.502263 -97.750990 -3.617096 -1.918065 0.700941 12.967615
0 1 6.706684 1.853204 8.502262 -97.750990 -3.617881 -1.919816 0.700941 12.967615
0 1 7.869771 2.067320 8.502262 -97.750990 -4.246124 -2.203953 0.700941 12.967615
0 1 7.869771 2.074708 8.502262 -97.750990 -4.246851 -2.205383 0.700941 12.967615
0 1 7.869771 2.081352 8.502262 -97.750990 -4.247505 -2.206669 0.700941 12.967615
0 1 7.367516 1.674862 8.502262 -97.750990 -3.976990 -2.040354 0.700941 12.967615
0 1 7.367516 1.679579 8.502262 -97.750990 -3.977424 -2.041237 0.700941 12.967615
0 1 7.367516 1.683524 8.502262 -97.750990 -3.977787 -2.041976 0.700941 12.967615
0 1 7.367516 1.686568 8.502262 -97.750990 -3.978068 -2.042546 0.700941 12.967615
0 1 7.367516 1.688807 8.502262 -97.750990 -3.978274 -2.042965 0.700941 12.967615
0 1 7.367516 1.690234 8.518206 -97.749691 -3.978405 -2.043233 0.702351 12.973398
0 1 7.367516 1.690800 8.518238 -97.749692 -3.978457 -2.043339 0.702334 12.973390
1 1 -0.000000 -0.000000 8.518238 -97.749692 0.000000 0.000000 0.702334 12.973390
1 1 -0.000000 -0.000000 8.518238 -97.749692 0.000000 0.000000 0.702334 12.973390
1 1 -0.000000 0.000000 8.518238 -97.749692 0.000000 -0.000000 0.702334 12.973390
1 1 -0.000000 -0.000000 8.518238 -97.749692 0.000000 0.000000 0.702334 12.973390
1 1 -0.000000 -0.000000 8.518238 -97.749692 0.000000 0.000000 0.702334 12.973390
1 1 0.000000 0.000000 8.518238 -97.749692 -0.000000 -0.000000 0.702334 12.973390
1 1 0.000000 0.000000 8.518238 -97.749692 -0.000000 -0.000000 0.702334 12.973390
1 1 0.000000 0.000000 8.518238 -97.749692 -0.000000 -0.000000 0.702334 12.973390
1 1 0.000000 0.000000 8.518238 -97.749692 -0.000000 -0.000000 0.702334 12.973390
1 1 0.000000 0.000000 8.518238 -97.749692 -0.000000 -0.000000 0.702334 12.973390
1 1 0.000000 0.000000 8.518238 -97.749692 -0.000000 -0.000000 0.702334 12.973390
1 1 0.000000 0.000000 8.518238 -97.749692 -0.000000 -0.000000 0.702334 12.973390
1 1 0.000000 0.000000 8.518238 -97.749692 -0.000000 -0.000000 0.702334 12.973390
1 1 0.000000 0.000000 8.518238 -97.749692 -0.000000 -0.000000 0.702334 12.973390
1 1 0.000000 -0.000000 8.518238 -97.749692 -0.000000 0.000000 0.702334 12.973390
1 1 -0.000000 -0.000000 8.518238 -97.749692 0.000000 0.000000 0.702334 12.973390
1 1 -0.000000 -0.000000 8.518238 -97.749692 0.000000 0.000000 0.702334 12.973390
1 1 0.000000 -0.000000 8.518238 -97.749692 -0.000000 0.000000 0.702334 12.973390
1 1 0.000000 -0.000000 8.518238 -97.749692 -0.000000 0.000000 0.702334 12.973390
1 1 0.000000 -0.000000 8.518238 -97.749692 -0.000000 0.000000 0.702334 12.973390
1 1 0.000000 -0.000000 8.485950 -97.752302 0.000000 0.000000 0.699603 12.972009
1 1 -0.000000 0.000000 8.485886 -97.752301 0.000000 0.000000 0.699638 12.972025
1 1 0.000000 -0.000000 8.485886 -97.752301 -0.000000 0.000000 0.699638 12.972025
1 1 0.000000 -0.000000 8.485886 -97.752301 -0.000000 0.000000 0.699638 12.972025
1 1 0.000000 -0.000000 8.485886 -97.752301 -0.000000 -0.000000 0.699638 12.972025
1 1 0.000000 0.000000 8.485886 -97.752301 -0.000000 -0.000000 0.699638 12.972025
1 1 0.000000 0.000000 8.485886 -97.752301 -0.000000 -0.000000 0.699638 12.972025
1 1 0.000000 0.000000 8.485886 -97.752301 -0.000000 -0.000000 0.699638 12.972025
1 1 0.000000 0.000000 8.485886 -97.752301 -0.000000 -0.000000 0.699638 12.972025
1 1 0.000000 0.000000 8.485886 -97.752301 -0.000000 -0.000000 0.699638 12.972025
1 1 0.000000 0.000000 8.485886 -97.752301 -0.000000 -0.000000 0.699638 12.972025
1 1 0.000000 0.000000 8.485886 -97.752301 -0.000000 -0.000000 0.699638 12.972025
1 1 0.000000 -0.000000 8.518174 -97.749691 -0.000000 0.000000 0.702369 12.973406
1 1 0.000000 0.000000 8.518238 -97.749692 -0.000000 -0.000000 0.702334 12.973390
1 1 -0.000000 -0.000000 8.518238 -97.749692 0.000000 0.000000 0.702334 12.973390
1 1 -0.000000 0.000000 8.518238 -97.749692 -0.000000 -0.000000 0.702334 12.973390
1 1 0.000000 -0.000000 8.518238 -97.749692 -0.000000 0.000000 0.702334 12.973390
1 1 0.000000 0.000000 8.518238 -97.749692 -0.000000 -0.000000 0.702334 12.973390
1 1 0.000000 0.000000 8.518238 -97.749692 -0.000000 -0.000000 0.702334 12.973390
1 1 -0.000000 0.000000 8.518238 -97.749692 0.000000 0.000000 0.702334 12.973390
1 1 0.000000 0.000000 8.518238 -97.749692 -0.000000 -0.000000 0.702334 12.973390
1 1 0.000000 -0.000000 8.518238 -97.749692 -0.000000 0.000000 0.702334 12.973390
1 1 0.000000 -0.000000 8.518238 -97.749692 -0.000000 0.000000 0.702334 12.973390
1 1 0.000000 -0.000000 8.518238 -97.749692 -0.000000 0.000000 0.702334 12.973390
1 1 0.000000 -0.000000 8.485950 -97.752302 -0.000000 -0.000000 0.699603 12.972009
1 1 0.000000 -0.000000 8.485886 -97.752301 -0.000000 0.000000 0.699638 12.972025
1 1 -0.000000 -0.000000 8.485886 -97.752301 0.000000 0.000000 0.699638 12.972025
1 1 0.000000 -0.000000 8.485886 -97.752301 0.000000 0.000000 0.699638 12.972025
1 1 -0.000000 -0.000000 8.485886 -97.752301 0.000000 0.000000 0.699638 12.972025
1 1 -0.000000 0.000000 8.485886 -97.752301 0.000000 -0.000000 0.699638 12.972025
1 1 -0.000000 0.000000 8.485886 -97.752301 -0.000000 -0.000000 0.699638 12.972025
1 1 -0.000000 -0.000000 8.485886 -97.752301 0.000000 0.000000 0.699638 12.972025
1 1 -0.000000 -0.000000 8.485886 -97.752301 0.000000 0.000000 0.699638 12.972025
1 1 -0.000000 -0.000000 8.485886 -97.752301 0.000000 0.000000 0.699638 12.972025
1 1 -0.000000 -0.000000 8.485886 -97.752301 0.000000 0.000000 0.699638 12.972025
1 1 -0.000000 -0.000000 8.485886 -97.752301 0.000000 0.000000 0.699638 12.972025
1 1 -0.000000 -0.000000 8.485886 -97.752301 0.000000 0.000000 0.699638 12.972025
1 1 -0.000000 -0.000000 8.485886 -97.752301 0.000000 0.000000 0.699638 12.972025
1 1 -0.000000 -0.000000 8.485886 -97.752301 0.000000 0.000000 0.699638 12.972025
1 1 -0.000000 -0.000000 8.485886 -97.752301 0.000000 0.000000 0.699638 12.972025
1 1 -0.000000 -0.000000 8.485886 -97.752301 0.000000 0.000000 0.699638 12.972025
1 1 -0.000000 -0.000000 8.485886 -97.752301 0.000000 0.000000 0.699638 12.972025
1 1 -0.000000 -0.000000 8.485886 -97.752301 0.000000 0.000000 0.699638 12.972025
1 1 -0.000000 -0.000000 8.485886 -97.752301 0.000000 0.000000 0.699638 12.972025
1 1 -0.000000 -0.000000 8.485886 -97.752301 0.000000 0.000000 0.699638 12.972025
1 1 -0.000000 -0.000000 8.485886 -97.752301 0.000000 0.000000 0.699638 12.972025
1 1 -0.000000 -0.000000 8.485886 -97.752301 0.000000 0.000000 0.699638 12.972025
1 1 -0.000000 -0.000000 8.485886 -97.752301 0.000000 0.000000 0.699638 12.972025
1 1 -0.000000 0.000000 8.518174 -97.749691 -0.000000 -0.000000 0.702369 12.973406
1 1 -0.000000 -0.000000 8.518238 -97.749692 0.000000 0.000000 0.702334 12.973390
1 1 -0.000000 0.000000 8.518238 -97.749692 0.000000 -0.000000 0.702334 12.973390
1 1 -0.000000 0.000000 8.518238 -97.749692 -0.000000 -0.000000 0.702334 12.973390
1 1 0.000000 -0.000000 8.518238 -97.749692 -0.000000 0.000000 0.702334 12.973390
1 1 -0.000000 0.000000 8.518238 -97.749692 0.000000 -0.000000 0.702334 12.973390
1 1 -0.000000 0.000000 8.518238 -97.749692 0.000000 -0.000000 0.702334 12.973390
1 1 -0.000000 -0.000000 8.518238 -97.749692 0.000000 0.000000 0.702334 12.973390
1 1 -0.000000 -0.000000 8.518238 -97.749692 0.000000 0.000000 0.702334 12.973390
1 1 -0.000000 -0.000000 8.518238 -97.749692 0.000000 0.000000 0.702334 12.973390
1 1 -0.000000 -0.000000 8.518238 -97.749692 0.000000 0.000000 0.702334 12.973390
1 1 -0.000000 -0.000000 8.518238 -97.749692 0.000000 0.000000 0.702334 12.973390
1 1 -0.000000 -0.000000 8.518238 -97.749692 0.000000 0.000000 0.702334 12.973390
1 1 -0.000000 -0.000000 8.518238 -97.749692 0.000000 0.000000 0.702334 12.973390
1 1 -0.000000 -0.000000 8.518238 -97.749692 0.000000 0.000000 0.702334 12.973390
1 1 -0.000000 -0.000000 8.502294 -97.750990 0.000000 0.000000 0.700924 12.967607
1 1 -0.000000 -0.000000 8.502263 -97.750990 0.000000 0.000000 0.700941 12.967615
1 1 0.000000 -0.000000 8.502262 -97.750990 -0.000000 -0.000000 0.700941 12.967615
1 1 -0.000000 -0.000000 8.502262 -97.750990 0.000000 0.000000 0.700941 12.967615
1 1 0.000000 0.000000 8.502262 -97.750990 -0.000000 -0.000000 0.700941 12.967615
1 1 0.000000 0.000000 8.502262 -97.750990 -0.000000 -0.000000 0.700941 12.967615
1 1 0.000000 0.000000 8.502262 -97.750990 -0.000000 -0.000000 0.700941 12.967615
1 1 0.000000 0.000000 8.502262 -97.750990 -0.000000 -0.000000 0.700941 12.967615
1 1 0.000000 0.000000 8.502262 -97.750990 -0.000000 -0.000000 0.700941 12.967615
1 1 0.000000 0.000000 8.502262 -97.750990 -0.000000 -0.000000 0.700941 12.967615
1 1 0.000000 0.000000 8.502262 -97.750990 -0.000000 -0.000000 0.700941 12.967615
1 1 0.000000 0.000000 8.502262 -97.750990 -0.000000 -0.000000 0.700941 12.967615
1 1 0.000000 0.000000 8.502262 -97.750990 -0.000000 -0.000000 0.700941 12.967615
1 1 -0.000000 -0.000000 8.518206 -97.749691 0.000000 0.000000 0.702351 12.973398
1 0 14.510930 -96.482260 4.334610 0.054683 1.245133 13.966989 -2.340677 -1.121594
1 0 14.628558 -97.064486 4.334610 0.053680 1.236834 14.044076 -2.340623 -1.121438
1 0 13.832274 -97.178266 4.334610 0.051865 1.166465 14.008914 -2.340524 -1.121157
1 0 13.830629 -97.178270 4.334610 0.049147 1.167332 14.009311 -2.340377 -1.120735
1 0 13.830626 -97.178269 4.334610 0.045596 1.167334 14.009312 -2.340185 -1.120184
1 0 13.815040 -97.180385 4.334610 0.041285 1.165849 14.003567 -2.339951 -1.119516
1 0 13.815008 -97.180384 4.334610 0.036231 1.165866 14.003575 -2.339677 -1.118732
1 0 13.815008 -97.180384 4.334610 0.030201 1.165866 14.003575 -2.339350 -1.117797
1 0 13.815008 -97.180384 4.334610 0.023195 1.165866 14.003575 -2.338971 -1.116710
1 0 13.815008 -97.180384 4.334610 0.015749 1.165866 14.003575 -2.338567 -1.115555
1 0 13.815008 -97.180384 4.334610 0.007274 1.165866 14.003575 -2.338108 -1.114241
1 0 13.815008 -97.180384 4.326772 -0.006632 1.165866 14.003575 -2.333384 -1.110328
1 0 13.815008 -97.180384 4.326772 -0.016602 1.165866 14.003575 -2.332845 -1.108782
1 0 13.815008 -97.180384 4.326772 -0.027632 1.165866 14.003575 -2.332249 -1.107073
1 0 13.815008 -97.180384 4.326772 -0.039317 1.165866 14.003575 -2.331617 -1.105261
1 0 13.080527 -97.276085 4.326772 -0.051543 1.101400 13.970902 -2.330955 -1.103366
1 0 13.079012 -97.276068 4.326772 -0.064924 1.102199 13.971267 -2.330232 -1.101292
1 0 13.094636 -97.274065 4.326772 -0.078926 1.103676 13.977006 -2.329474 -1.099122
1 0 13.094669 -97.274065 4.326772 -0.093922 1.103659 13.976998 -2.328663 -1.096798
1 0 13.094669 -97.274065 4.326772 -0.109338 1.103659 13.976998 -2.327830 -1.094408
1 0 13.094669 -97.274065 4.326772 -0.126288 1.103659 13.976998 -2.326913 -1.091781
1 0 13.094669 -97.274065 4.326772 -0.143174 1.103659 13.976998 -2.326000 -1.089164
1 0 13.094669 -97.274065 4.326772 -0.161335 1.103659 13.976998 -2.325017 -1.086349
1 0 13.094669 -97.274065 4.326772 -0.180114 1.103659 13.976998 -2.324002 -1.083438
1 0 13.094669 -97.274065 4.326772 -0.199203 1.103659 13.976998 -2.322969 -1.080479
1 0 13.094669 -97.274065 4.326772 -0.219576 1.103659 13.976998 -2.321867 -1.077321
1 0 13.094669 -97.274065 4.326772 -0.240806 1.103659 13.976998 -2.320719 -1.074031
1 0 12.487299 -97.349162 4.326772 -0.263256 1.050542 13.950078 -2.319505 -1.070551
1 0 12.486047 -97.349146 4.326772 -0.285923 1.051202 13.950380 -2.318279 -1.067037
1 0 12.486045 -97.349145 4.326772 -0.309453 1.051203 13.950381 -2.317006 -1.063390
1 0 11.086508 -97.509361 4.326772 -0.333944 0.921513 13.438320 -2.315682 -1.059594
1 0 11.083684 -97.509370 4.326772 -0.358967 0.923022 13.439027 -2.314328 -1.055715
1 0 11.083678 -97.509368 4.376151 -0.380261 0.923025 13.439028 -2.339303 -1.064209
1 0 11.083678 -97.509368 4.376151 -0.407085 0.923025 13.439028 -2.337836 -1.060044
1 0 11.083678 -97.509368 4.376151 -0.433713 0.923025 13.439028 -2.336379 -1.055909
1 0 11.083678 -97.509368 5.042999 -0.043309 0.923025 13.439028 -2.690628 -1.260956
1 0 11.083678 -97.509368 5.042999 -0.071132 0.923025 13.439028 -2.688874 -1.256404
1 0 11.083678 -97.509368 5.042999 -0.100448 0.923025 13.439028 -2.687026 -1.251607
1 0 11.083678 -97.509368 5.042999 -0.129719 0.923025 13.439028 -2.685181 -1.246817
1 0 12.560100 -97.341481 5.042999 -0.159686 1.050405 13.503614 -2.683292 -1.241913
1 0 12.563110 -97.341612 5.042999 -0.191141 1.048813 13.502894 -2.681309 -1.236767
1 0 12.563117 -97.341616 5.042999 -0.223409 1.048809 13.502893 -2.679275 -1.231486
1 0 12.295793 -97.373928 5.042999 -0.255164 1.024040 13.404651 -2.677273 -1.226290
1 0 12.295252 -97.373920 5.042999 -0.288559 1.024328 13.404784 -2.675168 -1.220826
1 0 12.295251 -97.373919 5.042999 -0.322782 1.024328 13.404784 -2.673011 -1.215226
1 0 12.295251 -97.373919 4.863669 -0.378657 1.024328 13.404784 -2.575825 -1.164720
1 0 12.295251 -97.373919 4.863669 -0.414590 1.024328 13.404784 -2.573640 -1.158878
1 0 12.295251 -97.373919 5.390036 -0.100363 1.024328 13.404784 -2.849808 -1.318482
1 0 12.295251 -97.373919 5.390036 -0.135848 1.024328 13.404784 -2.847417 -1.312480
1 0 12.295251 -97.373919 5.390036 -0.173144 1.024328 13.404784 -2.844904 -1.306171
1 0 12.295251 -97.373919 5.390036 -0.211530 1.024328 13.404784 -2.842318 -1.299678
1 0 12.391496 -97.362484 5.390036 -0.250329 1.032643 13.409002 -2.839704 -1.293115
1 0 12.391691 -97.362489 5.390036 -0.288822 1.032539 13.408954 -2.837110 -1.286604
1 0 12.391691 -97.362489 5.390036 -0.328917 1.032539 13.408954 -2.834409 -1.279822
1 0 12.360225 -97.366275 5.390036 -0.367595 1.029627 13.397388 -2.831803 -1.273279
1 0 12.360162 -97.366273 5.390036 -0.408253 1.029661 13.397404 -2.829064 -1.266402
1 0 12.360161 -97.366273 5.390036 -0.448903 1.029661 13.397404 -2.826325 -1.259526
1 0 12.360161 -97.366273 4.920686 -0.546019 1.029661 13.397404 -2.577751 -1.137446
1 0 12.360161 -97.366273 4.920686 -0.587801 1.029661 13.397404 -2.575181 -1.130493
1 0 12.360161 -97.366273 4.920686 -0.629451 1.029661 13.397404 -2.572619 -1.123562
1 0 12.360161 -97.366273 5.516356 -0.260984 1.029661 13.397404 -2.881169 -1.303340
1 0 12.360161 -97.366273 5.516356 -0.304327 1.029661 13.397404 -2.878180 -1.295805
1 0 12.360161 -97.366273 5.516356 -0.347276 1.029661 13.397404 -2.875219 -1.288338
1 0 12.295990 -97.373887 5.516356 -0.390203 1.024121 13.394593 -2.872259 -1.280876
1 0 12.295860 -97.373884 5.516356 -0.433605 1.024190 13.394625 -2.869266 -1.273330
1 0 12.295859 -97.373884 5.516356 -0.479118 1.024190 13.394625 -2.866127 -1.265418
1 0 12.327332 -97.370119 5.516356 -0.523524 1.027101 13.406190 -2.863065 -1.257698
1 0 12.327396 -97.370120 5.516356 -0.569740 1.027067 13.406174 -2.859879 -1.249664
1 0 12.327396 -97.370120 5.516356 -0.614730 1.027067 13.406174 -2.856776 -1.241842
1 0 12.327396 -97.370120 4.842050 -0.745168 1.027067 13.406174 -2.504699 -1.070572
1 0 12.327396 -97.370120 4.842050 -0.791994 1.027067 13.406174 -2.501865 -1.062616
1 0 12.327396 -97.370120 4.842050 -0.838364 1.027067 13.406174 -2.499058 -1.054737
1 0 12.327396 -97.370120 5.320873 -0.547052 1.027067 13.406174 -2.743099 -1.196885
1 0 12.327396 -97.370120 5.320873 -0.594875 1.027067 13.406174 -2.739918 -1.188473
1 0 12.327396 -97.370120 5.320873 -0.642799 1.027067 13.406174 -2.736731 -1.180043
1 0 12.327396 -97.370120 5.320873 -0.690666 1.027067 13.406174 -2.733547 -1.171624
1 0 12.231140 -97.381494 5.320873 -0.738268 1.018754 13.401957 -2.730381 -1.163251
1 0 12.230945 -97.381490 5.320873 -0.787182 1.018858 13.402005 -2.727128 -1.154647
1 0 12.309626 -97.372108 5.320873 -0.835853 1.026131 13.430907 -2.723890 -1.146086
1 0 12.309786 -97.372111 5.320873 -0.885371 1.026046 13.430868 -2.720597 -1.137377
1 0 12.309786 -97.372111 5.320873 -0.934955 1.026046 13.430868 -2.717299 -1.128655
1 0 12.309786 -97.372111 4.203160 -1.110815 1.026046 13.430868 -2.143940 -0.852743
1 0 12.309786 -97.372111 4.203160 -1.161291 1.026046 13.430868 -2.141288 -0.844195
1 0 12.309786 -97.372111 4.203160 -1.211965 1.026046 13.430868 -2.138625 -0.835614
1 0 12.309786 -97.372111 4.956196 -0.724819 1.026046 13.430868 -2.518721 -1.064525
1 0 12.309786 -97.372111 4.956196 -0.775578 1.026046 13.430868 -2.515576 -1.055451
1 0 12.309786 -97.372111 4.956196 -0.826074 1.026046 13.430868 -2.512448 -1.046425
1 0 12.309786 -97.372111 4.956196 -0.878276 1.026046 13.430868 -2.509214 -1.037093
1 0 12.373946 -97.364488 4.956196 -0.928600 1.031589 13.433680 -2.506096 -1.028098
1 0 12.374076 -97.364491 4.956196 -0.978565 1.031520 13.433649 -2.503001 -1.019166
1 0 12.374077 -97.364491 4.956196 -1.031028 1.031520 13.433649 -2.499751 -1.009788
1 0 12.342617 -97.368271 4.956196 -1.082611 1.028607 13.422089 -2.496555 -1.000568
1 0 12.342553 -97.368270 4.956196 -1.133469 1.028641 13.422104 -2.493404 -0.991476
1 0 12.342553 -97.368270 4.023680 -1.287358 1.028641 13.422104 -2.021609 -0.762278
1 0 12.342553 -97.368270 4.023680 -1.338130 1.028641 13.422104 -2.019056 -0.753479
1 0 12.342553 -97.368270 4.023680 -1.389994 1.028641 13.422104 -2.016447 -0.744492
1 0 12.342553 -97.368270 4.985009 -0.725909 1.028641 13.422104 -2.494918 -1.041592
1 0 12.342553 -97.368270 4.985009 -0.777555 1.028641 13.422104 -2.491699 -1.032022
1 0 12.342553 -97.368270 4.985009 -0.828093 1.028641 13.422104 -2.488550 -1.022657
1 0 12.342553 -97.368270 4.985009 -0.881026 1.028641 13.422104 -2.485252 -1.012848
1 0 12.342553 -97.368270 4.985009 -0.932572 1.028641 13.422104 -2.482040 -1.003296
1 0 12.342553 -97.368270 4.985009 -0.983723 1.028641 13.422104 -2.478853 -0.993818
1 0 12.342553 -97.368270 4.985009 -1.033992 1.028641 13.422104 -2.475720 -0.984503
1 0 12.342553 -97.368270 4.985009 -1.086094 1.028641 13.422104 -2.472474 -0.974848
1 0 12.342553 -97.368270 4.985009 -1.137112 1.028641 13.422104 -2.469295 -0.965394
1 0 12.342553 -97.368270 4.985009 -1.188981 1.028641 13.422104 -2.466062 -0.955783
1 0 12.342553 -97.368270 3.894790 -1.359978 1.028641 13.422104 -1.924183 -0.694482
1 0 12.342553 -97.368270 3.894790 -1.410291 1.028641 13.422104 -1.921734 -0.685479
1 0 12.342553 -97.368270 4.937887 -0.641613 1.028641 13.422104 -2.433188 -1.015162
1 0 12.342553 -97.368270 4.937887 -0.692945 1.028641 13.422104 -2.430019 -1.005307
1 0 12.342553 -97.368270 4.937887 -0.742710 1.028641 13.422104 -2.426948 -0.995753
1 0 12.342553 -97.368270 4.937887 -0.792426 1.028641 13.422104 -2.423879 -0.986209
1 0 12.310466 -97.372077 4.937887 -0.843832 1.025873 13.420700 -2.420706 -0.976340
1 0 12.310401 -97.372075 4.937887 -0.895681 1.025907 13.420716 -2.417506 -0.966386
1 0 12.310401 -97.372075 4.937887 -0.946523 1.025907 13.420716 -2.414367 -0.956626
1 0 12.310401 -97.372075 4.937887 -0.997221 1.025907 13.420716 -2.411238 -0.946893
1 0 12.310401 -97.372075 4.937887 -1.045391 1.025907 13.420716 -2.408265 -0.937645
1 0 12.310401 -97.372075 4.937887 -1.093554 1.025907 13.420716 -2.405292 -0.928399
1 0 12.310401 -97.372075 3.774500 -1.269840 1.025907 13.420716 -1.836237 -0.655587
1 0 12.310401 -97.372075 3.774500 -1.318943 1.025907 13.420716 -1.833920 -0.646492
1 0 12.310401 -97.372075 3.774500 -1.366574 1.025907 13.420716 -1.831673 -0.637670
1 0 12.310401 -97.372075 4.740530 -0.614265 1.025907 13.420716 -2.297649 -0.950180
1 0 12.310401 -97.372075 4.740530 -0.661952 1.025907 13.420716 -2.294823 -0.940772
1 0 12.310401 -97.372075 4.740530 -0.709352 1.025907 13.420716 -2.292015 -0.931420
1 0 12.310401 -97.372075 4.740530 -0.755018 1.025907 13.420716 -2.289309 -0.922411
1 0 12.310401 -97.372075 4.740530 -0.801587 1.025907 13.420716 -2.286549 -0.913223
1 0 12.310401 -97.372075 4.740530 -0.847184 1.025907 13.420716 -2.283847 -0.904227
1 0 12.310401 -97.372075 4.740530 -0.892032 1.025907 13.420716 -2.281190 -0.895379
1 0 12.310401 -97.372075 4.740530 -0.937715 1.025907 13.420716 -2.278483 -0.886366
1 0 12.310401 -97.372075 4.740530 -0.983098 1.025907 13.420716 -2.275793 -0.877413
1 0 12.310401 -97.372075 3.792634 -1.129024 1.025907 13.420716 -1.818679 -0.658326
1 0 12.310401 -97.372075 3.792634 -1.173181 1.025907 13.420716 -1.816585 -0.649857
1 0 12.310401 -97.372075 3.792634 -1.216603 1.025907 13.420716 -1.814527 -0.641528
1 0 12.310401 -97.372075 4.675089 -0.487764 1.025907 13.420716 -2.234263 -0.934450
1 0 12.310401 -97.372075 4.675089 -0.530940 1.025907 13.420716 -2.231740 -0.925693
1 0 12.310401 -97.372075 4.675089 -0.572653 1.025907 13.420716 -2.229303 -0.917232
1 0 12.310401 -97.372075 4.675089 -0.613391 1.025907 13.420716 -2.226922 -0.908969
1 0 12.310401 -97.372075 4.675089 -0.654845 1.025907 13.420716 -2.224499 -0.900561
1 0 12.310401 -97.372075 4.675089 -0.695714 1.025907 13.420716 -2.222111 -0.892271
1 0 12.310401 -97.372075 4.675089 -0.735015 1.025907 13.420716 -2.219814 -0.884300
1 0 12.310401 -97.372075 4.675089 -0.774956 1.025907 13.420716 -2.217480 -0.876198
1 0 12.310401 -97.372075 4.675089 -0.817360 1.025907 13.420716 -2.215002 -0.867597