1 0 11.967361 -97.409961 3.533311 -0.171947 1.007972 14.038199 -1.882177 -0.879089
1 0 11.965985 -97.409942 3.533311 -0.202100 1.008696 14.038532 -1.880845 -0.874391
1 0 10.050873 -97.614728 3.533311 -0.233187 0.827704 13.335441 -1.879472 -0.869548
1 0 10.039389 -97.614886 3.533311 -0.264752 0.833862 13.338363 -1.878078 -0.864631
1 0 10.039318 -97.614868 3.533311 -0.297342 0.833899 13.338377 -1.876638 -0.859554
1 0 10.039318 -97.614868 3.516986 -0.332042 0.833899 13.338377 -1.866501 -0.850204
1 0 10.039318 -97.614868 3.516986 -0.366159 0.833899 13.338377 -1.865001 -0.844893
1 0 10.039318 -97.614868 3.516986 -0.400365 0.833899 13.338377 -1.863498 -0.839567
1 0 10.039318 -97.614868 3.813054 -0.252916 0.833899 13.338377 -2.018692 -0.928803
1 0 10.039318 -97.614868 3.813054 -0.289069 0.833899 13.338377 -2.016968 -0.923041
1 0 10.039318 -97.614868 3.813054 -0.324197 0.833899 13.338377 -2.015294 -0.917442
1 0 10.039318 -97.614868 3.813054 -0.361381 0.833899 13.338377 -2.013522 -0.911516
1 0 10.808268 -97.537725 3.813054 -0.398734 0.901661 13.372643 -2.011741 -0.905562
1 0 10.812909 -97.537858 3.813054 -0.435377 0.899189 13.371502 -2.009995 -0.899722
1 0 10.812938 -97.537870 3.813054 -0.473735 0.899174 13.371496 -2.008167 -0.893608
1 0 10.450476 -97.575221 3.813054 -0.511760 0.865352 13.238299 -2.006354 -0.887547
1 0 10.448303 -97.575199 3.813054 -0.550097 0.866515 13.238843 -2.004527 -0.881437
1 0 10.448289 -97.575195 3.634241 -0.606599 0.866522 13.238846 -1.908668 -0.830055
1 0 10.448289 -97.575195 3.634241 -0.647553 0.866522 13.238846 -1.906807 -0.823571
1 0 10.448289 -97.575195 3.634241 -0.687354 0.866522 13.238846 -1.904999 -0.817270
1 0 10.448289 -97.575195 3.874424 -0.577627 0.866522 13.238846 -2.028890 -0.886789
1 0 10.448289 -97.575195 3.874424 -0.619944 0.866522 13.238846 -2.026840 -0.879962
1 0 10.448289 -97.575195 3.874424 -0.661322 0.866522 13.238846 -2.024836 -0.873287
1 0 10.448289 -97.575195 3.874424 -0.704470 0.866522 13.238846 -2.022747 -0.866326
1 0 11.185249 -97.498439 3.874424 -0.747916 0.931438 13.271683 -2.020643 -0.859318
1 0 11.189686 -97.498567 3.874424 -0.792048 0.929071 13.270593 -2.018505 -0.852198
1 0 11.189714 -97.498579 3.874424 -0.836496 0.929057 13.270587 -2.016353 -0.845028
1 0 10.953469 -97.523961 3.874424 -0.880218 0.906969 13.183569 -2.014235 -0.837975
1 0 10.952054 -97.523944 3.874424 -0.924141 0.907727 13.183922 -2.012108 -0.830889
1 0 10.952045 -97.523941 3.874424 -0.969556 0.907732 13.183924 -2.009909 -0.823562
1 0 10.952045 -97.523941 3.355706 -1.058392 0.907732 13.183924 -1.738941 -0.687855
1 0 10.952045 -97.523941 3.355706 -1.104795 0.907732 13.183924 -1.736995 -0.680513
1 0 10.952045 -97.523941 3.857363 -0.830658 0.907732 13.183924 -1.994450 -0.831110
1 0 10.952045 -97.523941 3.857363 -0.877806 0.907732 13.183924 -1.992176 -0.823354
1 0 10.952045 -97.523941 3.857363 -0.925555 0.907732 13.183924 -1.989874 -0.815500
1 0 10.952045 -97.523941 3.857363 -0.973480 0.907732 13.183924 -1.987563 -0.807617
1 0 10.759725 -97.544016 3.857363 -1.022334 0.890814 13.175361 -1.985207 -0.799580
1 0 10.758573 -97.543998 3.857363 -1.069601 0.891431 13.175649 -1.982928 -0.791805
1 0 10.758566 -97.543995 3.857363 -1.118830 0.891435 13.175650 -1.980555 -0.783708
1 0 10.900429 -97.529095 3.857363 -1.168180 0.904663 13.227861 -1.978175 -0.775590
1 0 10.901281 -97.529110 3.857363 -1.216249 0.904208 13.227649 -1.975857 -0.767683
1 0 10.901286 -97.529112 3.857363 -1.264371 0.904205 13.227648 -1.973537 -0.759767
1 0 10.901286 -97.529112 3.342018 -1.362396 0.904205 13.227648 -1.707613 -0.625189
1 0 10.901286 -97.529112 3.342018 -1.411381 0.904205 13.227648 -1.705566 -0.617282
1 0 10.901286 -97.529112 3.342018 -1.461085 0.904205 13.227648 -1.703490 -0.609258
1 0 10.901286 -97.529112 4.596328 -0.654794 0.904205 13.227648 -2.339879 -0.997041
1 0 10.901286 -97.529112 4.596328 -0.705457 0.904205 13.227648 -2.336968 -0.988068
1 0 10.901286 -97.529112 4.596328 -0.756150 0.904205 13.227648 -2.334056 -0.979091
1 0 10.644892 -97.555669 4.596328 -0.806513 0.881635 13.216227 -2.331162 -0.970172
1 0 10.643355 -97.555647 4.596328 -0.856477 0.882458 13.216611 -2.328291 -0.961323
1 0 10.643346 -97.555644 4.596328 -0.908462 0.882463 13.216613 -2.325305 -0.952117
1 0 10.863973 -97.532628 4.596328 -0.960525 0.903051 13.297758 -2.322313 -0.942897
1 0 10.865301 -97.532653 4.596328 -1.010530 0.902342 13.297429 -2.319440 -0.934041
1 0 10.865309 -97.532656 4.596328 -1.062576 0.902337 13.297427 -2.316450 -0.924824
1 0 10.865309 -97.532656 3.299876 -1.236286 0.902337 13.297427 -1.660996 -0.607481
1 0 10.865309 -97.532656 3.299876 -1.286531 0.902337 13.297427 -1.658923 -0.598967
1 0 10.865309 -97.532656 3.299876 -1.338186 0.902337 13.297427 -1.656793 -0.590215
1 0 10.865309 -97.532656 4.045375 -0.857903 0.902337 13.297427 -2.028507 -0.821291
1 0 10.865309 -97.532656 4.045375 -0.908248 0.902337 13.297427 -2.025961 -0.812292
1 0 10.865309 -97.532656 4.045375 -0.960244 0.902337 13.297427 -2.023332 -0.802997
1 0 10.865309 -97.532656 4.045375 -1.010760 0.902337 13.297427 -2.020777 -0.793967
1 0 10.929370 -97.525937 4.045375 -1.061040 0.907988 13.300286 -2.018235 -0.784980
1 0 10.929756 -97.525944 4.045375 -1.113107 0.907782 13.300190 -2.015602 -0.775672
1 0 10.882514 -97.530946 4.045375 -1.165613 0.903363 13.282807 -2.012947 -0.766287
1 0 10.882230 -97.530941 4.045375 -1.216287 0.903515 13.282877 -2.010384 -0.757228
1 0 10.882228 -97.530941 4.045375 -1.267402 0.903516 13.282878 -2.007800 -0.748091
1 0 10.882228 -97.530941 3.294462 -1.386070 0.903516 13.282878 -1.632987 -0.562769
1 0 10.882228 -97.530941 3.294462 -1.436894 0.903516 13.282878 -1.630894 -0.553909
1 0 10.882228 -97.530941 3.294462 -1.488687 0.903516 13.282878 -1.628761 -0.544881
1 0 10.882228 -97.530941 4.137678 -0.908451 0.903516 13.282878 -2.043049 -0.809726
1 0 10.882228 -97.530941 4.137678 -0.958238 0.903516 13.282878 -2.040474 -0.800523
1 0 10.882228 -97.530941 4.137678 -1.009220 0.903516 13.282878 -2.037837 -0.791099
1 0 10.882228 -97.530941 4.137678 -1.059333 0.903516 13.282878 -2.035246 -0.781835
1 0 10.978325 -97.520830 4.137678 -1.109843 0.911988 13.287164 -2.032633 -0.772498
1 0 10.978903 -97.520841 4.137678 -1.160610 0.911679 13.287021 -2.030007 -0.763114
1 0 10.978907 -97.520843 4.137678 -1.209451 0.911678 13.287020 -2.027481 -0.754085
1 0 10.915908 -97.527536 4.137678 -1.260445 0.905788 13.263834 -2.024844 -0.744659
1 0 10.915530 -97.527531 4.137678 -1.310507 0.905990 13.263929 -2.022255 -0.735405
1 0 10.915527 -97.527530 3.211765 -1.445257 0.905992 13.263929 -1.567690 -0.512994
1 0 10.915527 -97.527530 3.211765 -1.493250 0.905992 13.263929 -1.565763 -0.504384
1 0 10.915527 -97.527530 3.211765 -1.542538 0.905992 13.263929 -1.563784 -0.495542
1 0 10.915527 -97.527530 4.126483 -0.873433 0.905992 13.263929 -2.006652 -0.788521
1 0 10.915527 -97.527530 4.126483 -0.921712 0.905992 13.263929 -2.004162 -0.779308
1 0 10.915527 -97.527530 4.126483 -0.970766 0.905992 13.263929 -2.001632 -0.769947
1 0 10.915527 -97.527530 4.126483 -1.017412 0.905992 13.263929 -1.999226 -0.761045
1 0 10.915527 -97.527530 4.126483 -1.064347 0.905992 13.263929 -1.996805 -0.752088
1 0 10.915527 -97.527530 4.126483 -1.112462 0.905992 13.263929 -1.994323 -0.742906
1 0 10.915527 -97.527530 4.126483 -1.160190 0.905992 13.263929 -1.991861 -0.733798
1 0 10.931278 -97.525860 4.126483 -1.206441 0.907463 13.269726 -1.989475 -0.724972
1 0 10.931373 -97.525861 4.126483 -1.253147 0.907413 13.269702 -1.987066 -0.716059
1 0 10.931373 -97.525862 4.126483 -1.299347 0.907412 13.269702 -1.984683 -0.707243
1 0 10.931373 -97.525862 3.078165 -1.440274 0.907412 13.269702 -1.478708 -0.461768
1 0 10.931373 -97.525862 3.078165 -1.485319 0.907412 13.269702 -1.476975 -0.453449
1 0 10.931373 -97.525862 3.990664 -0.781208 0.907412 13.269702 -1.912542 -0.752911
1 0 10.931373 -97.525862 3.990664 -0.826297 0.907412 13.269702 -1.910293 -0.744070
1 0 10.931373 -97.525862 3.990664 -0.869929 0.907412 13.269702 -1.908116 -0.735514
1 0 10.931373 -97.525862 3.990664 -0.914102 0.907412 13.269702 -1.905913 -0.726853
1 0 10.899337 -97.529227 3.990664 -0.955641 0.904588 13.268272 -1.903841 -0.718708
1 0 10.899144 -97.529223 3.990664 -0.998272 0.904691 13.268320 -1.901714 -0.710349
1 0 10.899143 -97.529223 3.990664 -1.038772 0.904692 13.268320 -1.899694 -0.702407
1 0 10.899143 -97.529223 3.990664 -1.079912 0.904692 13.268320 -1.897642 -0.694341
1 0 10.899143 -97.529223 3.990664 -1.120639 0.904692 13.268320 -1.895610 -0.686355
1 0 10.899143 -97.529223 3.990664 -1.161500 0.904692 13.268320 -1.893572 -0.678343
1 0 10.899143 -97.529223 3.019500 -1.287233 0.904692 13.268320 -1.431289 -0.454976
1 0 10.899143 -97.529223 3.019500 -1.326509 0.904692 13.268320 -1.429807 -0.447498
1 0 10.899143 -97.529223 3.019500 -1.364371 0.904692 13.268320 -1.428377 -0.440290
1 0 10.899143 -97.529223 3.859103 -0.680463 0.904692 13.268320 -1.823688 -0.723159
1 0 10.899143 -97.529223 3.859103 -0.717872 0.904692 13.268320 -1.821883 -0.715644
1 0 10.899143 -97.529223 3.859103 -0.754324 0.904692 13.268320 -1.820125 -0.708322
1 0 10.931180 -97.525858 3.859103 -0.790960 0.907516 13.269750 -1.818358 -0.700962
1 0 10.931372 -97.525861 3.859103 -0.825883 0.907413 13.269702 -1.816673 -0.693946
1 0 10.931373 -97.525862 3.859103 -0.861008 0.907412 13.269702 -1.814979 -0.686890
1 0 10.931373 -97.525862 3.859103 -0.894582 0.907412 13.269702 -1.813359 -0.680146
1 0 10.931373 -97.525862 3.859103 -0.928771 0.907412 13.269702 -1.811710 -0.673278
1 0 10.931373 -97.525862 3.859103 -0.962019 0.907412 13.269702 -1.810106 -0.666599
1 0 10.931373 -97.525862 2.992008 -1.072012 0.907412 13.269702 -1.402166 -0.470091
1 0 10.931373 -97.525862 2.992008 -1.103359 0.907412 13.269702 -1.400994 -0.463953
1 0 10.931373 -97.525862 2.992008 -1.134478 0.907412 13.269702 -1.399830 -0.457859
1 0 10.931373 -97.525862 3.720914 -0.510297 0.907412 13.269702 -1.739447 -0.710662
1 0 10.931373 -97.525862 3.720914 -0.540427 0.907412 13.269702 -1.738046 -0.704488
1 0 10.931373 -97.525862 3.720914 -0.570188 0.907412 13.269702 -1.736661 -0.698389
1 0 10.931373 -97.525862 3.720914 -0.597831 0.907412 13.269702 -1.735376 -0.692724
1 0 10.931373 -97.525862 3.720914 -0.626175 0.907412 13.269702 -1.734057 -0.686915
1 0 10.931373 -97.525862 3.720914 -0.652391 0.907412 13.269702 -1.732838 -0.681543
1 0 10.915622 -97.527531 3.720914 -0.679239 0.905941 13.263905 -1.731589 -0.676041
1 0 10.915528 -97.527530 3.720914 -0.704804 0.905991 13.263929 -1.730400 -0.670802
1 0 10.915527 -97.527530 3.720914 -0.729861 0.905992 13.263929 -1.729235 -0.665667
1 0 10.915527 -97.527530 2.895787 -0.825276 0.905992 13.263929 -1.344921 -0.482056
1 0 10.915527 -97.527530 2.895787 -0.848399 0.905992 13.263929 -1.344084 -0.477428
1 0 10.915527 -97.527530 2.895787 -0.870786 0.905992 13.263929 -1.343274 -0.472948
1 0 10.915527 -97.527530 3.794950 -0.044668 0.905992 13.263929 -1.759341 -0.798514
1 0 10.915527 -97.527530 3.794950 -0.065994 0.905992 13.263929 -1.758329 -0.794007
1 0 10.915527 -97.527530 3.794950 -0.086776 0.905992 13.263929 -1.757343 -0.789614
1 0 10.915527 -97.527530 3.794950 -0.106460 0.905992 13.263929 -1.756410 -0.785454
1 0 10.915527 -97.527530 3.794950 -0.125361 0.905992 13.263929 -1.755513 -0.781459
1 0 10.915527 -97.527530 3.794950 -0.143635 0.905992 13.263929 -1.754646 -0.777597
1 0 10.915527 -97.527530 3.794950 -0.160984 0.905992 13.263929 -1.753823 -0.773930
1 0 10.915527 -97.527530 3.794950 -0.177358 0.905992 13.263929 -1.753046 -0.770469
1 0 10.915527 -97.527530 3.794950 -0.192902 0.905992 13.263929 -1.752309 -0.767184
1 0 10.915527 -97.527530 3.156995 -0.266981 0.905992 13.263929 -1.457167 -0.628043
1 0 10.915527 -97.527530 3.156995 -0.281016 0.905992 13.263929 -1.456613 -0.625128
1 0 10.915527 -97.527530 3.156995 -0.293792 0.905992 13.263929 -1.456109 -0.622475
1 0 10.915527 -97.527530 3.412839 -0.056976 0.905992 13.263929 -1.573588 -0.716236
1 0 10.915527 -97.527530 3.412839 -0.068582 0.905992 13.263929 -1.573093 -0.713789
1 0 10.915527 -97.527530 3.412839 -0.079024 0.905992 13.263929 -1.572648 -0.711587
1 0 10.915527 -97.527530 3.412839 -0.089149 0.905992 13.263929 -1.572216 -0.709452
1 0 10.947564 -97.524159 3.412839 -0.098095 0.908815 13.265359 -1.571834 -0.707566
1 0 10.947757 -97.524163 3.412839 -0.106146 0.908712 13.265311 -1.571491 -0.705868
1 0 10.947758 -97.524163 3.412839 -0.113751 0.908711 13.265311 -1.571166 -0.704264
1 0 10.947758 -97.524163 3.412839 -0.120487 0.908711 13.265311 -1.570879 -0.702844
1 0 10.947758 -97.524163 3.412839 -0.126114 0.908711 13.265311 -1.570639 -0.701657
1 0 10.947758 -97.524163 2.707625 -0.189354 0.908711 13.265311 -1.245924 -0.549402
1 0 10.947758 -97.524163 2.707625 -0.193493 0.908711 13.265311 -1.245784 -0.548546
1 0 10.947758 -97.524163 2.707625 -0.196823 0.908711 13.265311 -1.245671 -0.547857
1 0 10.947758 -97.524163 2.885850 -0.027970 0.908711 13.265311 -1.327578 -0.615269
1 0 10.947758 -97.524163 2.885850 -0.029564 0.908711 13.265311 -1.327520 -0.614936
1 0 10.947758 -97.524163 2.885850 -0.030318 0.908711 13.265311 -1.327493 -0.614778
1 0 10.947758 -97.524163 2.885850 -0.030202 0.908711 13.265311 -1.327497 -0.614803
1 0 10.915721 -97.527533 2.885850 -0.029213 0.905888 13.263881 -1.327533 -0.615009
1 0 10.915528 -97.527530 2.885850 -0.027441 0.905991 13.263929 -1.327597 -0.615380
1 0 10.915527 -97.527530 2.885850 -0.024768 0.905992 13.263929 -1.327693 -0.615938
1 0 10.915527 -97.527530 2.885850 -0.021286 0.905992 13.263929 -1.327819 -0.616666
1 0 10.915527 -97.527530 2.885850 -0.017008 0.905992 13.263929 -1.327973 -0.617560
1 0 10.915527 -97.527530 2.871800 -0.012879 0.905992 13.263929 -1.321696 -0.615629
1 0 10.915527 -97.527530 2.871800 -0.006755 0.905992 13.263929 -1.321915 -0.616908
1 0 10.915527 -97.527530 2.871800 0.000160 0.905992 13.263929 -1.322164 -0.618353
1 0 10.915527 -97.527530 2.983148 0.116530 0.905992 13.263929 -1.373712 -0.662745
1 0 10.915527 -97.527530 2.983148 0.125098 0.905992 13.263929 -1.374032 -0.664547
1 0 10.915527 -97.527530 2.983148 0.134518 0.905992 13.263929 -1.374383 -0.666528
1 0 10.915527 -97.527530 2.983148 0.144925 0.905992 13.263929 -1.374771 -0.668717
1 0 10.947564 -97.524159 2.983148 0.156008 0.908815 13.265359 -1.375184 -0.671047
1 0 10.947757 -97.524163 2.983148 0.167766 0.908712 13.265311 -1.375623 -0.673520
1 0 10.947758 -97.524163 2.983148 0.180037 0.908711 13.265311 -1.376080 -0.676101
1 0 10.947758 -97.524163 2.983148 0.193363 0.908711 13.265311 -1.376577 -0.678903
1 0 10.947758 -97.524163 2.983148 0.207927 0.908711 13.265311 -1.377120 -0.681966
1 0 10.947758 -97.524163 2.983148 0.222634 0.908711 13.265311 -1.377669 -0.685059
1 0 10.947758 -97.524163 2.913100 0.232382 0.908711 13.265311 -1.345879 -0.673195
1 0 10.947758 -97.524163 2.913100 0.248949 0.908711 13.265311 -1.346482 -0.676672
1 0 10.947758 -97.524163 2.906556 0.259460 0.908711 13.265311 -1.344072 -0.677687
1 0 10.947758 -97.524163 2.906556 0.278146 0.908711 13.265311 -1.344751 -0.681607
1 0 10.947758 -97.524163 2.906556 0.296824 0.908711 13.265311 -1.345430 -0.685526
1 0 10.947758 -97.524163 2.906556 0.316998 0.908711 13.265311 -1.346163 -0.689759
1 0 10.915721 -97.527533 2.906556 0.337878 0.905888 13.263881 -1.346921 -0.694140
1 0 10.915528 -97.527530 2.906556 0.358856 0.905991 13.263929 -1.347683 -0.698541
1 0 10.915527 -97.527530 2.906556 0.381379 0.905992 13.263929 -1.348502 -0.703267
1 0 10.915527 -97.527530 2.906556 0.404486 0.905992 13.263929 -1.349341 -0.708115
1 0 10.915527 -97.527530 2.906556 0.427454 0.905992 13.263929 -1.350176 -0.712934
1 0 10.915527 -97.527530 2.906556 0.451572 0.905992 13.263929 -1.351052 -0.717994
1 0 10.915527 -97.527530 2.836485 0.471543 0.905992 13.263929 -1.319383 -0.708100
1 0 10.915527 -97.527530 2.836485 0.497452 0.905992 13.263929 -1.320302 -0.713525
1 0 10.915527 -97.527530 2.836485 0.524288 0.905992 13.263929 -1.321253 -0.719144
1 0 10.915527 -97.527530 2.816807 0.532377 0.905992 13.263929 -1.313047 -0.717155
1 0 10.915527 -97.527530 2.816807 0.559759 0.905992 13.263929 -1.314011 -0.722882
1 0 10.915527 -97.527530 2.816807 0.587719 0.905992 13.263929 -1.314995 -0.728730
1 0 10.915527 -97.527530 2.816807 0.617262 0.905992 13.263929 -1.316036 -0.734909
1 0 10.915527 -97.527530 2.816807 0.647385 0.905992 13.263929 -1.317096 -0.741209
1 0 10.915527 -97.527530 2.816807 0.677184 0.905992 13.263929 -1.318145 -0.747442
1 0 10.915527 -97.527530 2.816807 0.708462 0.905992 13.263929 -1.319247 -0.753984
1 0 10.915527 -97.527530 2.816807 0.741217 0.905992 13.263929 -1.320400 -0.760834
1 0 10.915527 -97.527530 2.816807 0.773009 0.905992 13.263929 -1.321519 -0.767484
1 0 10.915527 -97.527530 2.858872 0.810471 0.905992 13.263929 -1.342477 -0.783881
1 0 10.915527 -97.527530 2.858872 0.844128 0.905992 13.263929 -1.343679 -0.790929
1 0 10.915527 -97.527530 2.858872 0.879385 0.905992 13.263929 -1.344939 -0.798311
1 0 10.915527 -97.527530 2.812920 0.869839 0.905992 13.263929 -1.324557 -0.787512
1 0 10.915527 -97.527530 2.812920 0.905940 0.905992 13.263929 -1.325826 -0.795051
1 0 10.915527 -97.527530 2.812920 1.008557 0.905992 13.263929 -1.329434 -0.816480
1 0 10.915527 -97.527530 2.812920 1.045839 0.905992 13.263929 -1.330745 -0.824265
1 0 10.915527 -97.527530 2.812920 1.083681 0.905992 13.263929 -1.332076 -0.832168
1 0 10.915527 -97.527530 2.812920 1.123797 0.905992 13.263929 -1.333486 -0.840545
1 0 10.915527 -97.527530 2.812920 1.163321 0.905992 13.263929 -1.334876 -0.848798
1 0 10.915527 -97.527530 2.812920 1.204374 0.905992 13.263929 -1.336320 -0.857371
1 0 10.915527 -97.527530 2.812920 1.245694 0.905992 13.263929 -1.337772 -0.866000
1 0 10.915527 -97.527530 2.812920 1.285986 0.905992 13.263929 -1.339189 -0.874414
1 0 10.915527 -97.527530 2.981351 1.341730 0.905992 13.263929 -1.420960 -0.920796
1 0 10.915527 -97.527530 2.981351 1.384330 0.905992 13.263929 -1.422547 -0.929734
1 0 10.915527 -97.527530 2.981351 1.426455 0.905992 13.263929 -1.424117 -0.938572
[WARNING] The waitTime=25000 of function absoluteWait is not enough!
The program has already cost 28941us.
1 0 10.915527 -97.527530 2.783940 1.278983 0.905992 13.263929 -1.331332 -0.868790
1 0 10.915527 -97.527530 2.783940 1.322974 0.905992 13.263929 -1.332863 -0.877911
1 0 10.915527 -97.527530 2.783940 1.366772 0.905992 13.263929 -1.334387 -0.886992
1 0 10.947564 -97.524159 2.783940 1.410258 0.908815 13.265359 -1.335901 -0.896009
1 0 10.947757 -97.524163 2.783940 1.455638 0.908712 13.265311 -1.337480 -0.905418
1 0 10.947758 -97.524163 2.783940 1.501589 0.908711 13.265311 -1.339079 -0.914946
1 0 10.947758 -97.524163 2.783940 1.547504 0.908711 13.265311 -1.340677 -0.924466
1 0 10.947758 -97.524163 2.783940 1.593917 0.908711 13.265311 -1.342292 -0.934089
1 0 10.947758 -97.524163 3.390105 1.690692 0.908711 13.265311 -1.636513 -1.079918
1 0 10.947758 -97.524163 3.390105 1.737730 0.908711 13.265311 -1.638506 -1.089837
1 0 10.947758 -97.524163 3.390105 1.785489 0.908711 13.265311 -1.640530 -1.099908
1 0 10.947758 -97.524163 3.193642 1.641355 0.908711 13.265311 -1.547366 -1.031223
1 0 10.947758 -97.524163 3.193642 1.690347 0.908711 13.265311 -1.549322 -1.041434
1 0 10.947758 -97.524163 3.193642 1.739573 0.908711 13.265311 -1.551287 -1.051693
1 0 10.947758 -97.524163 3.193642 1.788234 0.908711 13.265311 -1.553230 -1.061835
1 0 10.947758 -97.524163 3.193642 1.836495 0.908711 13.265311 -1.555156 -1.071893
1 0 10.947758 -97.524163 3.193642 1.884139 0.908711 13.265311 -1.557058 -1.081823
1 0 10.947758 -97.524163 3.193642 1.933444 0.908711 13.265311 -1.559027 -1.092099
1 0 10.947758 -97.524163 3.193642 1.983673 0.908711 13.265311 -1.561032 -1.102567
1 0 10.947758 -97.524163 3.193642 2.033901 0.908711 13.265311 -1.563037 -1.113036
1 0 10.947758 -97.524163 3.660662 2.126328 0.908711 13.265311 -1.793862 -1.229149
1 0 10.947758 -97.524163 3.660662 2.177722 0.908711 13.265311 -1.796214 -1.239999
1 0 10.947758 -97.524163 3.660662 2.229295 0.908711 13.265311 -1.798573 -1.250887
1 0 10.947758 -97.524163 3.265977 1.897794 0.908711 13.265311 -1.606720 -1.103012
1 0 10.947758 -97.524163 3.265977 1.949531 0.908711 13.265311 -1.608832 -1.113680
1 0 10.947758 -97.524163 3.265977 2.001575 0.908711 13.265311 -1.610957 -1.124410
1 0 10.947758 -97.524163 3.265977 2.052826 0.908711 13.265311 -1.613049 -1.134977
1 0 10.915721 -97.527533 3.265977 2.105200 0.905888 13.263881 -1.615187 -1.145776
1 0 10.915528 -97.527530 3.265977 2.157667 0.905991 13.263929 -1.617329 -1.156593
1 0 10.915527 -97.527530 3.265977 2.209115 0.905992 13.263929 -1.619429 -1.167201
1 0 10.915527 -97.527530 3.265977 2.259748 0.905992 13.263929 -1.621496 -1.177641
1 0 10.915527 -97.527530 3.265977 2.312459 0.905992 13.263929 -1.623648 -1.188509
1 0 10.915527 -97.527530 4.036892 2.439652 0.905992 13.263929 -2.009523 -1.376244
1 0 10.915527 -97.527530 4.036892 2.492573 0.905992 13.263929 -2.012194 -1.387391
1 0 10.915527 -97.527530 4.036892 2.545352 0.905992 13.263929 -2.014857 -1.398508
1 0 10.915527 -97.527530 3.399873 1.991521 0.905992 13.263929 -1.699109 -1.155645
1 0 10.915527 -97.527530 3.399873 2.044374 0.905992 13.263929 -1.701355 -1.166357
1 0 10.915527 -97.527530 3.399873 2.094681 0.905992 13.263929 -1.703493 -1.176552
1 0 10.915527 -97.527530 3.399873 2.146350 0.905992 13.263929 -1.705689 -1.187024
1 0 10.915527 -97.527530 3.399873 2.199109 0.905992 13.263929 -1.707931 -1.197716
1 0 10.915527 -97.527530 3.399873 2.251744 0.905992 13.263929 -1.710168 -1.208383
1 0 10.915527 -97.527530 3.399873 2.303236 0.905992 13.263929 -1.712356 -1.218819
1 0 10.915527 -97.527530 3.399873 2.355678 0.905992 13.263929 -1.714585 -1.229447
1 0 10.915527 -97.527530 3.399873 2.408300 0.905992 13.263929 -1.716821 -1.240112
1 0 10.915527 -97.527530 3.399873 2.459967 0.905992 13.263929 -1.719017 -1.250583
1 0 10.915527 -97.527530 4.253948 2.596035 0.905992 13.263929 -2.153503 -1.460225
1 0 10.915527 -97.527530 4.253948 2.648195 0.905992 13.263929 -2.156277 -1.471054
1 0 10.915527 -97.527530 3.429888 1.945332 0.905992 13.263929 -1.740757 -1.158955
1 0 10.915527 -97.527530 3.429888 1.997009 0.905992 13.263929 -1.742972 -1.169150
1 0 10.915527 -97.527530 3.429888 2.048363 0.905992 13.263929 -1.745174 -1.179282
1 0 10.915527 -97.527530 3.429888 2.098184 0.905992 13.263929 -1.747310 -1.189111
1 0 10.947564 -97.524159 3.429888 2.149172 0.908815 13.265359 -1.749496 -1.199170
1 0 10.947757 -97.524163 3.429888 2.200138 0.908712 13.265311 -1.751681 -1.209225
1 0 10.947758 -97.524163 3.429888 2.250486 0.908711 13.265311 -1.753840 -1.219158
1 0 10.947758 -97.524163 3.429888 2.301142 0.908711 13.265311 -1.756012 -1.229152
1 0 10.947758 -97.524163 3.429888 2.349387 0.908711 13.265311 -1.758080 -1.238670
1 0 10.947758 -97.524163 3.429888 2.402623 0.908711 13.265311 -1.760362 -1.249173
1 0 10.947758 -97.524163 4.504903 2.560576 0.908711 13.265311 -2.314778 -1.514067
1 0 10.947758 -97.524163 4.504903 2.609946 0.908711 13.265311 -2.317558 -1.524114
1 0 10.947758 -97.524163 4.504903 2.657766 0.908711 13.265311 -2.320251 -1.533845
1 0 10.947758 -97.524163 3.561517 1.879139 0.908711 13.265311 -1.836486 -1.182079
1 0 10.947758 -97.524163 3.561517 1.927655 0.908711 13.265311 -1.838646 -1.191380
1 0 10.947758 -97.524163 3.561517 1.974674 0.908711 13.265311 -1.840739 -1.200395
1 0 10.947758 -97.524163 3.561517 2.020665 0.908711 13.265311 -1.842787 -1.209212
1 0 10.947758 -97.524163 3.561517 2.065720 0.908711 13.265311 -1.844793 -1.217849
1 0 10.947758 -97.524163 3.561517 2.111600 0.908711 13.265311 -1.846835 -1.226645
1 0 10.947758 -97.524163 3.561517 2.157823 0.908711 13.265311 -1.848893 -1.235507
1 0 10.947758 -97.524163 3.561517 2.201820 0.908711 13.265311 -1.850852 -1.243942
1 0 10.947758 -97.524163 3.561517 2.245450 0.908711 13.265311 -1.852794 -1.252306
1 0 10.947758 -97.524163 4.686404 2.406956 0.908711 13.265311 -2.440538 -1.532392
1 0 10.947758 -97.524163 4.686404 2.449898 0.908711 13.265311 -2.443054 -1.540905
1 0 10.947758 -97.524163 4.686404 2.494480 0.908711 13.265311 -2.445665 -1.549743
1 0 10.947758 -97.524163 3.113216 1.265044 0.908711 13.265311 -1.626310 -0.976388
1 0 10.947758 -97.524163 3.113216 1.308472 0.908711 13.265311 -1.628000 -0.984143
1 0 10.947758 -97.524163 3.113216 1.350651 0.908711 13.265311 -1.629641 -0.991674
1 0 10.947758 -97.524163 3.113216 1.391776 0.908711 13.265311 -1.631241 -0.999018
1 0 10.947758 -97.524163 3.113216 1.431835 0.908711 13.265311 -1.632800 -1.006172
1 0 10.947758 -97.524163 3.113216 1.472351 0.908711 13.265311 -1.634377 -1.013407
1 0 10.947758 -97.524163 3.113216 1.511826 0.908711 13.265311 -1.635913 -1.020456
1 0 10.947758 -97.524163 3.113216 1.552297 0.908711 13.265311 -1.637488 -1.027683
1 0 10.947758 -97.524163 3.113216 1.591333 0.908711 13.265311 -1.639007 -1.034653
1 0 10.947758 -97.524163 4.271244 1.735888 0.908711 13.265311 -2.250749 -1.329230
1 0 10.947758 -97.524163 4.271244 1.772998 0.908711 13.265311 -2.252730 -1.336110
1 0 10.947758 -97.524163 4.271244 1.810407 0.908711 13.265311 -2.254727 -1.343046
1 0 10.947758 -97.524163 3.563045 1.311170 0.908711 13.265311 -1.882507 -1.095711
1 0 10.947758 -97.524163 3.563045 1.346480 0.908711 13.265311 -1.884080 -1.101945
1 0 10.947758 -97.524163 3.563045 1.382592 0.908711 13.265311 -1.885688 -1.108320
1 0 10.947758 -97.524163 3.563045 1.417435 0.908711 13.265311 -1.887240 -1.114471
1 0 10.915721 -97.527533 3.563045 1.450919 0.905888 13.263881 -1.888731 -1.120383
1 0 10.915528 -97.527530 3.563045 1.484699 0.905991 13.263929 -1.890236 -1.126346
1 0 10.915527 -97.527530 3.563045 1.518511 0.905992 13.263929 -1.891742 -1.132316
1 0 10.915527 -97.527530 3.563045 1.551743 0.905992 13.263929 -1.893222 -1.138182
1 0 10.915527 -97.527530 3.563045 1.583616 0.905992 13.263929 -1.894641 -1.143809
1 0 10.915527 -97.527530 5.542319 1.834716 0.905992 13.263929 -2.949228 -1.640431
1 0 10.915527 -97.527530 5.542319 1.864780 0.905992 13.263929 -2.951311 -1.646086
1 0 10.915527 -97.527530 5.542319 1.894611 0.905992 13.263929 -2.953378 -1.651696
1 0 10.915527 -97.527530 4.854992 1.391569 0.905992 13.263929 -2.588927 -1.416824
1 0 10.915527 -97.527530 4.854992 1.419290 0.905992 13.263929 -2.590609 -1.421800
1 0 10.915527 -97.527530 4.854992 1.447022 0.905992 13.263929 -2.592292 -1.426777
1 0 10.915527 -97.527530 4.854992 1.473809 0.905992 13.263929 -2.593918 -1.431585
1 0 10.915527 -97.527530 4.854992 1.500711 0.905992 13.263929 -2.595551 -1.436414
1 0 10.915527 -97.527530 4.854992 1.526293 0.905992 13.263929 -2.597103 -1.441006
1 0 10.915527 -97.527530 4.854992 1.551250 0.905992 13.263929 -2.598618 -1.445485
1 0 10.915527 -97.527530 4.854992 1.574737 0.905992 13.263929 -2.600043 -1.449701
1 0 10.915527 -97.527530 4.854992 1.598154 0.905992 13.263929 -2.601464 -1.453904
1 0 10.915527 -97.527530 5.782501 1.740982 0.905992 13.263929 -3.100125 -1.688126
1 0 10.915527 -97.527530 5.782501 1.763311 0.905992 13.263929 -3.101739 -1.692254
1 0 10.915527 -97.527530 5.782501 1.784412 0.905992 13.263929 -3.103264 -1.696154
1 0 10.915527 -97.527530 5.058246 1.260138 0.905992 13.263929 -2.715886 -1.451156
1 0 10.915527 -97.527530 5.058246 1.280092 0.905992 13.263929 -2.717148 -1.454664
1 0 10.915527 -97.527530 5.058246 1.298771 0.905992 13.263929 -2.718329 -1.457948
1 0 10.915527 -97.527530 5.058246 1.316244 0.905992 13.263929 -2.719433 -1.461020
1 0 10.915527 -97.527530 5.058246 1.333811 0.905992 13.263929 -2.720544 -1.464108
1 0 10.915527 -97.527530 5.058246 1.351354 0.905992 13.263929 -2.721653 -1.467192
1 0 10.915527 -97.527530 5.058246 1.366453 0.905992 13.263929 -2.722608 -1.469846
1 0 10.931278 -97.525860 5.058246 1.381513 0.907463 13.269726 -2.723560 -1.472494
1 0 10.931373 -97.525861 5.058246 1.395068 0.907413 13.269702 -2.724417 -1.474877
1 0 10.931373 -97.525862 5.058246 1.408346 0.907412 13.269702 -2.725257 -1.477211
1 0 10.931373 -97.525862 5.979455 1.543056 0.907412 13.269702 -3.222522 -1.709452
1 0 10.931373 -97.525862 5.979455 1.554492 0.907412 13.269702 -3.223377 -1.711524
1 0 10.931373 -97.525862 5.299225 1.068352 0.907412 13.269702 -2.857381 -1.484610
1 0 10.931373 -97.525862 5.299225 1.077932 0.907412 13.269702 -2.858015 -1.486264
1 0 10.931373 -97.525862 5.299225 1.086985 0.907412 13.269702 -2.858615 -1.487827
1 0 10.931373 -97.525862 5.299225 1.095361 0.907412 13.269702 -2.859170 -1.489273
1 0 10.931373 -97.525862 5.299225 1.102890 0.907412 13.269702 -2.859669 -1.490573
1 0 10.931373 -97.525862 5.299225 1.109408 0.907412 13.269702 -2.860100 -1.491698
1 0 10.931373 -97.525862 5.299225 1.115222 0.907412 13.269702 -2.860486 -1.492702
1 0 10.931373 -97.525862 5.299225 1.120093 0.907412 13.269702 -2.860808 -1.493543
1 0 10.931373 -97.525862 5.299225 1.124107 0.907412 13.269702 -2.861074 -1.494236
1 0 10.931373 -97.525862 5.299225 1.127315 0.907412 13.269702 -2.861287 -1.494789
1 0 10.931373 -97.525862 6.084593 1.236064 0.907412 13.269702 -3.285520 -1.691992
1 0 10.931373 -97.525862 6.084593 1.237543 0.907412 13.269702 -3.285633 -1.692254
1 0 10.931373 -97.525862 5.554927 0.861370 0.907412 13.269702 -2.999659 -1.517836
1 1 11.190372 -96.882142 -0.261961 -0.654902 0.724032 13.098973 0.184112 0.176355
1 1 11.446413 -96.235836 -0.520576 -1.301440 0.542057 12.928562 0.365873 0.350458
1 1 11.701005 -95.593020 -0.777750 -1.944374 0.361100 12.759087 0.546621 0.523591
1 1 11.954195 -94.953742 -1.033508 -2.583770 0.181139 12.590546 0.726374 0.695771
1 1 12.205992 -94.317982 -1.287858 -3.219646 0.002169 12.422932 0.905138 0.867003
1 1 12.456402 -93.685721 -1.540809 -3.852022 -0.175816 12.256241 1.082918 1.037292
1 1 12.685744 -93.069629 -1.787872 -4.469681 -0.351103 12.087784 1.256560 1.203618
1 1 12.927680 -92.458652 -2.032283 -5.080707 -0.523029 11.926759 1.428337 1.368159
1 1 13.168379 -91.851080 -2.275354 -5.688385 -0.694056 11.766603 1.599174 1.531797
1 1 12.953169 -92.502516 -2.004980 -5.012449 -0.533647 11.927557 1.441629 1.361273
1 1 12.688794 -93.153901 -1.744535 -4.361337 -0.346901 12.100849 1.254363 1.184445
1 1 12.425667 -93.801427 -1.485620 -3.714050 -0.161091 12.273194 1.068197 1.008656
1 1 12.374384 -93.896646 -1.451668 -3.629170 -0.127022 12.301699 1.033480 0.975299
1 1 12.337411 -93.988460 -1.414956 -3.537391 -0.100856 12.326051 1.007344 0.950635
1 1 12.300709 -94.079781 -1.378433 -3.446081 -0.074869 12.350255 0.981341 0.926096
1 1 12.264205 -94.170610 -1.342105 -3.355263 -0.049022 12.374329 0.955479 0.901690
1 1 12.227897 -94.260951 -1.305973 -3.264934 -0.023314 12.398272 0.929756 0.877415
1 1 12.191785 -94.350806 -1.270036 -3.175090 0.002255 12.422088 0.904171 0.853270
1 1 12.175311 -94.428623 -1.238320 -3.095801 0.026277 12.448803 0.881592 0.831962
1 1 12.145035 -94.504261 -1.208093 -3.020232 0.047740 12.468824 0.860072 0.811654
1 1 12.114829 -94.579443 -1.178024 -2.945059 0.069134 12.488753 0.838665 0.791452
1 1 11.810729 -95.355684 -0.862476 -2.156191 0.285864 12.692567 0.621850 0.582241
1 1 11.494625 -96.131551 -0.552243 -1.380609 0.508999 12.899333 0.398170 0.372809
1 1 11.180354 -96.902779 -0.243885 -0.609713 0.730830 13.104877 0.175842 0.164642
1 1 10.931701 -97.515398 0.000000 0.000000 0.906511 13.267902 -0.000000 -0.000000
1 1 10.931355 -97.525678 0.000000 0.000000 0.907410 13.269677 -0.000000 -0.000000
1 1 10.931373 -97.525858 0.000000 -0.000000 0.907412 13.269702 -0.000000 -0.000000
1 1 10.931373 -97.525862 0.000000 -0.000000 0.907412 13.269702 -0.000000 -0.000000
1 1 10.931373 -97.525862 0.000000 -0.000000 0.907412 13.269702 -0.000000 -0.000000
1 1 10.931373 -97.525862 0.000000 -0.000000 0.907412 13.269702 -0.000000 -0.000000
1 1 10.931373 -97.525862 0.000000 0.000000 0.907412 13.269702 -0.000000 -0.000000
1 1 10.931373 -97.525862 0.000000 -0.000000 0.907412 13.269702 -0.000000 -0.000000
1 1 10.931373 -97.525862 0.000000 -0.000000 0.907412 13.269702 -0.000000 -0.000000
1 1 10.931373 -97.525862 0.000000 0.000000 0.907412 13.269702 -0.000000 -0.000000
1 1 10.931373 -97.525862 0.000000 -0.000000 0.907412 13.269702 -0.000000 -0.000000
1 1 10.931373 -97.525862 0.000000 0.000000 0.907412 13.269702 -0.000000 -0.000000
1 1 10.969683 -97.431705 -0.038307 -0.095769 0.880361 13.244623 0.027196 0.025578
1 1 11.007564 -97.337155 -0.076132 -0.190331 0.853512 13.219586 0.054050 0.050835
1 1 11.045238 -97.243100 -0.113752 -0.284381 0.826809 13.194683 0.080758 0.075954
1 1 11.082709 -97.149547 -0.151172 -0.377929 0.800248 13.169913 0.107324 0.100939
1 1 11.119981 -97.056493 -0.188391 -0.470978 0.773830 13.145275 0.133748 0.125791
1 1 11.157054 -96.963937 -0.225412 -0.563530 0.747552 13.120769 0.160030 0.150510
1 1 11.193928 -96.871874 -0.262235 -0.655587 0.721415 13.096394 0.186173 0.175098
1 1 11.230606 -96.780304 -0.298861 -0.747153 0.695417 13.072149 0.212175 0.199554
1 1 11.267088 -96.689222 -0.335292 -0.838230 0.669558 13.048033 0.238039 0.223879
1 1 11.584276 -94.902578 -0.683376 -2.656476 0.375749 12.675020 0.530346 0.606299
1 1 11.901854 -93.111835 -1.022227 -4.448527 0.081447 12.301237 0.822898 0.984585
1 1 12.215125 -91.331970 -1.356634 -6.229436 -0.209795 11.930320 1.112383 1.359931
1 1 12.235129 -89.143520 -1.422294 -8.428462 -0.372273 11.565943 1.269979 1.721612
1 1 12.261388 -86.966074 -1.480079 -10.607502 -0.537339 11.201802 1.432454 2.088373
1 1 12.286976 -84.804026 -1.536933 -12.771065 -0.700977 10.840358 1.593497 2.452398
1 1 12.311885 -82.657300 -1.592886 -14.919296 -0.863189 10.481601 1.753132 2.813717
1 1 12.328563 -80.576856 -1.666484 -17.003334 -1.033188 10.127302 1.918334 3.169121
1 1 12.358227 -78.509731 -1.725450 -19.071867 -1.192005 9.780618 2.074770 3.518322
1 1 12.387216 -76.457012 -1.783456 -21.125990 -1.349466 9.436467 2.229822 3.864951
1 1 12.415501 -74.418596 -1.840553 -23.165800 -1.505559 9.094841 2.383523 4.209037
1 1 12.443091 -72.394383 -1.896754 -25.191397 -1.660299 8.755720 2.535888 4.550600
1 1 12.211371 -69.283247 -1.954899 -28.337920 -1.751277 8.303345 2.601840 5.003023
1 1 12.089692 -66.189690 -1.905014 -31.434862 -1.899990 7.826222 2.745002 5.482742
1 1 11.969728 -63.130517 -1.855409 -34.497292 -2.047244 7.354309 2.886420 5.957046
1 1 11.758632 -59.998862 -1.749850 -37.636169 -2.150689 6.893389 2.980761 6.407975
1 1 11.565497 -56.901778 -1.631021 -40.736678 -2.261366 6.433631 3.085332 6.868873
1 1 11.375158 -53.840892 -1.514031 -43.800941 -2.371038 5.979111 3.188921 7.324497
1 1 11.187534 -50.815787 -1.398897 -46.829386 -2.479690 5.529782 3.291562 7.774919
1 1 11.002586 -47.826043 -1.285592 -49.822430 -2.587332 5.085583 3.393262 8.220200
1 1 10.820279 -44.871247 -1.174089 -52.780488 -2.693971 4.646457 3.494029 8.660397
1 1 10.640576 -41.950990 -1.064363 -55.703968 -2.799617 4.212345 3.593872 9.095570
1 1 10.481482 -39.107474 -0.987316 -58.551994 -2.919804 3.776845 3.707139 9.527114
1 1 10.331830 -36.295870 -0.904171 -61.366654 -3.033479 3.353575 3.815327 9.951820
1 1 9.712999 -32.569442 -1.075555 -65.151624 -2.958831 2.898234 3.673356 10.387445
1 1 9.429159 -28.883758 -0.921174 -68.842764 -3.060872 2.365402 3.765898 10.920662
1 1 9.152302 -25.269604 -0.769319 -72.462344 -3.161723 1.842541 3.856395 11.443422
1 1 8.721407 -21.803517 -0.447747 -75.933778 -3.169826 1.382654 3.856167 11.907027
1 1 7.485476 -18.713690 0.675879 -79.032747 -2.720623 1.186715 3.400699 12.099869
1 1 6.272038 -15.680094 1.783553 -82.070953 -2.279594 0.994341 2.950898 12.287371
1 1 5.081142 -12.702855 2.870675 -85.052667 -1.846759 0.805542 2.509438 12.471374
1 1 3.887452 -9.718629 3.966806 -88.039982 -1.408730 0.618649 2.063408 12.653935
1 1 2.716298 -6.790744 5.033933 -90.972340 -0.984328 0.432271 1.630328 12.835406
1 1 1.567527 -3.918819 6.080619 -93.848681 -0.568039 0.249456 1.205552 13.013425
1 1 0.427562 -1.068906 7.119576 -96.702353 -0.154681 0.068301 0.783844 13.189907
1 1 0.000000 -0.000000 7.515007 -97.804853 -0.000000 0.000000 0.624120 13.259621
1 1 -0.000000 -0.000000 7.518897 -97.824824 0.000000 0.000000 0.622983 13.261724
1 1 -0.000000 -0.000000 6.264586 -97.907447 0.000000 0.000000 0.513747 13.206642
1 1 -0.000000 -0.000000 6.257106 -97.907499 0.000000 0.000000 0.517769 13.208587
1 1 0.000000 0.000000 6.129548 -97.915047 -0.000000 -0.000000 0.506334 13.162486
1 1 -0.000000 -0.000000 6.128788 -97.915041 0.000000 0.000000 0.506742 13.162682
1 1 -0.000000 -0.000000 6.128783 -97.915040 0.000000 0.000000 0.506745 13.162683
1 1 0.000000 0.000000 6.128783 -97.915040 -0.000000 -0.000000 0.506745 13.162683
1 1 -0.000000 -0.000000 6.128783 -97.915040 0.000000 0.000000 0.506745 13.162683
1 1 -0.000000 -0.000000 6.128783 -97.915040 0.000000 0.000000 0.506745 13.162683
1 1 -0.000000 -0.000000 6.128783 -97.915040 0.000000 0.000000 0.506745 13.162683
1 1 0.000000 0.000000 6.128783 -97.915040 -0.000000 -0.000000 0.506745 13.162683
1 1 0.000000 0.000000 6.128783 -97.915040 -0.000000 -0.000000 0.506745 13.162683
1 1 0.000000 0.000000 6.128783 -97.915040 -0.000000 -0.000000 0.506745 13.162683
1 1 0.000000 0.000000 6.225343 -97.909358 -0.000000 -0.000000 0.515132 13.166910
1 1 -0.000000 -0.000000 6.225919 -97.909365 0.000000 0.000000 0.514822 13.166762
1 1 0.000000 0.000000 5.922873 -97.926960 -0.000000 -0.000000 0.487648 13.057150
0 1 5.625327 0.387668 5.921073 -97.926949 -3.037655 -1.473168 0.488617 13.057617
0 1 5.625327 0.386523 5.921062 -97.926947 -3.037574 -1.472979 0.488623 13.057620
0 1 5.625327 0.384612 5.921062 -97.926947 -3.037440 -1.472663 0.488623 13.057620
0 1 5.625327 0.381909 5.921062 -97.926947 -3.037250 -1.472217 0.488623 13.057620
0 1 5.625327 0.378306 5.921062 -97.926947 -3.036997 -1.471622 0.488623 13.057620
0 1 5.625327 0.373877 5.921062 -97.926947 -3.036685 -1.470891 0.488623 13.057620
0 1 5.785443 0.474903 5.921062 -97.926947 -3.122729 -1.520931 0.488623 13.057620
0 1 5.785443 0.468758 5.921062 -97.926947 -3.122284 -1.519905 0.488623 13.057620
0 1 5.785443 0.461919 5.921062 -97.926947 -3.121790 -1.518762 0.488623 13.057620
0 1 5.785443 0.454365 6.178781 -97.912100 -3.121244 -1.517500 0.510957 13.068875
0 1 5.785443 0.445805 6.180314 -97.912123 -3.120625 -1.516070 0.510132 13.068480
0 1 5.785443 0.436452 6.180323 -97.912125 -3.119948 -1.514507 0.510128 13.068478
0 1 5.785443 0.425980 5.988833 -97.923259 -3.119191 -1.512758 0.492986 12.999174
0 1 5.785443 0.414883 5.987698 -97.923250 -3.118388 -1.510904 0.493598 12.999469
0 1 5.785443 0.402927 5.987691 -97.923249 -3.117524 -1.508906 0.493602 12.999470
0 1 5.312660 0.328530 5.987691 -97.923249 -2.861898 -1.387500 0.493602 12.999470
0 1 5.312660 0.314997 5.987691 -97.923249 -2.860999 -1.385276 0.493602 12.999470
0 1 5.312660 0.301078 5.987691 -97.923249 -2.860075 -1.382989 0.493602 12.999470
0 1 5.518786 0.422707 5.987691 -97.923249 -2.970021 -1.446389 0.493602 12.999470
0 1 5.518786 0.407070 5.987691 -97.923249 -2.968942 -1.443780 0.493602 12.999470
0 1 5.518786 0.390722 5.987691 -97.923249 -2.967814 -1.441052 0.493602 12.999470
0 1 5.518786 0.373690 6.084340 -97.917697 -2.966639 -1.438209 0.501971 13.003689
0 1 5.518786 0.354997 6.084914 -97.917705 -2.965350 -1.435090 0.501662 13.003540
0 1 5.518786 0.336397 6.084917 -97.917705 -2.964067 -1.431986 0.501660 13.003540
0 1 5.518786 0.316152 6.021066 -97.921399 -2.962670 -1.428608 0.495949 12.980423
0 1 5.518786 0.295223 6.020688 -97.921395 -2.961226 -1.425115 0.496153 12.980522
0 1 5.518786 0.273850 6.020685 -97.921394 -2.959752 -1.421548 0.496154 12.980522
0 1 5.079420 0.196656 6.020685 -97.921394 -2.722682 -1.307288 0.496154 12.980522
0 1 5.079420 0.173771 6.020685 -97.921394 -2.721229 -1.303528 0.496154 12.980522
0 1 5.079420 0.150593 6.020685 -97.921394 -2.719757 -1.299720 0.496154 12.980522
0 1 5.315979 0.282507 6.020685 -97.921394 -2.844765 -1.371184 0.496154 12.980522
0 1 5.315979 0.257232 6.020685 -97.921394 -2.843086 -1.366957 0.496154 12.980522
0 1 5.315979 0.232084 6.020685 -97.921394 -2.841414 -1.362751 0.496154 12.980522
0 1 5.315979 0.204920 6.278411 -97.906306 -2.839609 -1.358207 0.518463 12.991768
0 1 5.315979 0.177275 6.279940 -97.906330 -2.837772 -1.353583 0.517639 12.991373
0 1 5.315979 0.148669 6.279949 -97.906332 -2.835872 -1.348799 0.517634 12.991371
0 1 5.315979 0.119290 6.248037 -97.908243 -2.833919 -1.343885 0.514776 12.979810
0 1 5.315979 0.089215 6.247848 -97.908241 -2.831921 -1.338854 0.514878 12.979859
0 1 5.315979 0.058824 6.247847 -97.908241 -2.829901 -1.333771 0.514879 12.979859
0 1 5.315979 0.028560 6.247847 -97.908241 -2.827890 -1.328709 0.514879 12.979859
0 1 5.056310 -0.033822 6.247847 -97.908241 -2.687815 -1.258795 0.514879 12.979859
0 1 5.056310 -0.065146 6.247847 -97.908241 -2.685835 -1.253604 0.514879 12.979859
0 1 5.223731 0.014867 6.247847 -97.908241 -2.772680 -1.301450 0.514879 12.979859
0 1 5.223731 -0.018592 6.247847 -97.908241 -2.770495 -1.295835 0.514879 12.979859
0 1 5.223731 -0.052057 6.247847 -97.908241 -2.768310 -1.290219 0.514879 12.979859
0 1 5.223731 -0.085689 6.215629 -97.910151 -2.766114 -1.284574 0.512091 12.978453
0 1 5.223731 -0.121077 6.215438 -97.910149 -2.763803 -1.278635 0.512194 12.978503
0 1 5.223731 -0.157816 6.215437 -97.910149 -2.761404 -1.272469 0.512194 12.978503
0 1 5.223731 -0.193348 6.215437 -97.910149 -2.759084 -1.266506 0.512194 12.978503
0 1 5.223731 -0.229603 6.215437 -97.910149 -2.756717 -1.260422 0.512194 12.978503
0 1 5.223731 -0.266690 6.215437 -97.910149 -2.754295 -1.254197 0.512194 12.978503
0 1 5.223731 -0.305715 6.215437 -97.910149 -2.751747 -1.247648 0.512194 12.978503
0 1 5.029367 -0.367810 6.215437 -97.910149 -2.646931 -1.193165 0.512194 12.978503
0 1 5.029367 -0.407674 6.215437 -97.910149 -2.644425 -1.186520 0.512194 12.978503
0 1 5.029367 -0.448386 6.215437 -97.910149 -2.641865 -1.179734 0.512194 12.978503
0 1 5.203927 -0.370580 6.215437 -97.910149 -2.730961 -1.227775 0.512194 12.978503
0 1 5.203927 -0.410992 6.215437 -97.910149 -2.728332 -1.220951 0.512194 12.978503
0 1 5.203927 -0.451375 6.247655 -97.908238 -2.725705 -1.214131 0.514983 12.979909
0 1 5.203927 -0.492212 6.247846 -97.908240 -2.723049 -1.207235 0.514880 12.979860
0 1 5.203927 -0.535538 6.247847 -97.908241 -2.720231 -1.199919 0.514879 12.979859
0 1 5.203927 -0.579321 6.247847 -97.908241 -2.717383 -1.192525 0.514879 12.979859
0 1 5.203927 -0.622679 6.247847 -97.908241 -2.714562 -1.185203 0.514879 12.979859
0 1 5.203927 -0.666940 6.247847 -97.908241 -2.711683 -1.177729 0.514879 12.979859
0 1 5.203927 -0.709969 6.247847 -97.908241 -2.708884 -1.170462 0.514879 12.979859
0 1 4.993825 -0.779760 6.247847 -97.908241 -2.596738 -1.111708 0.514879 12.979859
0 1 4.993825 -0.825164 6.247847 -97.908241 -2.593904 -1.104096 0.514879 12.979859
0 1 4.993825 -0.871579 6.247847 -97.908241 -2.591006 -1.096315 0.514879 12.979859
0 1 5.273404 -0.725934 6.247847 -97.908241 -2.733056 -1.175143 0.514879 12.979859
0 1 5.273404 -0.773171 6.247847 -97.908241 -2.729942 -1.167059 0.514879 12.979859
0 1 5.273404 -0.818978 6.247847 -97.908241 -2.726923 -1.159220 0.514879 12.979859
0 1 5.273404 -0.866320 6.247847 -97.908241 -2.723802 -1.151119 0.514879 12.979859
0 1 5.273404 -0.912445 6.247847 -97.908241 -2.720762 -1.143225 0.514879 12.979859
0 1 5.273404 -0.960977 6.247847 -97.908241 -2.717563 -1.134920 0.514879 12.979859
0 1 5.273404 -1.009047 6.247847 -97.908241 -2.714394 -1.126693 0.514879 12.979859
0 1 5.273404 -1.058438 6.247847 -97.908241 -2.711138 -1.118241 0.514879 12.979859
0 1 5.273404 -1.105820 6.247847 -97.908241 -2.708015 -1.110132 0.514879 12.979859
0 1 4.822500 -1.208581 6.247847 -97.908241 -2.473521 -0.993383 0.514879 12.979859
0 1 4.822500 -1.256568 6.247847 -97.908241 -2.470628 -0.985298 0.514879 12.979859
0 1 4.822500 -1.306868 6.247847 -97.908241 -2.467596 -0.976823 0.514879 12.979859
0 1 5.340459 -0.994445 6.247847 -97.908241 -2.729342 -1.127448 0.514879 12.979859
0 1 5.340459 -1.045402 6.247847 -97.908241 -2.725941 -1.118532 0.514879 12.979859
0 1 5.340459 -1.094931 6.247847 -97.908241 -2.722634 -1.109867 0.514879 12.979859
0 1 5.340459 -1.145418 6.215629 -97.910151 -2.719264 -1.101033 0.512091 12.978453
0 1 5.340459 -1.196689 6.215438 -97.910149 -2.715841 -1.092062 0.512194 12.978503
0 1 5.340459 -1.248514 6.215437 -97.910149 -2.712382 -1.082995 0.512194 12.978503
0 1 5.340459 -1.303008 6.215437 -97.910149 -2.708744 -1.073460 0.512194 12.978503
0 1 5.340459 -1.352891 6.215437 -97.910149 -2.705414 -1.064732 0.512194 12.978503
0 1 5.340459 -1.404919 6.215437 -97.910149 -2.701941 -1.055629 0.512194 12.978503
0 1 3.562833 -1.648093 6.215437 -97.910149 -1.800139 -0.622754 0.512194 12.978503
0 1 3.562833 -1.698997 6.215437 -97.910149 -1.797872 -0.614381 0.512194 12.978503
0 1 3.562833 -1.749995 6.215437 -97.910149 -1.795600 -0.605992 0.512194 12.978503
0 1 4.348528 -1.264703 6.215437 -97.910149 -2.188726 -0.841287 0.512194 12.978503
0 1 4.348528 -1.316480 6.215437 -97.910149 -2.185911 -0.832261 0.512194 12.978503
0 1 4.348528 -1.369318 6.215437 -97.910149 -2.183039 -0.823051 0.512194 12.978503
0 1 4.348528 -1.421195 6.215437 -97.910149 -2.180219 -0.814008 0.512194 12.978503
0 1 4.348528 -1.473101 6.215437 -97.910149 -2.177398 -0.804960 0.512194 12.978503
0 1 4.348528 -1.523363 6.215437 -97.910149 -2.174666 -0.796199 0.512194 12.978503
0 1 4.348528 -1.576367 6.215437 -97.910149 -2.171785 -0.786959 0.512194 12.978503
0 1 4.348528 -1.627122 6.215437 -97.910149 -2.169026 -0.778112 0.512194 12.978503
0 1 4.348528 -1.679610 6.215437 -97.910149 -2.166173 -0.768963 0.512194 12.978503
0 1 3.142822 -1.839880 6.215437 -97.910149 -1.563533 -0.475354 0.512194 12.978503
0 1 3.142822 -1.891448 6.215437 -97.910149 -1.561507 -0.466733 0.512194 12.978503
0 1 3.142822 -1.944226 6.215437 -97.910149 -1.559434 -0.457911 0.512194 12.978503
0 1 4.084914 -1.329938 6.215437 -97.910149 -2.024272 -0.745637 0.512194 12.978503
0 1 4.084914 -1.380019 6.215437 -97.910149 -2.021714 -0.736675 0.512194 12.978503
0 1 4.084914 -1.432413 6.215437 -97.910149 -2.019039 -0.727300 0.512194 12.978503
0 1 4.084914 -1.483689 6.183224 -97.912049 -2.016421 -0.718125 0.509405 12.977095
0 1 4.084914 -1.533470 6.183033 -97.912047 -2.013879 -0.709217 0.509508 12.977145
0 1 4.084914 -1.585455 6.183032 -97.912046 -2.011225 -0.699915 0.509508 12.977145
0 1 4.084914 -1.636093 6.198988 -97.911102 -2.008639 -0.690854 0.510937 12.982926
0 1 4.084914 -1.688127 6.199082 -97.911103 -2.005982 -0.681543 0.510886 12.982902
0 1 4.084914 -1.737839 6.199083 -97.911103 -2.003444 -0.672647 0.510886 12.982902
0 1 2.801404 -1.895050 6.199083 -97.911103 -1.372214 -0.365243 0.510886 12.982902
0 1 2.801404 -1.945280 6.199083 -97.911103 -1.370455 -0.356638 0.510886 12.982902
0 1 2.801404 -1.993644 6.199083 -97.911103 -1.368761 -0.348352 0.510886 12.982902
0 1 3.797406 -1.310837 6.199083 -97.911103 -1.853088 -0.659568 0.510886 12.982902
0 1 3.797406 -1.360283 6.199083 -97.911103 -1.850741 -0.650481 0.510886 12.982902
0 1 3.797406 -1.409724 6.199083 -97.911103 -1.848394 -0.641395 0.510886 12.982902
0 1 3.797406 -1.461570 6.199083 -97.911103 -1.845933 -0.631868 0.510886 12.982902
0 1 3.797406 -1.508706 6.199083 -97.911103 -1.843696 -0.623205 0.510886 12.982902
0 1 3.797406 -1.557113 6.199083 -97.911103 -1.841398 -0.614310 0.510886 12.982902
0 1 3.797406 -1.604277 6.183127 -97.912047 -1.839159 -0.605642 0.509457 12.977120
0 1 3.797406 -1.650615 6.183033 -97.912046 -1.836960 -0.597127 0.509508 12.977145
0 1 3.797406 -1.696447 6.183032 -97.912046 -1.834784 -0.588704 0.509508 12.977145
0 1 3.797406 -1.744276 6.183032 -97.912046 -1.832514 -0.579915 0.509508 12.977145
0 1 2.440965 -1.894758 6.183032 -97.912046 -1.176540 -0.260620 0.509508 12.977145
0 1 2.440965 -1.939466 6.183032 -97.912046 -1.175176 -0.252765 0.509508 12.977145
0 1 3.359391 -1.287324 6.183032 -97.912046 -1.615422 -0.546592 0.509508 12.977145
0 1 3.359391 -1.332174 6.183032 -97.912046 -1.613539 -0.538197 0.509508 12.977145
0 1 3.359391 -1.378027 6.183032 -97.912046 -1.611614 -0.529614 0.509508 12.977145
0 1 3.359391 -1.422320 6.215245 -97.910146 -1.609754 -0.521322 0.512298 12.978553
0 1 3.359391 -1.467328 6.215436 -97.910148 -1.607864 -0.512897 0.512195 12.978503
0 1 3.359391 -1.511656 6.215437 -97.910149 -1.606002 -0.504600 0.512194 12.978503
0 1 3.359391 -1.555694 6.215437 -97.910149 -1.604153 -0.496356 0.512194 12.978503
0 1 3.359391 -1.597144 6.215437 -97.910149 -1.602412 -0.488597 0.512194 12.978503
0 1 3.359391 -1.640251 6.215437 -97.910149 -1.600602 -0.480528 0.512194 12.978503
0 1 3.359391 -1.681376 6.215437 -97.910149 -1.598875 -0.472830 0.512194 12.978503
0 1 1.992739 -1.813635 6.215437 -97.910149 -0.947423 -0.155003 0.512194 12.978503
0 1 1.992739 -1.854629 6.215437 -97.910149 -0.946401 -0.147664 0.512194 12.978503
0 1 1.992739 -1.894297 6.215437 -97.910149 -0.945413 -0.140562 0.512194 12.978503
0 1 3.356661 -0.839154 6.215437 -97.910149 -1.590879 -0.597596 0.512194 12.978503
0 1 3.356661 -0.877149 6.215437 -97.910149 -1.589284 -0.590146 0.512194 12.978503
0 1 3.356661 -0.915804 6.279869 -97.906317 -1.587662 -0.582566 0.517771 12.981314
0 1 3.356661 -0.953322 6.280251 -97.906322 -1.586088 -0.575210 0.517565 12.981216
0 1 3.356661 -0.991265 6.280253 -97.906323 -1.584496 -0.567770 0.517563 12.981215
0 1 3.356661 -1.028514 6.264297 -97.907280 -1.582933 -0.560466 0.516135 12.975434
0 1 3.356661 -1.063656 6.264203 -97.907279 -1.581459 -0.553575 0.516186 12.975459
0 1 3.356661 -1.099818 6.264202 -97.907278 -1.579942 -0.546485 0.516187 12.975459
0 1 3.356661 -1.134856 6.264202 -97.907278 -1.578471 -0.539615 0.516187 12.975459
0 1 2.098454 -1.257240 6.264202 -97.907278 -0.985909 -0.252412 0.516187 12.975459
0 1 2.098454 -1.290117 6.264202 -97.907278 -0.985046 -0.246211 0.516187 12.975459
0 1 2.098454 -1.323385 6.264202 -97.907278 -0.984174 -0.239937 0.516187 12.975459
0 1 2.619210 -0.921590 6.264202 -97.907278 -1.227376 -0.417022 0.516187 12.975459
0 1 2.619210 -0.954043 6.264202 -97.907278 -1.226313 -0.410690 0.516187 12.975459
0 1 2.619210 -0.987723 6.264202 -97.907278 -1.225211 -0.404118 0.516187 12.975459
0 1 2.619210 -1.017611 6.328630 -97.903417 -1.224232 -0.398286 0.521762 12.978269
0 1 2.619210 -1.047506 6.329012 -97.903422 -1.223253 -0.392453 0.521556 12.978171
0 1 2.619210 -1.077019 6.313057 -97.904387 -1.222287 -0.386694 0.520127 12.972389
0 1 2.619210 -1.105929 6.312962 -97.904386 -1.221340 -0.381053 0.520178 12.972413
0 1 2.619210 -1.132939 6.312962 -97.904386 -1.220456 -0.375782 0.520178 12.972413
0 1 2.619210 -1.160087 6.312962 -97.904386 -1.219567 -0.370485 0.520178 12.972413
0 1 1.636763 -1.241078 6.312962 -97.904386 -0.761572 -0.146155 0.520178 12.972413
0 1 1.636763 -1.267006 6.312962 -97.904386 -0.761042 -0.141248 0.520178 12.972413
0 1 1.636763 -1.291368 6.312962 -97.904386 -0.760543 -0.136638 0.520178 12.972413
0 1 2.031122 -0.987601 6.312962 -97.904386 -0.943181 -0.272737 0.520178 12.972413
0 1 2.031122 -1.010080 6.312962 -97.904386 -0.942610 -0.268372 0.520178 12.972413
0 1 2.031122 -1.032599 6.312962 -97.904386 -0.942038 -0.263999 0.520178 12.972413
0 1 2.031122 -1.054012 6.312962 -97.904386 -0.941495 -0.259842 0.520178 12.972413
0 1 2.031122 -1.074389 6.312962 -97.904386 -0.940977 -0.255885 0.520178 12.972413
0 1 2.031122 -1.094554 6.312962 -97.904386 -0.940465 -0.251970 0.520178 12.972413
0 1 2.031122 -1.113427 6.297006 -97.905348 -0.939986 -0.248305 0.518749 12.966631
0 1 2.031122 -1.132445 6.296912 -97.905347 -0.939503 -0.244612 0.518800 12.966655
0 1 2.031122 -1.150290 6.296911 -97.905347 -0.939050 -0.241148 0.518801 12.966656
0 1 0.531458 -1.217257 6.296911 -97.905347 -0.245599 0.099735 0.518801 12.966656
0 1 0.531458 -1.233134 6.296911 -97.905347 -0.245494 0.102673 0.518801 12.966656
0 1 0.531458 -1.248726 6.296911 -97.905347 -0.245390 0.105558 0.518801 12.966656
0 1 0.853551 -1.006535 6.296911 -97.905347 -0.393953 -0.008521 0.518801 12.966656
0 1 0.853551 -1.020002 6.296911 -97.905347 -0.393810 -0.005975 0.518801 12.966656
0 1 0.853551 -1.032983 6.296911 -97.905347 -0.393671 -0.003521 0.518801 12.966656
0 1 0.853551 -1.045318 6.296911 -97.905347 -0.393539 -0.001189 0.518801 12.966656
0 1 0.853551 -1.056650 6.296911 -97.905347 -0.393419 0.000953 0.518801 12.966656
0 1 0.853551 -1.067437 6.296911 -97.905347 -0.393303 0.002993 0.518801 12.966656
0 1 0.853551 -1.077055 6.296911 -97.905347 -0.393201 0.004811 0.518801 12.966656
0 1 0.853551 -1.086117 6.296911 -97.905347 -0.393104 0.006524 0.518801 12.966656
0 1 0.853551 -1.094417 6.296911 -97.905347 -0.393016 0.008094 0.518801 12.966656
0 1 0.390481 -1.109173 6.296911 -97.905347 -0.179761 0.114682 0.518801 12.966656
0 1 0.390481 -1.115501 6.296911 -97.905347 -0.179730 0.115861 0.518801 12.966656
0 1 0.390481 -1.121198 6.296911 -97.905347 -0.179702 0.116921 0.518801 12.966656
0 1 0.611965 -0.948475 6.296911 -97.905347 -0.281595 0.036646 0.518801 12.966656
0 1 0.611965 -0.952411 6.296911 -97.905347 -0.281565 0.037390 0.518801 12.966656
0 1 0.611965 -0.955656 6.296911 -97.905347 -0.281540 0.038003 0.518801 12.966656
0 1 0.611965 -0.958019 6.296911 -97.905347 -0.281522 0.038449 0.518801 12.966656
0 1 0.611965 -0.959583 6.296911 -97.905347 -0.281510 0.038745 0.518801 12.966656
0 1 0.611965 -0.960305 6.296911 -97.905347 -0.281504 0.038881 0.518801 12.966656
0 1 0.611965 -0.960168 6.296911 -97.905347 -0.281505 0.038856 0.518801 12.966656
0 1 0.611965 -0.959169 6.296911 -97.905347 -0.281513 0.038667 0.518801 12.966656
0 1 0.611965 -0.957315 6.296911 -97.905347 -0.281527 0.038317 0.518801 12.966656
0 1 0.611965 -0.954578 6.296911 -97.905347 -0.281548 0.037799 0.518801 12.966656
0 1 0.237425 -0.955315 6.296911 -97.905347 -0.109243 0.122548 0.518801 12.966656
0 1 0.237425 -0.951051 6.296911 -97.905347 -0.109255 0.121752 0.518801 12.966656
0 1 0.373213 -0.836996 6.296911 -97.905347 -0.171766 0.070500 0.518801 12.966656
0 1 0.373213 -0.830821 6.296911 -97.905347 -0.171795 0.069337 0.518801 12.966656
0 1 0.373213 -0.824018 6.296911 -97.905347 -0.171827 0.068055 0.518801 12.966656
0 1 0.373213 -0.816449 6.296911 -97.905347 -0.171862 0.066630 0.518801 12.966656
0 1 0.373213 -0.807747 6.296911 -97.905347 -0.171903 0.064991 0.518801 12.966656
0 1 0.373213 -0.798386 6.296911 -97.905347 -0.171946 0.063228 0.518801 12.966656
0 1 0.373213 -0.788260 6.296911 -97.905347 -0.171993 0.061320 0.518801 12.966656
0 1 0.373213 -0.777072 6.296911 -97.905347 -0.172046 0.059213 0.518801 12.966656
0 1 0.373213 -0.765383 6.296911 -97.905347 -0.172100 0.057012 0.518801 12.966656
0 1 0.373213 -0.752911 6.296911 -97.905347 -0.172158 0.054663 0.518801 12.966656
0 1 0.243931 -0.740924 6.296911 -97.905347 -0.112562 0.081841 0.518801 12.966656
0 1 0.243931 -0.726645 6.296911 -97.905347 -0.112605 0.079163 0.518801 12.966656
0 1 0.243931 -0.711734 6.296911 -97.905347 -0.112651 0.076366 0.518801 12.966656
0 1 0.293898 -0.656173 6.296911 -97.905347 -0.135783 0.054804 0.518801 12.966656
0 1 0.293898 -0.639959 6.296911 -97.905347 -0.135842 0.051753 0.518801 12.966656
0 1 0.293898 -0.622359 6.296911 -97.905347 -0.135907 0.048441 0.518801 12.966656
0 1 0.293898 -0.604619 6.296911 -97.905347 -0.135972 0.045103 0.518801 12.966656
0 1 0.293898 -0.586103 6.296911 -97.905347 -0.136040 0.041618 0.518801 12.966656
0 1 0.293898 -0.566785 6.280955 -97.906306 -0.136111 0.037983 0.517372 12.960872
0 1 0.293898 -0.546824 6.280861 -97.906305 -0.136185 0.034227 0.517423 12.960897
0 1 0.293898 -0.525135 6.280860 -97.906305 -0.136264 0.030146 0.517423 12.960897
0 1 0.293898 -0.502922 6.280860 -97.906305 -0.136346 0.025966 0.517423 12.960897
0 1 0.308247 -0.480687 6.280860 -97.906305 -0.143088 0.018494 0.517423 12.960897
0 1 0.308247 -0.457196 6.280860 -97.906305 -0.143179 0.014072 0.517423 12.960897
0 1 0.308247 -0.433403 6.280860 -97.906305 -0.143270 0.009593 0.517423 12.960897
0 1 0.301117 -0.413620 6.280860 -97.906305 -0.140053 0.007475 0.517423 12.960897
0 1 0.301117 -0.387936 6.280860 -97.906305 -0.140149 0.002642 0.517423 12.960897
0 1 0.301117 -0.361853 6.280860 -97.906305 -0.140247 -0.002266 0.517423 12.960897
0 1 0.301117 -0.335549 6.280860 -97.906305 -0.140346 -0.007215 0.517423 12.960897
0 1 0.301117 -0.307580 6.280860 -97.906305 -0.140452 -0.012478 0.517423 12.960897
0 1 0.301117 -0.278352 6.280860 -97.906305 -0.140562 -0.017978 0.517423 12.960897
0 1 0.301117 -0.249974 6.296816 -97.905345 -0.140669 -0.023318 0.518852 12.966680
0 1 0.301117 -0.220110 6.296911 -97.905347 -0.140781 -0.028938 0.518801 12.966656
0 1 0.301117 -0.190183 6.296911 -97.905347 -0.140894 -0.034569 0.518801 12.966656
0 1 0.315470 -0.158866 6.296911 -97.905347 -0.147732 -0.043779 0.518801 12.966656
0 1 0.315470 -0.126800 6.296911 -97.905347 -0.147859 -0.049815 0.518801 12.966656
0 1 0.315470 -0.095109 6.296911 -97.905347 -0.147984 -0.055781 0.518801 12.966656
0 1 0.294074 -0.078369 6.296911 -97.905347 -0.138072 -0.054020 0.518801 12.966656
0 1 0.294074 -0.042077 6.296911 -97.905347 -0.138205 -0.060842 0.518801 12.966656
0 1 0.294074 -0.008412 6.296911 -97.905347 -0.138329 -0.067171 0.518801 12.966656
0 1 0.294074 0.027254 6.296911 -97.905347 -0.138460 -0.073876 0.518801 12.966656
0 1 0.294074 0.062972 6.296911 -97.905347 -0.138592 -0.080591 0.518801 12.966656
0 1 0.294074 0.098367 6.296911 -97.905347 -0.138722 -0.087245 0.518801 12.966656
0 1 0.294074 0.136076 6.296911 -97.905347 -0.138860 -0.094334 0.518801 12.966656
0 1 0.294074 0.173640 6.296911 -97.905347 -0.138998 -0.101395 0.518801 12.966656
0 1 0.294074 0.212318 6.296911 -97.905347 -0.139141 -0.108667 0.518801 12.966656
0 1 0.337151 0.250257 6.296911 -97.905347 -0.159680 -0.125864 0.518801 12.966656
0 1 0.337151 0.289447 6.296911 -97.905347 -0.159846 -0.133242 0.518801 12.966656
0 1 0.337151 0.330131 6.296911 -97.905347 -0.160017 -0.140901 0.518801 12.966656
0 1 0.272908 0.317630 6.296911 -97.905347 -0.129660 -0.123463 0.518801 12.966656
0 1 0.272908 0.358653 6.296911 -97.905347 -0.129800 -0.131153 0.518801 12.966656
0 1 0.272908 0.399363 6.296911 -97.905347 -0.129939 -0.138784 0.518801 12.966656
0 1 0.272908 0.440458 6.296911 -97.905347 -0.130079 -0.146488 0.518801 12.966656
0 1 0.272908 0.482792 6.296911 -97.905347 -0.130223 -0.154424 0.518801 12.966656
0 1 0.272908 0.524373 6.296911 -97.905347 -0.130365 -0.162218 0.518801 12.966656
0 1 0.272908 0.566416 6.296911 -97.905347 -0.130508 -0.170099 0.518801 12.966656
0 1 0.272908 0.609275 6.296911 -97.905347 -0.130655 -0.178134 0.518801 12.966656
0 1 0.272908 0.652606 6.296911 -97.905347 -0.130802 -0.186256 0.518801 12.966656
0 1 0.272908 0.696442 6.296911 -97.905347 -0.130952 -0.194474 0.518801 12.966656
0 1 0.546078 0.746091 6.296911 -97.905347 -0.262348 -0.268281 0.518801 12.966656
0 1 0.546078 0.790735 6.296911 -97.905347 -0.262653 -0.276725 0.518801 12.966656
0 1 0.546078 0.835320 6.296911 -97.905347 -0.262958 -0.285158 0.518801 12.966656
0 1 0.439238 0.795114 6.296911 -97.905347 -0.211763 -0.252087 0.518801 12.966656
0 1 0.439238 0.842606 6.296911 -97.905347 -0.212024 -0.261006 0.518801 12.966656
0 1 0.439238 0.890498 6.296911 -97.905347 -0.212287 -0.270001 0.518801 12.966656
0 1 0.439238 0.938548 6.296911 -97.905347 -0.212550 -0.279026 0.518801 12.966656
0 1 0.439238 0.985048 6.296911 -97.905347 -0.212806 -0.287759 0.518801 12.966656
0 1 0.439238 1.034028 6.280955 -97.906306 -0.213075 -0.296958 0.517372 12.960872
0 1 0.439238 1.082205 6.280861 -97.906305 -0.213339 -0.306006 0.517423 12.960897
0 1 0.439238 1.130660 6.280860 -97.906305 -0.213605 -0.315107 0.517423 12.960897
0 1 0.439238 1.177999 6.280860 -97.906305 -0.213865 -0.323998 0.517423 12.960897
0 1 0.785044 1.233730 6.280860 -97.906305 -0.382731 -0.416637 0.517423 12.960897
0 1 0.785044 1.287468 6.280860 -97.906305 -0.383258 -0.426844 0.517423 12.960897
0 1 0.785044 1.335925 6.280860 -97.906305 -0.383733 -0.436048 0.517423 12.960897
0 1 0.585761 1.225226 6.280860 -97.906305 -0.286693 -0.366875 0.517423 12.960897
0 1 0.585761 1.275099 6.280860 -97.906305 -0.287058 -0.376224 0.517423 12.960897
0 1 0.585761 1.324398 6.280860 -97.906305 -0.287419 -0.385465 0.517423 12.960897
0 1 0.585761 1.376018 6.280860 -97.906305 -0.287797 -0.395142 0.517423 12.960897
0 1 0.585761 1.426548 6.280860 -97.906305 -0.288167 -0.404614 0.517423 12.960897
0 1 0.585761 1.477963 6.280860 -97.906305 -0.288543 -0.414252 0.517423 12.960897
0 1 0.585761 1.530106 6.280860 -97.906305 -0.288925 -0.424027 0.517423 12.960897
0 1 0.585761 1.580384 6.280860 -97.906305 -0.289293 -0.433452 0.517423 12.960897
0 1 0.585761 1.631436 6.280860 -97.906305 -0.289667 -0.443022 0.517423 12.960897
0 1 1.222324 1.698801 6.280860 -97.906305 -0.605254 -0.607494 0.517423 12.960897
0 1 1.222324 1.749919 6.280860 -97.906305 -0.606035 -0.617276 0.517423 12.960897
0 1 1.222324 1.802124 6.280860 -97.906305 -0.606832 -0.627266 0.517423 12.960897
0 1 0.867017 1.563656 6.280860 -97.906305 -0.430981 -0.495725 0.517423 12.960897
0 1 0.867017 1.615372 6.280860 -97.906305 -0.431541 -0.505392 0.517423 12.960897
0 1 0.867017 1.666857 6.280860 -97.906305 -0.432099 -0.515015 0.517423 12.960897
0 1 0.867017 1.717120 6.313079 -97.904374 -0.432644 -0.524410 0.520213 12.962304
0 1 0.867017 1.767881 6.313270 -97.904376 -0.433194 -0.533899 0.520110 12.962254
0 1 0.867017 1.820383 6.297313 -97.905339 -0.433763 -0.543712 0.518681 12.956471
0 1 0.867017 1.872099 6.297219 -97.905338 -0.434324 -0.553379 0.518732 12.956495
0 1 0.867017 1.923293 6.297218 -97.905337 -0.434879 -0.562948 0.518732 12.956496
0 1 0.867017 1.974130 6.297218 -97.905337 -0.435430 -0.572451 0.518732 12.956496
0 1 1.799362 2.058952 6.297218 -97.905337 -0.904844 -0.810424 0.518732 12.956496
0 1 1.799362 2.109632 6.297218 -97.905337 -0.905984 -0.820185 0.518732 12.956496
0 1 1.799362 2.161368 6.297218 -97.905337 -0.907147 -0.830148 0.518732 12.956496
0 1 1.302540 1.808388 6.297218 -97.905337 -0.657519 -0.643250 0.518732 12.956496
0 1 1.302540 1.859188 6.297218 -97.905337 -0.658346 -0.652718 0.518732 12.956496
0 1 1.302540 1.911191 6.297218 -97.905337 -0.659193 -0.662411 0.518732 12.956496
0 1 1.302540 1.962743 6.297218 -97.905337 -0.660032 -0.672019 0.518732 12.956496
0 1 1.302540 2.013386 6.297218 -97.905337 -0.660857 -0.681458 0.518732 12.956496
0 1 1.302540 2.063778 6.297218 -97.905337 -0.661677 -0.690850 0.518732 12.956496
0 1 1.302540 2.112949 6.313176 -97.904376 -0.662478 -0.700015 0.520161 12.962279
0 1 1.302540 2.163467 6.313270 -97.904377 -0.663300 -0.709430 0.520110 12.962254
0 1 1.302540 2.212986 6.313271 -97.904377 -0.664106 -0.718660 0.520110 12.962254
0 1 2.567130 2.327727 6.313271 -97.904377 -1.310509 -1.039019 0.520110 12.962254
0 1 2.567130 2.377308 6.313271 -97.904377 -1.312100 -1.048637 0.520110 12.962254
0 1 2.567130 2.425914 6.313271 -97.904377 -1.313660 -1.058067 0.520110 12.962254
0 1 1.929587 1.954465 6.313271 -97.904377 -0.988632 -0.817728 0.520110 12.962254
0 1 1.929587 2.003908 6.313271 -97.904377 -0.989824 -0.826925 0.520110 12.962254
0 1 1.929587 2.052296 6.313271 -97.904377 -0.990991 -0.835927 0.520110 12.962254
0 1 1.929587 2.101886 6.313271 -97.904377 -0.992187 -0.845151 0.520110 12.962254
0 1 1.929587 2.150324 6.313271 -97.904377 -0.993356 -0.854162 0.520110 12.962254
0 1 1.929587 2.198799 6.313271 -97.904377 -0.994525 -0.863180 0.520110 12.962254
0 1 1.929587 2.247497 6.297313 -97.905339 -0.995699 -0.872239 0.518681 12.956471
0 1 1.929587 2.293671 6.297219 -97.905338 -0.996813 -0.880828 0.518732 12.956495
0 1 1.929587 2.341693 6.297218 -97.905337 -0.997971 -0.889761 0.518732 12.956496
0 1 3.431733 2.490248 6.297218 -97.905337 -1.776815 -1.267988 0.518732 12.956496
0 1 3.431733 2.536540 6.297218 -97.905337 -1.778801 -1.277012 0.518732 12.956496
0 1 3.431733 2.581160 6.297218 -97.905337 -1.780715 -1.285711 0.518732 12.956496
0 1 1.951555 1.457217 6.297218 -97.905337 -1.013732 -0.730616 0.518732 12.956496
0 1 1.951555 1.502471 6.297218 -97.905337 -1.014836 -0.738601 0.518732 12.956496
0 1 1.951555 1.546892 6.297218 -97.905337 -1.015919 -0.746439 0.518732 12.956496
0 1 1.951555 1.590118 6.297218 -97.905337 -1.016974 -0.754066 0.518732 12.956496
0 1 1.951555 1.633111 6.297218 -97.905337 -1.018022 -0.761653 0.518732 12.956496
0 1 1.951555 1.677423 6.297218 -97.905337 -1.019103 -0.769471 0.518732 12.956496
0 1 1.951555 1.721187 6.313176 -97.904376 -1.020171 -0.777194 0.520161 12.962279
0 1 1.951555 1.764576 6.313270 -97.904377 -1.021229 -0.784849 0.520110 12.962254
0 1 1.951555 1.805978 6.313271 -97.904377 -1.022239 -0.792155 0.520110 12.962254
0 1 1.951555 1.848228 6.313271 -97.904377 -1.023270 -0.799610 0.520110 12.962254
0 1 3.570976 2.000675 6.313271 -97.904377 -1.874210 -1.212571 0.520110 12.962254
0 1 3.570976 2.040659 6.313271 -97.904377 -1.875995 -1.220012 0.520110 12.962254
0 1 2.805282 1.500194 6.313271 -97.904377 -1.475167 -0.945282 0.520110 12.962254
0 1 2.805282 1.539389 6.313271 -97.904377 -1.476541 -0.952202 0.520110 12.962254
0 1 2.805282 1.578911 6.313271 -97.904377 -1.477927 -0.959179 0.520110 12.962254
0 1 2.805282 1.617735 6.313271 -97.904377 -1.479288 -0.966033 0.520110 12.962254
0 1 2.805282 1.655315 6.313271 -97.904377 -1.480606 -0.972668 0.520110 12.962254
0 1 2.805282 1.691421 6.313271 -97.904377 -1.481872 -0.979042 0.520110 12.962254
0 1 2.805282 1.726893 6.313271 -97.904377 -1.483116 -0.985304 0.520110 12.962254
0 1 2.805282 1.763360 6.313271 -97.904377 -1.484395 -0.991742 0.520110 12.962254
0 1 2.805282 1.798501 6.313271 -97.904377 -1.485627 -0.997946 0.520110 12.962254
0 1 2.805282 1.833735 6.313271 -97.904377 -1.486863 -1.004166 0.520110 12.962254
0 1 5.873907 2.196716 6.313271 -97.904377 -3.115755 -1.769101 0.520110 12.962254
0 1 5.873907 2.229712 6.313271 -97.904377 -3.118177 -1.775517 0.520110 12.962254
0 1 5.873907 2.263092 6.313271 -97.904377 -3.120628 -1.782007 0.520110 12.962254
0 1 5.172707 1.720917 6.313271 -97.904377 -2.750177 -1.538438 0.520110 12.962254
0 1 5.172707 1.752013 6.313271 -97.904377 -2.752187 -1.544211 0.520110 12.962254
0 1 5.172707 1.781843 6.313271 -97.904377 -2.754116 -1.549750 0.520110 12.962254
0 1 5.172707 1.811806 6.313271 -97.904377 -2.756054 -1.555313 0.520110 12.962254
0 1 5.172707 1.842331 6.313271 -97.904377 -2.758027 -1.560980 0.520110 12.962254
0 1 5.172707 1.874450 6.297313 -97.905339 -2.760104 -1.566944 0.518681 12.956471
0 1 5.172707 1.901531 6.297219 -97.905338 -2.761855 -1.571972 0.518732 12.956495
0 1 5.172707 1.928986 6.297218 -97.905337 -2.763630 -1.577069 0.518732 12.956496
0 1 5.172707 1.955021 6.297218 -97.905337 -2.765314 -1.581903 0.518732 12.956496
0 1 6.555086 2.179931 6.297218 -97.905337 -3.506443 -1.924414 0.518732 12.956496
0 1 6.555086 2.205018 6.297218 -97.905337 -3.508499 -1.929269 0.518732 12.956496
0 1 6.555086 2.229333 6.297218 -97.905337 -3.510491 -1.933976 0.518732 12.956496
0 1 5.902139 1.720031 6.297218 -97.905337 -3.162492 -1.710951 0.518732 12.956496
0 1 5.902139 1.743202 6.297218 -97.905337 -3.164201 -1.715246 0.518732 12.956496
0 1 5.902139 1.765060 6.264999 -97.907263 -3.165814 -1.719299 0.515942 12.955089
0 1 5.902139 1.786400 6.264808 -97.907261 -3.167388 -1.723255 0.516045 12.955138
0 1 5.902139 1.806181 6.264807 -97.907261 -3.168848 -1.726922 0.516046 12.955138
0 1 5.902139 1.825990 6.280765 -97.906304 -3.170309 -1.730595 0.517475 12.960921
0 1 5.902139 1.845173 6.280859 -97.906305 -3.171724 -1.734151 0.517424 12.960897
0 1 5.902139 1.863593 6.280860 -97.906305 -3.173083 -1.737566 0.517423 12.960897
0 1 5.902139 1.880724 6.280860 -97.906305 -3.174347 -1.740742 0.517423 12.960897
0 1 7.139282 2.093222 6.280860 -97.906305 -3.841144 -2.045981 0.517423 12.960897
0 1 7.139282 2.109176 6.280860 -97.906305 -3.842568 -2.049051 0.517423 12.960897
0 1 7.139282 2.124109 6.280860 -97.906305 -3.843901 -2.051924 0.517423 12.960897
0 1 6.570275 1.676648 6.280860 -97.906305 -3.538661 -1.860806 0.517423 12.960897
0 1 6.570275 1.689537 6.280860 -97.906305 -3.539719 -1.863194 0.517423 12.960897
0 1 6.570275 1.701974 6.280860 -97.906305 -3.540741 -1.865499 0.517423 12.960897
0 1 6.570275 1.713820 6.280860 -97.906305 -3.541714 -1.867694 0.517423 12.960897
0 1 6.570275 1.724824 6.280860 -97.906305 -3.542617 -1.869733 0.517423 12.960897
0 1 6.570275 1.734779 6.280860 -97.906305 -3.543435 -1.871578 0.517423 12.960897
0 1 6.570275 1.743913 6.280860 -97.906305 -3.544185 -1.873270 0.517423 12.960897
0 1 6.570275 1.752326 6.280860 -97.906305 -3.544876 -1.874829 0.517423 12.960897
0 1 6.570275 1.759709 6.280860 -97.906305 -3.545482 -1.876198 0.517423 12.960897
0 1 7.689299 1.959370 6.280860 -97.906305 -4.149964 -2.150339 0.517423 12.960897
0 1 7.689299 1.965082 6.280860 -97.906305 -4.150513 -2.151433 0.517423 12.960897
0 1 7.689299 1.970121 6.280860 -97.906305 -4.150998 -2.152399 0.517423 12.960897
0 1 7.212383 1.588486 6.280860 -97.906305 -3.893909 -1.994491 0.517423 12.960897
0 1 7.212383 1.591834 6.280860 -97.906305 -3.894211 -1.995112 0.517423 12.960897
0 1 7.212383 1.594387 6.280860 -97.906305 -3.894441 -1.995586 0.517423 12.960897
0 1 7.212383 1.596072 6.313079 -97.904374 -3.894593 -1.995899 0.520213 12.962304
0 1 7.212383 1.597014 6.313270 -97.904376 -3.894678 -1.996074 0.520110 12.962254
1 1 -0.000000 0.000000 6.313271 -97.904377 0.000000 -0.000000 0.520110 12.962254
1 1 -0.000000 -0.000000 6.313271 -97.904377 0.000000 0.000000 0.520110 12.962254
1 1 0.000000 -0.000000 6.313271 -97.904377 -0.000000 0.000000 0.520110 12.962254
1 1 -0.000000 0.000000 6.313271 -97.904377 0.000000 -0.000000 0.520110 12.962254
1 1 -0.000000 -0.000000 6.313271 -97.904377 0.000000 0.000000 0.520110 12.962254
1 1 -0.000000 -0.000000 6.313271 -97.904377 0.000000 0.000000 0.520110 12.962254
1 1 -0.000000 -0.000000 6.313271 -97.904377 0.000000 0.000000 0.520110 12.962254
1 1 -0.000000 0.000000 6.313271 -97.904377 0.000000 -0.000000 0.520110 12.962254
1 1 -0.000000 0.000000 6.313271 -97.904377 -0.000000 -0.000000 0.520110 12.962254
1 1 -0.000000 0.000000 6.313271 -97.904377 -0.000000 -0.000000 0.520110 12.962254
1 1 -0.000000 0.000000 6.313271 -97.904377 -0.000000 -0.000000 0.520110 12.962254
1 1 -0.000000 0.000000 6.313271 -97.904377 -0.000000 -0.000000 0.520110 12.962254
1 1 -0.000000 0.000000 6.313271 -97.904377 -0.000000 -0.000000 0.520110 12.962254
1 1 -0.000000 0.000000 6.313271 -97.904377 -0.000000 -0.000000 0.520110 12.962254
1 1 -0.000000 0.000000 6.313271 -97.904377 -0.000000 -0.000000 0.520110 12.962254
1 1 -0.000000 0.000000 6.313271 -97.904377 -0.000000 -0.000000 0.520110 12.962254
1 1 -0.000000 -0.000000 6.313271 -97.904377 0.000000 0.000000 0.520110 12.962254
1 1 -0.000000 -0.000000 6.313271 -97.904377 0.000000 0.000000 0.520110 12.962254
1 1 -0.000000 -0.000000 6.313271 -97.904377 0.000000 0.000000 0.520110 12.962254
1 1 0.000000 0.000000 6.313271 -97.904377 -0.000000 -0.000000 0.520110 12.962254
1 1 0.000000 0.000000 6.313271 -97.904377 -0.000000 -0.000000 0.520110 12.962254
1 1 0.000000 0.000000 6.313271 -97.904377 -0.000000 -0.000000 0.520110 12.962254
1 1 -0.000000 -0.000000 6.281052 -97.906307 0.000000 0.000000 0.517320 12.960847
1 1 -0.000000 -0.000000 6.280861 -97.906305 0.000000 0.000000 0.517423 12.960896
1 1 -0.000000 -0.000000 6.280860 -97.906305 0.000000 0.000000 0.517423 12.960897
1 1 0.000000 -0.000000 6.280860 -97.906305 0.000000 0.000000 0.517423 12.960897
1 1 -0.000000 -0.000000 6.280860 -97.906305 0.000000 0.000000 0.517423 12.960897
1 1 -0.000000 -0.000000 6.280860 -97.906305 0.000000 0.000000 0.517423 12.960897
1 1 -0.000000 -0.000000 6.280860 -97.906305 0.000000 0.000000 0.517423 12.960897
1 1 -0.000000 -0.000000 6.280860 -97.906305 0.000000 0.000000 0.517423 12.960897
1 1 -0.000000 -0.000000 6.280860 -97.906305 0.000000 0.000000 0.517423 12.960897
1 1 -0.000000 -0.000000 6.280860 -97.906305 0.000000 0.000000 0.517423 12.960897
1 1 -0.000000 -0.000000 6.280860 -97.906305 0.000000 0.000000 0.517423 12.960897
1 1 -0.000000 -0.000000 6.280860 -97.906305 0.000000 0.000000 0.517423 12.960897
1 1 -0.000000 0.000000 6.313079 -97.904374 0.000000 -0.000000 0.520213 12.962304
1 1 -0.000000 0.000000 6.313270 -97.904376 -0.000000 -0.000000 0.520110 12.962254
1 1 0.000000 0.000000 6.313271 -97.904377 -0.000000 -0.000000 0.520110 12.962254
1 1 0.000000 0.000000 6.313271 -97.904377 -0.000000 -0.000000 0.520110 12.962254
1 1 -0.000000 0.000000 6.313271 -97.904377 -0.000000 -0.000000 0.520110 12.962254
1 1 0.000000 -0.000000 6.313271 -97.904377 -0.000000 0.000000 0.520110 12.962254
1 1 -0.000000 0.000000 6.313271 -97.904377 0.000000 -0.000000 0.520110 12.962254
1 1 -0.000000 0.000000 6.313271 -97.904377 -0.000000 -0.000000 0.520110 12.962254
1 1 -0.000000 0.000000 6.313271 -97.904377 -0.000000 -0.000000 0.520110 12.962254
1 1 -0.000000 0.000000 6.313271 -97.904377 -0.000000 -0.000000 0.520110 12.962254
1 1 0.000000 0.000000 6.313271 -97.904377 -0.000000 -0.000000 0.520110 12.962254
1 1 0.000000 0.000000 6.313271 -97.904377 -0.000000 -0.000000 0.520110 12.962254
1 1 0.000000 0.000000 6.313271 -97.904377 -0.000000 -0.000000 0.520110 12.962254
1 1 -0.000000 -0.000000 6.281052 -97.906307 0.000000 0.000000 0.517320 12.960847
1 1 -0.000000 0.000000 6.280861 -97.906305 0.000000 0.000000 0.517423 12.960896
1 1 -0.000000 -0.000000 6.280860 -97.906305 0.000000 0.000000 0.517423 12.960897
1 1 -0.000000 0.000000 6.280860 -97.906305 0.000000 -0.000000 0.517423 12.960897
1 1 0.000000 -0.000000 6.280860 -97.906305 -0.000000 -0.000000 0.517423 12.960897
1 1 0.000000 -0.000000 6.280860 -97.906305 0.000000 0.000000 0.517423 12.960897
1 1 -0.000000 -0.000000 6.280860 -97.906305 0.000000 0.000000 0.517423 12.960897
1 1 -0.000000 -0.000000 6.280860 -97.906305 0.000000 0.000000 0.517423 12.960897
1 1 -0.000000 -0.000000 6.280860 -97.906305 0.000000 0.000000 0.517423 12.960897
1 1 0.000000 -0.000000 6.280860 -97.906305 0.000000 0.000000 0.517423 12.960897
1 1 0.000000 -0.000000 6.280860 -97.906305 0.000000 0.000000 0.517423 12.960897
1 1 0.000000 -0.000000 6.280860 -97.906305 0.000000 0.000000 0.517423 12.960897
1 1 0.000000 0.000000 6.313079 -97.904374 -0.000000 -0.000000 0.520213 12.962304
1 1 -0.000000 -0.000000 6.313270 -97.904376 0.000000 0.000000 0.520110 12.962254
1 1 -0.000000 -0.000000 6.313271 -97.904377 0.000000 0.000000 0.520110 12.962254
1 1 0.000000 0.000000 6.313271 -97.904377 -0.000000 -0.000000 0.520110 12.962254
1 1 0.000000 0.000000 6.313271 -97.904377 -0.000000 -0.000000 0.520110 12.962254
1 1 -0.000000 -0.000000 6.313271 -97.904377 0.000000 0.000000 0.520110 12.962254
1 1 0.000000 -0.000000 6.313271 -97.904377 0.000000 0.000000 0.520110 12.962254
1 1 0.000000 -0.000000 6.313271 -97.904377 0.000000 0.000000 0.520110 12.962254
1 1 0.000000 -0.000000 6.313271 -97.904377 0.000000 0.000000 0.520110 12.962254
1 1 0.000000 -0.000000 6.313271 -97.904377 0.000000 0.000000 0.520110 12.962254
1 1 0.000000 -0.000000 6.313271 -97.904377 0.000000 0.000000 0.520110 12.962254
1 1 0.000000 -0.000000 6.313271 -97.904377 0.000000 0.000000 0.520110 12.962254
1 1 0.000000 -0.000000 6.313271 -97.904377 0.000000 0.000000 0.520110 12.962254
1 1 0.000000 -0.000000 6.313271 -97.904377 0.000000 0.000000 0.520110 12.962254
1 1 0.000000 -0.000000 6.313271 -97.904377 0.000000 0.000000 0.520110 12.962254
1 1 -0.000000 -0.000000 6.297313 -97.905339 0.000000 0.000000 0.518681 12.956471
1 1 -0.000000 -0.000000 6.297219 -97.905338 0.000000 0.000000 0.518732 12.956495
1 1 0.000000 -0.000000 6.297218 -97.905337 0.000000 0.000000 0.518732 12.956496
1 1 -0.000000 -0.000000 6.297218 -97.905337 0.000000 0.000000 0.518732 12.956496
1 1 -0.000000 -0.000000 6.297218 -97.905337 0.000000 0.000000 0.518732 12.956496
1 1 -0.000000 -0.000000 6.297218 -97.905337 0.000000 0.000000 0.518732 12.956496
1 1 -0.000000 -0.000000 6.297218 -97.905337 0.000000 0.000000 0.518732 12.956496
1 1 -0.000000 -0.000000 6.297218 -97.905337 0.000000 0.000000 0.518732 12.956496
1 1 -0.000000 -0.000000 6.297218 -97.905337 0.000000 0.000000 0.518732 12.956496
1 1 -0.000000 -0.000000 6.297218 -97.905337 0.000000 0.000000 0.518732 12.956496
1 1 -0.000000 -0.000000 6.297218 -97.905337 0.000000 0.000000 0.518732 12.956496
1 1 -0.000000 -0.000000 6.297218 -97.905337 0.000000 0.000000 0.518732 12.956496
1 1 -0.000000 -0.000000 6.297218 -97.905337 0.000000 0.000000 0.518732 12.956496
1 1 -0.000000 -0.000000 6.297218 -97.905337 0.000000 0.000000 0.518732 12.956496
1 1 -0.000000 -0.000000 6.297218 -97.905337 0.000000 0.000000 0.518732 12.956496
1 1 -0.000000 -0.000000 6.297218 -97.905337 0.000000 0.000000 0.518732 12.956496
1 1 0.000000 0.000000 6.297218 -97.905337 -0.000000 -0.000000 0.518732 12.956496
1 1 0.000000 0.000000 6.297218 -97.905337 -0.000000 -0.000000 0.518732 12.956496
1 1 0.000000 0.000000 6.297218 -97.905337 -0.000000 -0.000000 0.518732 12.956496
1 1 0.000000 0.000000 6.297218 -97.905337 -0.000000 -0.000000 0.518732 12.956496
1 1 0.000000 0.000000 6.297218 -97.905337 -0.000000 -0.000000 0.518732 12.956496
1 1 0.000000 0.000000 6.297218 -97.905337 -0.000000 -0.000000 0.518732 12.956496
1 1 0.000000 0.000000 6.297218 -97.905337 -0.000000 -0.000000 0.518732 12.956496
1 0 13.577285 -95.431466 3.201481 0.015247 1.197800 13.787730 -1.728798 -0.835733
1 0 13.903680 -97.136329 3.209425 0.019077 1.175039 14.013846 -1.733059 -0.838191
1 0 13.910058 -97.166995 3.209425 0.017557 1.174362 14.017791 -1.732998 -0.837965
1 0 13.910176 -97.167548 3.209425 0.015146 1.174349 14.017861 -1.732901 -0.837605
1 0 13.910178 -97.167558 3.209425 0.011848 1.174348 14.017862 -1.732769 -0.837113
1 0 13.274323 -97.251718 3.209425 0.007868 1.116868 13.988800 -1.732609 -0.836519
1 0 13.270400 -97.251681 3.209425 0.002937 1.118934 13.989744 -1.732411 -0.835784
1 0 13.270374 -97.251671 3.209425 -0.002821 1.118947 13.989749 -1.732180 -0.834925
1 0 13.270374 -97.251671 3.209425 -0.009306 1.118947 13.989749 -1.731920 -0.833957
1 0 13.270374 -97.251671 3.209425 -0.016758 1.118947 13.989749 -1.731621 -0.832845
1 0 13.270374 -97.251671 3.209425 -0.024833 1.118947 13.989749 -1.731297 -0.831641
1 0 13.270374 -97.251671 3.209425 -0.033597 1.118947 13.989749 -1.730946 -0.830333
1 0 13.270374 -97.251671 3.209425 -0.043460 1.118947 13.989749 -1.730550 -0.828862
1 0 13.270374 -97.251671 3.201481 -0.058425 1.118947 13.989749 -1.725850 -0.824750
1 0 13.270374 -97.251671 3.201481 -0.069549 1.118947 13.989749 -1.725405 -0.823091
1 0 13.270374 -97.251671 3.201481 -0.081879 1.118947 13.989749 -1.724911 -0.821253
1 0 13.270374 -97.251671 3.201481 -0.095235 1.118947 13.989749 -1.724377 -0.819262
1 0 12.697543 -97.323936 3.201481 -0.109107 1.067341 13.963655 -1.723822 -0.817194
1 0 12.694015 -97.323901 3.201481 -0.123519 1.069201 13.964508 -1.723245 -0.815045
1 0 12.693992 -97.323892 3.201481 -0.138532 1.069212 13.964512 -1.722644 -0.812807
1 0 12.693992 -97.323892 3.201481 -0.154757 1.069212 13.964512 -1.721995 -0.810388
1 0 12.693992 -97.323892 3.201481 -0.171688 1.069212 13.964512 -1.721317 -0.807864
1 0 12.693992 -97.323892 3.201481 -0.189679 1.069212 13.964512 -1.720597 -0.805182
1 0 12.693992 -97.323892 3.201481 -0.207804 1.069212 13.964512 -1.719872 -0.802480
1 0 12.693992 -97.323892 3.201481 -0.227262 1.069212 13.964512 -1.719093 -0.799579
1 0 12.693992 -97.323892 3.201481 -0.247052 1.069212 13.964512 -1.718301 -0.796629
1 0 12.693992 -97.323892 3.201481 -0.268452 1.069212 13.964512 -1.717445 -0.793438
1 0 12.693992 -97.323892 3.201481 -0.290190 1.069212 13.964512 -1.716575 -0.790198
1 0 12.693992 -97.323892 3.201481 -0.313054 1.069212 13.964512 -1.715660 -0.786789
1 0 12.184332 -97.385373 3.201481 -0.335964 1.023427 13.941360 -1.714743 -0.783374
1 0 12.181198 -97.385340 3.201481 -0.359282 1.025080 13.942120 -1.713810 -0.779897
1 0 12.181177 -97.385333 3.201481 -0.384455 1.025091 13.942124 -1.712803 -0.776145
1 0 10.202619 -97.600417 3.201481 -0.410279 0.838303 13.214635 -1.711769 -0.772295
1 0 10.190799 -97.600588 3.201481 -0.435834 0.844655 13.217649 -1.710746 -0.768485
1 0 10.190726 -97.600570 3.201481 -0.462870 0.844693 13.217664 -1.709665 -0.764454
1 0 10.190726 -97.600569 3.201481 -0.489840 0.844693 13.217664 -1.708585 -0.760434
1 0 10.190726 -97.600569 3.201481 -0.517346 0.844693 13.217664 -1.707484 -0.756333
1 0 10.190726 -97.600569 3.201481 -0.546723 0.844693 13.217664 -1.706309 -0.751953
1 0 10.190726 -97.600569 3.854833 -0.188822 0.844693 13.217664 -2.053078 -0.955162
1 0 10.190726 -97.600569 3.854833 -0.218585 0.844693 13.217664 -2.051644 -0.950482
1 0 10.190726 -97.600569 3.854833 -0.248739 0.844693 13.217664 -2.050191 -0.945741
1 0 11.280314 -97.487920 3.854833 -0.279710 0.940616 13.266178 -2.048699 -0.940870
1 0 11.286878 -97.488144 3.854833 -0.311787 0.937117 13.264571 -2.047153 -0.935826
1 0 11.286919 -97.488161 3.854833 -0.345023 0.937096 13.264563 -2.045552 -0.930600
1 0 11.192479 -97.498472 3.854833 -0.377710 0.928250 13.229757 -2.043976 -0.925460
1 0 11.191912 -97.498464 3.854833 -0.412673 0.928553 13.229898 -2.042292 -0.919962
1 0 11.191909 -97.498462 3.854833 -0.448355 0.928555 13.229898 -2.040572 -0.914351
1 0 11.191909 -97.498462 3.756869 -0.492907 0.928555 13.229898 -1.987032 -0.883955
1 0 11.191909 -97.498462 3.756869 -0.529578 0.928555 13.229898 -1.985310 -0.878210
1 0 11.191909 -97.498462 3.756869 -0.566593 0.928555 13.229898 -1.983572 -0.872411
1 0 11.191909 -97.498462 4.090902 -0.394749 0.928555 13.229898 -2.158070 -0.972492
1 0 11.191909 -97.498462 4.090902 -0.432949 0.928555 13.229898 -2.156117 -0.966348
1 0 11.191909 -97.498462 4.090902 -0.472214 0.928555 13.229898 -2.154109 -0.960033
1 0 11.256049 -97.491529 4.090902 -0.510173 0.934211 13.232762 -2.152168 -0.953928
1 0 11.256435 -97.491537 4.090902 -0.549789 0.934005 13.232667 -2.150142 -0.947556
1 0 11.256437 -97.491538 4.090902 -0.589435 0.934004 13.232666 -2.148115 -0.941179
1 0 11.256437 -97.491538 4.090902 -0.628903 0.934004 13.232666 -2.146097 -0.934831
1 0 11.256437 -97.491538 4.090902 -0.669700 0.934004 13.232666 -2.144010 -0.928270
1 0 11.256437 -97.491538 4.090902 -0.711645 0.934004 13.232666 -2.141866 -0.921523
1 0 11.256437 -97.491538 3.798277 -0.779743 0.934004 13.232666 -1.986710 -0.841998
1 0 11.256437 -97.491538 3.798277 -0.822810 0.934004 13.232666 -1.984665 -0.835146
1 0 11.256437 -97.491538 3.798277 -0.865058 0.934004 13.232666 -1.982659 -0.828424
1 0 11.256437 -97.491538 4.405589 -0.515050 0.934004 13.232666 -2.297316 -1.013034
1 0 11.256437 -97.491538 4.405589 -0.559333 0.934004 13.232666 -2.294877 -1.005653
1 0 11.256437 -97.491538 4.405589 -0.603044 0.934004 13.232666 -2.292470 -0.998367
1 0 11.256437 -97.491538 4.405589 -0.648894 0.934004 13.232666 -2.289945 -0.990724
1 0 11.192296 -97.498470 4.405589 -0.694561 0.928347 13.229802 -2.287430 -0.983112
1 0 11.191911 -97.498463 4.405589 -0.740817 0.928553 13.229898 -2.284883 -0.975402
1 0 11.191909 -97.498462 4.405589 -0.785500 0.928555 13.229898 -2.282422 -0.967954
1 0 11.207652 -97.496750 4.405589 -0.832236 0.930028 13.235701 -2.279848 -0.960163
1 0 11.207747 -97.496751 4.405589 -0.879594 0.929978 13.235677 -2.277240 -0.952269
1 0 11.207747 -97.496752 3.502491 -1.009831 0.929978 13.235677 -1.808427 -0.722991
1 0 11.207747 -97.496752 3.502491 -1.056595 0.929978 13.235677 -1.806379 -0.715447
1 0 11.207747 -97.496752 3.502491 -1.103330 0.929978 13.235677 -1.804333 -0.707907
1 0 11.207747 -97.496752 4.038169 -0.800746 0.929978 13.235677 -2.077808 -0.869092
1 0 11.207747 -97.496752 4.038169 -0.854193 0.929978 13.235677 -2.075110 -0.860112
1 0 11.207747 -97.496752 4.038169 -0.901615 0.929978 13.235677 -2.072716 -0.852144
1 0 11.207747 -97.496752 4.038169 -0.951542 0.929978 13.235677 -2.070196 -0.843756
1 0 11.079615 -97.510497 4.038169 -1.000786 0.918683 13.229961 -2.067710 -0.835482
1 0 11.078846 -97.510484 4.038169 -1.050282 0.919095 13.230152 -2.065212 -0.827166
1 0 11.078841 -97.510482 4.038169 -1.100210 0.919097 13.230153 -2.062691 -0.818777
1 0 11.157566 -97.501983 4.038169 -1.150853 0.926465 13.259156 -2.060135 -0.810268
1 0 11.158039 -97.501991 4.038169 -1.201958 0.926213 13.259038 -2.057556 -0.801682
1 0 11.158042 -97.501992 3.429462 -1.306906 0.926211 13.259038 -1.745224 -0.645757
1 0 11.158042 -97.501992 3.429462 -1.357450 0.926211 13.259038 -1.743057 -0.637447