1 0 1 -0.554 -0.673 -0.006 -13.349	2 0.742 0.640 0.028 -16.734	3 0.554 0.636 -0.006 -15.530	4 -0.742 -0.604 0.006 9.727
2 0 1 -0.554 -0.673 -0.176 -13.376	2 0.742 0.640 -0.176 -16.734	3 0.554 0.636 -0.017 -15.538	4 -0.742 -0.604 -0.051 9.736
2 0 1 -0.554 -0.673 -0.017 -13.349	2 0.742 0.640 0.017 -16.752	3 0.554 0.636 0.017 -15.547	4 -0.742 -0.604 -0.017 9.727
3 0 1 -0.554 -0.673 -0.176 -13.367	2 0.742 0.640 -0.006 -16.743	3 0.554 0.636 0.006 -15.556	4 -0.742 -0.604 0.176 9.727
4 0 1 -0.554 -0.673 0.017 -13.332	2 0.742 0.640 0.017 -16.743	3 0.554 0.636 -0.006 -15.618	4 -0.742 -0.604 -0.017 9.745
5 0 1 -0.554 -0.673 -0.176 -13.226	2 0.742 0.640 0.017 -16.752	3 0.554 0.636 0.006 -15.600	4 -0.742 -0.604 0.176 9.719
5 0 1 -0.554 -0.673 0.028 -13.314	2 0.741 0.640 -0.176 -16.778	3 0.554 0.636 -0.006 -15.591	4 -0.741 -0.604 -0.017 9.807
6 0 1 -0.554 -0.673 -0.176 -13.305	2 0.741 0.640 -0.006 -16.796	3 0.553 0.636 0.006 -15.618	4 -0.741 -0.604 -0.017 9.798
7 0 1 -0.553 -0.673 -0.176 -13.191	2 0.741 0.640 0.017 -16.822	3 0.553 0.635 -0.028 -15.670	4 -0.741 -0.604 -0.028 9.789
8 0 1 -0.553 -0.673 -0.176 -13.121	2 0.741 0.640 -0.176 -16.892	3 0.553 0.635 -0.017 -15.723	4 -0.741 -0.604 -0.028 9.868
8 0 1 -0.553 -0.673 -0.176 -13.103	2 0.741 0.640 0.017 -16.927	3 0.552 0.636 -0.006 -15.881	4 -0.741 -0.604 0.006 9.947
9 0 1 -0.552 -0.673 -0.176 -13.024	2 0.741 0.640 0.017 -16.963	3 0.552 0.635 -0.028 -15.916	4 -0.740 -0.604 -0.040 9.991
10 0 1 -0.552 -0.673 -0.017 -12.831	2 0.740 0.640 0.017 -17.024	3 0.552 0.635 -0.006 -16.013	4 -0.740 -0.604 0.176 9.991
11 0 1 -0.551 -0.673 0.017 -12.796	2 0.740 0.640 -0.017 -17.077	3 0.551 0.635 -0.017 -16.171	4 -0.740 -0.604 0.006 10.070
11 0 1 -0.551 -0.673 -0.176 -12.743	2 0.739 0.640 0.017 -17.130	3 0.550 0.635 -0.028 -16.321	4 -0.739 -0.604 -0.028 10.202
12 0 1 -0.550 -0.673 -0.028 -12.523	2 0.739 0.640 -0.006 -17.200	3 0.548 0.635 -0.028 -16.409	4 -0.738 -0.603 0.006 10.308
13 0 1 -0.548 -0.673 -0.176 -12.259	2 0.738 0.640 0.017 -17.367	3 0.548 0.635 -0.017 -16.532	4 -0.738 -0.604 -0.040 10.325
14 0 1 -0.547 -0.673 -0.017 -12.084	2 0.738 0.640 0.028 -17.473	3 0.547 0.635 -0.051 -16.787	4 -0.738 -0.603 -0.028 10.457
14 0 1 -0.547 -0.673 0.017 -12.004	2 0.737 0.640 -0.176 -17.552	3 0.545 0.635 0.006 -17.033	4 -0.737 -0.603 0.176 10.624
15 0 1 -0.545 -0.673 -0.176 -11.749	2 0.737 0.640 0.028 -17.684	3 0.543 0.635 0.017 -17.200	4 -0.735 -0.603 -0.017 10.782
16 0 1 -0.543 -0.673 -0.176 -11.389	2 0.735 0.640 -0.006 -17.859	3 0.543 0.635 -0.006 -17.376	4 -0.734 -0.603 -0.028 10.818
17 0 1 -0.541 -0.673 -0.176 -11.073	2 0.734 0.640 -0.040 18.000	3 0.541 0.634 -0.028 -17.710	4 -0.734 -0.603 0.176 10.941
17 0 1 -0.541 -0.673 -0.017 -11.011	2 0.733 0.639 -0.028 17.912	3 0.539 0.634 -0.040 17.903	4 -0.733 -0.602 0.176 11.037
18 0 1 -0.539 -0.672 0.028 -10.580	2 0.733 0.639 -0.006 17.842	3 0.536 0.633 0.176 17.684	4 -0.731 -0.602 0.176 11.204
19 0 1 -0.536 -0.672 0.017 -10.149	2 0.731 0.639 0.006 17.631	3 0.536 0.633 -0.017 17.446	4 -0.730 -0.601 0.017 11.204
20 0 1 -0.533 -0.672 0.017 -9.754	2 0.730 0.638 -0.017 17.411	3 0.533 0.633 -0.085 17.015	4 -0.730 -0.601 0.017 11.433
20 0 1 -0.533 -0.671 0.017 -9.675	2 0.728 0.638 -0.006 17.332	3 0.530 0.632 -0.017 16.541	4 -0.728 -0.600 0.017 11.582
21 0 1 -0.530 -0.671 0.017 -9.191	2 0.728 0.637 -0.028 17.305	3 0.526 0.632 -0.040 16.347	4 -0.726 -0.599 0.028 11.679
22 0 1 -0.526 -0.670 0.040 -8.611	2 0.726 0.636 -0.028 17.121	3 0.526 0.630 -0.040 16.171	4 -0.724 -0.598 0.017 11.626
23 0 1 -0.522 -0.670 -0.006 -8.163	2 0.724 0.635 -0.028 16.910	3 0.522 0.629 -0.051 15.626	4 -0.724 -0.596 0.040 11.767
23 0 1 -0.522 -0.668 0.062 -8.215	2 0.722 0.633 -0.062 17.015	3 0.518 0.628 -0.085 15.222	4 -0.722 -0.595 0.051 11.881
24 0 1 -0.518 -0.667 0.051 -7.802	2 0.722 0.632 -0.040 17.015	3 0.514 0.627 -0.028 14.923	4 -0.719 -0.594 0.040 11.952
25 0 1 -0.514 -0.665 0.096 -7.292	2 0.719 0.630 -0.131 17.121	3 0.514 0.625 -0.119 14.914	4 -0.717 -0.591 0.096 11.688
26 0 1 -0.509 -0.663 0.096 -7.116	2 0.717 0.627 -0.108 17.033	3 0.509 0.622 -0.108 14.404	4 -0.717 -0.588 0.062 11.591
26 0 1 -0.509 -0.660 0.062 -7.345	2 0.715 0.625 -0.085 17.314	3 0.504 0.621 -0.119 13.921	4 -0.715 -0.586 0.119 11.371
27 0 1 -0.504 -0.658 0.119 -6.897	2 0.715 0.622 -0.142 17.604	3 0.499 0.617 -0.119 14.123	4 -0.712 -0.582 0.096 11.099
28 0 1 -0.499 -0.654 0.142 -6.554	2 0.712 0.618 -0.131 17.868	3 0.499 0.614 -0.142 14.158	4 -0.710 -0.579 0.096 10.589
29 0 1 -0.493 -0.651 0.131 -6.466	2 0.710 0.615 -0.142 -17.982	3 0.493 0.611 -0.142 13.763	4 -0.710 -0.575 0.142 10.571
29 0 1 -0.493 -0.646 0.142 -6.862	2 0.707 0.610 -0.358 -17.305	3 0.488 0.606 -0.199 13.534	4 -0.707 -0.571 0.131 10.044
30 0 1 -0.488 -0.642 0.165 -6.615	2 0.707 0.606 -0.142 -16.708	3 0.482 0.601 -0.006 13.947	4 -0.704 -0.567 0.153 9.543
31 0 1 -0.482 -0.638 0.006 -6.404	2 0.704 0.601 -0.358 -16.233	3 0.482 0.596 -0.210 14.343	4 -0.702 -0.562 0.131 8.892
32 0 1 -0.475 -0.633 0.176 -6.343	2 0.702 0.596 -0.142 -15.952	3 0.475 0.591 -0.006 14.000	4 -0.702 -0.558 0.108 8.822
32 0 1 -0.475 -0.628 0.006 -7.134	2 0.699 0.592 -0.108 -15.547	3 0.469 0.587 -0.199 13.684	4 -0.699 -0.554 0.096 8.409
33 0 1 -0.469 -0.623 0.255 -7.011	2 0.699 0.588 -0.358 -15.029	3 0.462 0.582 -0.006 14.097	4 -0.696 -0.551 0.119 8.119
34 0 1 -0.462 -0.618 0.006 -6.448	2 0.696 0.584 -0.142 -14.642	3 0.462 0.577 -0.153 14.062	4 -0.694 -0.548 0.108 7.802
35 0 1 -0.455 -0.613 0.006 -6.484	2 0.694 0.580 -0.119 -14.378	3 0.455 0.572 -0.199 13.745	4 -0.694 -0.545 0.074 7.758
35 0 1 -0.455 -0.608 0.153 -6.949	2 0.691 0.577 -0.119 -13.991	3 0.448 0.567 -0.233 13.684	4 -0.691 -0.542 0.119 7.653
36 0 1 -0.448 -0.601 0.244 -6.888	2 0.691 0.572 -0.358 -13.385	3 0.441 0.561 -0.199 14.035	4 -0.688 -0.539 0.096 7.565
37 0 1 -0.441 -0.595 0.006 -6.905	2 0.688 0.569 -0.108 -13.138	3 0.441 0.556 -0.210 14.132	4 -0.686 -0.536 0.074 7.073
38 0 1 -0.434 -0.590 0.244 -6.932	2 0.686 0.565 -0.096 -12.857	3 0.434 0.551 -0.255 14.062	4 -0.686 -0.532 0.153 6.431
38 0 1 -0.434 -0.584 0.210 -7.371	2 0.684 0.561 -0.108 -12.505	3 0.426 0.545 -0.255 13.789	4 -0.684 -0.528 0.142 6.264
39 0 1 -0.426 -0.579 0.289 -7.407	2 0.684 0.558 -0.119 -11.978	3 0.419 0.538 -0.199 14.018	4 -0.681 -0.525 0.108 6.273
40 0 1 -0.419 -0.572 0.221 -6.985	2 0.681 0.554 -0.096 -11.908	3 0.419 0.532 -0.199 14.290	4 -0.679 -0.522 0.040 5.754
41 0 1 -0.411 -0.566 0.210 -6.914	2 0.679 0.551 -0.062 -11.679	3 0.411 0.527 -0.244 14.141	4 -0.679 -0.519 0.074 5.587
41 0 1 -0.411 -0.561 0.153 -7.802	2 0.677 0.549 -0.006 -11.591	3 0.404 0.521 -0.221 13.719	4 -0.677 -0.517 0.017 5.534
42 0 1 -0.404 -0.555 0.165 -7.108	2 0.677 0.548 -0.017 -11.582	3 0.396 0.515 -0.006 14.185	4 -0.676 -0.516 0.028 5.578
43 0 1 -0.396 -0.550 0.176 -6.800	2 0.676 0.548 -0.074 -11.521	3 0.396 0.509 -0.210 14.387	4 -0.674 -0.515 0.017 5.499
44 0 1 -0.388 -0.545 0.165 -6.897	2 0.674 0.547 -0.006 -11.793	3 0.388 0.503 -0.233 14.167	4 -0.674 -0.515 -0.028 5.684
44 0 1 -0.388 -0.539 0.199 -7.389	2 0.673 0.546 -0.028 -11.811	3 0.380 0.498 -0.244 13.921	4 -0.673 -0.514 0.176 5.903
45 0 1 -0.380 -0.533 0.233 -7.090	2 0.673 0.545 -0.028 -11.855	3 0.372 0.493 -0.165 14.079	4 -0.672 -0.515 -0.051 6.088
46 0 1 -0.372 -0.527 0.199 -7.037	2 0.672 0.545 -0.028 -11.846	3 0.372 0.487 -0.199 14.325	4 -0.671 -0.515 -0.028 6.158
47 0 1 -0.365 -0.520 0.233 -6.844	2 0.671 0.544 -0.006 -11.916	3 0.365 0.480 -0.233 14.273	4 -0.671 -0.514 0.176 6.316
47 0 1 -0.365 -0.513 0.199 -7.793	2 0.670 0.543 -0.176 -11.934	3 0.357 0.474 -0.312 14.105	4 -0.670 -0.514 0.017 6.273
48 0 1 -0.357 -0.506 0.289 -7.855	2 0.670 0.543 -0.051 -11.829	3 0.349 0.466 -0.233 14.633	4 -0.669 -0.513 0.017 6.299
49 0 1 -0.349 -0.499 0.244 -7.662	2 0.669 0.542 -0.028 -11.732	3 0.349 0.459 -0.210 15.064	4 -0.669 -0.513 -0.040 6.281
50 0 1 -0.342 -0.493 0.255 -8.057	2 0.669 0.542 -0.006 -11.749	3 0.342 0.452 -0.312 15.125	4 -0.669 -0.513 -0.017 6.316
50 0 1 -0.342 -0.485 0.289 -8.796	2 0.669 0.541 -0.028 -11.679	3 0.334 0.445 -0.255 15.319	4 -0.669 -0.513 0.017 6.308
51 0 1 -0.334 -0.477 0.301 -9.174	2 0.669 0.540 -0.176 -11.635	3 0.327 0.438 -0.210 15.670	4 -0.669 -0.513 -0.040 6.387
52 0 1 -0.327 -0.469 0.323 -8.910	2 0.669 0.540 -0.176 -11.538	3 0.327 0.430 -0.255 16.479	4 -0.669 -0.514 -0.017 6.510
53 0 1 -0.320 -0.461 0.255 -9.710	2 0.669 0.540 -0.176 -11.495	3 0.320 0.422 -0.289 16.576	4 -0.669 -0.514 -0.028 6.536
53 0 1 -0.320 -0.454 0.244 -10.475	2 0.670 0.540 0.017 -11.486	3 0.313 0.414 -0.312 17.068	4 -0.670 -0.515 -0.028 6.492
54 0 1 -0.313 -0.445 0.346 -11.055	2 0.670 0.540 0.028 -11.486	3 0.306 0.406 -0.267 17.692	4 -0.671 -0.516 -0.051 6.554
55 0 1 -0.306 -0.437 0.312 -11.125	2 0.671 0.540 -0.176 -11.336	3 0.306 0.398 -0.267 -17.684	4 -0.672 -0.517 -0.085 6.967
56 0 1 -0.299 -0.428 0.289 -12.013	2 0.672 0.541 0.017 -11.143	3 0.299 0.390 -0.346 -17.191	4 -0.672 -0.518 -0.040 6.826
56 0 1 -0.299 -0.419 0.312 -12.963	2 0.673 0.541 0.040 -11.222	3 0.292 0.381 -0.323 -16.629	4 -0.673 -0.520 -0.085 6.949
57 0 1 -0.292 -0.411 0.278 -13.657	2 0.673 0.542 0.051 -11.275	3 0.286 0.373 -0.255 -15.811	4 -0.674 -0.521 -0.085 6.949
58 0 1 -0.286 -0.403 0.323 -13.780	2 0.674 0.544 -0.006 -11.081	3 0.286 0.365 -0.255 -15.099	4 -0.676 -0.524 -0.153 7.468
59 0 1 -0.280 -0.394 0.289 -14.756	2 0.676 0.545 0.062 -11.204	3 0.280 0.358 -0.244 -14.730	4 -0.676 -0.528 -0.142 7.741
59 0 1 -0.280 -0.386 0.312 -15.732	2 0.677 0.548 0.096 -11.609	3 0.274 0.349 -0.369 -14.114	4 -0.677 -0.531 -0.085 8.040
60 0 1 -0.274 -0.377 0.289 -16.699	2 0.677 0.550 0.051 -11.776	3 0.268 0.341 -0.233 -13.165	4 -0.679 -0.535 -0.199 8.787
61 0 1 -0.268 -0.368 0.301 -16.910	2 0.679 0.554 0.165 -12.066	3 0.268 0.333 -0.301 -12.409	4 -0.681 -0.539 -0.176 9.332
62 0 1 -0.263 -0.361 0.267 -17.736	2 0.681 0.557 0.131 -12.365	3 0.263 0.325 -0.244 -11.855	4 -0.681 -0.544 -0.006 9.675
62 0 1 -0.263 -0.352 0.267 17.095	2 0.684 0.560 0.142 -12.884	3 0.257 0.317 -0.323 -11.108	4 -0.684 -0.548 -0.176 10.211
63 0 1 -0.257 -0.343 0.312 16.066	2 0.684 0.564 0.119 -13.218	3 0.252 0.309 -0.267 -10.114	4 -0.686 -0.553 -0.006 10.818
64 0 1 -0.252 -0.334 0.289 15.582	2 0.686 0.567 0.131 -13.349	3 0.252 0.301 -0.267 -9.297	4 -0.688 -0.557 -0.153 11.503
65 0 1 -0.247 -0.326 0.267 14.730	2 0.688 0.570 0.210 -13.851	3 0.247 0.293 -0.301 -8.593	4 -0.688 -0.562 -0.165 11.952
65 0 1 -0.247 -0.318 0.267 13.376	2 0.691 0.574 0.142 -14.273	3 0.243 0.284 -0.358 -7.670	4 -0.691 -0.566 -0.119 12.048
66 0 1 -0.243 -0.309 0.312 12.523	2 0.691 0.578 0.165 -14.536	3 0.238 0.276 -0.267 -6.615	4 -0.694 -0.571 -0.199 12.655
67 0 1 -0.238 -0.300 0.255 11.820	2 0.694 0.583 0.165 -14.853	3 0.238 0.268 -0.289 -5.587	4 -0.696 -0.575 -0.006 13.534
68 0 1 -0.234 -0.293 0.289 10.809	2 0.696 0.587 0.006 -15.415	3 0.234 0.260 -0.244 -5.007	4 -0.696 -0.581 -0.199 14.202
68 0 1 -0.234 -0.284 0.255 9.393	2 0.699 0.591 0.131 -15.916	3 0.230 0.252 -0.358 -3.899	4 -0.699 -0.587 -0.221 14.809
69 0 1 -0.230 -0.276 0.278 8.769	2 0.699 0.596 0.165 -16.418	3 0.226 0.244 -0.244 -3.125	4 -0.702 -0.593 -0.267 15.222
70 0 1 -0.226 -0.268 0.233 7.846	2 0.702 0.601 0.165 -16.760	3 0.226 0.237 -0.233 -2.255	4 -0.704 -0.599 -0.176 16.286
71 0 1 -0.223 -0.261 0.221 6.923	2 0.704 0.607 0.255 -17.499	3 0.223 0.231 -0.244 -1.640	4 -0.704 -0.604 -0.199 16.857
71 0 1 -0.223 -0.253 0.267 5.789	2 0.707 0.612 0.142 17.868	3 0.219 0.226 -0.187 -1.077	4 -0.707 -0.611 -0.210 17.578
72 0 1 -0.219 -0.245 0.255 4.760	2 0.707 0.616 0.119 17.253	3 0.216 0.222 -0.108 -0.743	4 -0.710 -0.616 -0.165 -17.622
73 0 1 -0.216 -0.238 0.267 4.057	2 0.710 0.621 0.165 16.778	3 0.216 0.216 -0.301 0.013	4 -0.712 -0.622 -0.165 -16.760
74 0 1 -0.213 -0.231 0.278 3.099	2 0.712 0.625 0.165 16.277	3 0.213 0.208 -0.255 0.743	4 -0.712 -0.627 -0.199 -16.409
74 0 1 -0.213 -0.223 0.199 1.763	2 0.715 0.629 0.096 16.031	3 0.211 0.202 -0.165 1.569	4 -0.715 -0.631 -0.176 -15.881
75 0 1 -0.211 -0.215 0.255 0.760	2 0.715 0.633 0.119 15.538	3 0.208 0.197 -0.153 2.299	4 -0.717 -0.635 -0.153 -15.556
76 0 1 -0.208 -0.207 0.346 -0.295	2 0.717 0.636 0.119 15.266	3 0.208 0.191 -0.233 3.407	4 -0.719 -0.638 -0.165 -14.976
77 0 1 -0.206 -0.200 0.199 -1.235	2 0.719 0.640 0.176 15.073	3 0.206 0.184 -0.187 4.136	4 -0.719 -0.643 -0.131 -14.791
77 0 1 -0.206 -0.194 0.255 -2.440	2 0.722 0.644 0.153 14.457	3 0.204 0.179 -0.255 4.787	4 -0.722 -0.647 -0.187 -14.088
78 0 1 -0.204 -0.186 0.199 -3.336	2 0.722 0.648 0.119 13.903	3 0.202 0.172 -0.221 5.789	4 -0.724 -0.652 -0.210 -13.393
79 0 1 -0.202 -0.180 0.210 -4.215	2 0.724 0.653 0.142 13.464	3 0.202 0.167 -0.210 6.589	4 -0.726 -0.657 -0.199 -12.593
80 0 1 -0.200 -0.174 0.221 -5.174	2 0.726 0.657 0.142 13.253	3 0.200 0.162 -0.210 7.327	4 -0.726 -0.663 -0.142 -12.057
80 0 1 -0.200 -0.168 0.187 -6.237	2 0.728 0.661 0.176 12.444	3 0.198 0.156 -0.221 8.031	4 -0.728 -0.669 -0.187 -11.292
81 0 1 -0.198 -0.163 0.221 -7.112	2 0.728 0.666 0.142 11.855	3 0.197 0.151 -0.199 8.945	4 -0.730 -0.674 -0.187 -10.633
82 0 1 -0.197 -0.157 0.187 -7.591	2 0.730 0.669 0.153 11.169	3 0.197 0.146 -0.165 9.622	4 -0.731 -0.678 -0.153 -9.798
83 0 1 -0.195 -0.152 0.176 -8.400	2 0.731 0.674 0.142 10.993	3 0.195 0.141 -0.176 10.334	4 -0.731 -0.682 -0.119 -9.622
83 0 1 -0.195 -0.147 0.176 -9.314	2 0.733 0.676 0.096 10.554	3 0.194 0.136 -0.176 11.020	4 -0.733 -0.686 -0.187 -8.936
84 0 1 -0.194 -0.141 0.176 -10.062	2 0.733 0.680 0.119 10.132	3 0.193 0.132 -0.176 11.855	4 -0.734 -0.690 -0.119 -8.505
85 0 1 -0.193 -0.137 0.165 -10.905	2 0.734 0.682 0.051 9.895	3 0.193 0.128 -0.131 12.488	4 -0.735 -0.693 -0.176 -7.987
86 0 1 -0.192 -0.132 0.131 -11.468	2 0.735 0.684 0.085 9.701	3 0.192 0.123 -0.153 13.103	4 -0.735 -0.695 -0.108 -7.679
86 0 1 -0.192 -0.128 0.108 -12.048	2 0.737 0.686 0.028 9.446	3 0.191 0.120 -0.096 13.604	4 -0.737 -0.697 -0.108 -7.468
87 0 1 -0.191 -0.124 0.176 -12.848	2 0.737 0.688 0.051 9.244	3 0.191 0.116 -0.131 14.378	4 -0.738 -0.699 -0.040 -7.503
88 0 1 -0.191 -0.121 0.096 -13.376	2 0.738 0.689 0.017 9.253	3 0.191 0.112 -0.085 14.870	4 -0.738 -0.700 -0.062 -7.125
89 0 1 -0.190 -0.117 0.119 -13.982	2 0.738 0.690 0.028 9.253	3 0.190 0.109 -0.142 15.398	4 -0.738 -0.701 -0.006 -7.231
89 0 1 -0.190 -0.113 0.074 -14.527	2 0.739 0.690 0.028 9.138	3 0.190 0.106 -0.119 15.978	4 -0.739 -0.701 -0.028 -7.248
90 0 1 -0.190 -0.111 0.119 -15.116	2 0.739 0.691 0.006 9.209	3 0.189 0.103 -0.074 16.330	4 -0.740 -0.701 -0.017 -7.284
91 0 1 -0.189 -0.107 0.096 -15.442	2 0.740 0.691 0.017 9.288	3 0.189 0.101 -0.040 16.690	4 -0.740 -0.702 -0.051 -7.143
92 0 1 -0.189 -0.106 0.074 -15.785	2 0.740 0.691 0.006 9.323	3 0.189 0.100 -0.051 16.910	4 -0.740 -0.703 -0.017 -7.081
92 0 1 -0.189 -0.104 0.062 -16.066	2 0.741 0.691 0.017 9.270	3 0.188 0.099 -0.006 16.927	4 -0.741 -0.704 -0.040 -6.914
93 0 1 -0.188 -0.104 -0.028 -16.066	2 0.741 0.692 0.017 9.226	3 0.188 0.099 -0.006 17.007	4 -0.741 -0.706 -0.017 -6.782
94 0 1 -0.188 -0.104 -0.017 -16.092	2 0.741 0.693 0.017 9.095	3 0.188 0.099 -0.006 16.989	4 -0.741 -0.706 -0.017 -6.615
95 0 1 -0.188 -0.104 -0.017 -16.048	2 0.741 0.694 0.017 9.112	3 0.188 0.099 0.017 16.901	4 -0.741 -0.707 -0.006 -6.642
95 0 1 -0.188 -0.104 -0.028 -15.987	2 0.741 0.694 0.017 9.042	3 0.188 0.099 -0.006 16.831	4 -0.741 -0.707 -0.006 -6.580
96 0 1 -0.188 -0.104 0.006 -15.908	2 0.741 0.694 -0.006 9.007	3 0.188 0.100 -0.006 16.725	4 -0.742 -0.707 -0.051 -6.527
97 0 1 -0.188 -0.105 -0.006 -15.829	2 0.742 0.694 -0.017 9.033	3 0.188 0.101 0.040 16.523	4 -0.742 -0.708 -0.051 -6.448
98 0 1 -0.188 -0.105 -0.028 -15.758	2 0.742 0.694 0.017 8.980	3 0.188 0.101 -0.017 16.470	4 -0.742 -0.708 -0.006 -6.413
98 0 1 -0.188 -0.105 -0.051 -15.635	2 0.742 0.694 0.017 8.954	3 0.188 0.102 0.017 16.365	4 -0.742 -0.708 -0.006 -6.440
99 0 1 -0.188 -0.106 -0.051 -15.547	2 0.742 0.695 -0.006 8.936	3 0.188 0.102 0.017 16.286	4 -0.742 -0.708 0.017 -6.440
0 1 1 -0.188 -0.107 -0.017 -15.477	2 0.742 0.695 -0.006 8.919	3 0.188 0.102 0.017 16.233	4 -0.742 -0.708 -0.017 -6.431
1 1 1 -0.188 -0.107 -0.028 -15.424	2 0.742 0.695 -0.006 8.901	3 0.188 0.103 -0.006 16.163	4 -0.742 -0.708 0.017 -6.422
1 1 1 -0.188 -0.107 -0.028 -15.380	2 0.742 0.695 0.006 8.910	3 0.188 0.103 0.006 16.084	4 -0.742 -0.708 -0.017 -6.422
2 1 1 -0.188 -0.107 -0.017 -15.319	2 0.742 0.695 -0.006 8.919	3 0.188 0.104 0.006 16.040	4 -0.742 -0.708 -0.006 -6.448
3 1 1 -0.188 -0.108 -0.017 -15.301	2 0.742 0.695 0.006 8.919	3 0.188 0.104 0.017 16.031	4 -0.742 -0.708 0.006 -6.440
4 1 1 -0.188 -0.108 -0.006 -15.248	2 0.742 0.695 -0.006 8.919	3 0.188 0.104 -0.017 16.022	4 -0.742 -0.708 0.006 -6.440
4 1 1 -0.188 -0.108 -0.028 -15.257	2 0.742 0.695 0.006 8.919	3 0.188 0.104 0.017 15.996	4 -0.742 -0.708 0.006 -6.448
5 1 1 -0.188 -0.108 -0.006 -15.240	2 0.742 0.695 -0.017 8.910	3 0.188 0.104 0.006 15.996	4 -0.741 -0.708 0.006 -6.360
6 1 1 -0.188 -0.108 -0.006 -15.248	2 0.741 0.695 0.006 8.840	3 0.188 0.104 0.006 16.004	4 -0.741 -0.708 -0.006 -6.369
7 1 1 -0.188 -0.108 -0.028 -15.240	2 0.741 0.695 0.006 8.848	3 0.188 0.104 -0.006 15.996	4 -0.741 -0.708 0.006 -6.387
7 1 1 -0.188 -0.108 -0.017 -15.248	2 0.741 0.694 -0.017 8.840	3 0.188 0.104 0.006 16.084	4 -0.741 -0.708 0.017 -6.308
8 1 1 -0.188 -0.108 0.040 -15.336	2 0.741 0.694 -0.006 8.796	3 0.188 0.104 -0.017 16.119	4 -0.741 -0.708 0.006 -6.246
9 1 1 -0.188 -0.108 0.006 -15.319	2 0.741 0.694 0.006 8.716	3 0.188 0.104 -0.017 16.084	4 -0.740 -0.708 -0.006 -6.255
10 1 1 -0.189 -0.108 0.006 -15.380	2 0.740 0.694 -0.028 8.655	3 0.189 0.104 0.006 16.163	4 -0.740 -0.708 -0.006 -6.176
10 1 1 -0.189 -0.108 -0.006 -15.389	2 0.740 0.694 -0.006 8.620	3 0.189 0.104 -0.017 16.233	4 -0.740 -0.708 0.006 -6.114
11 1 1 -0.189 -0.108 -0.006 -15.459	2 0.740 0.694 -0.028 8.585	3 0.190 0.104 0.006 16.277	4 -0.739 -0.708 -0.028 -5.974
12 1 1 -0.190 -0.108 -0.017 -15.547	2 0.739 0.694 -0.006 8.444	3 0.190 0.104 0.017 16.303	4 -0.738 -0.708 -0.006 -5.974
13 1 1 -0.190 -0.108 -0.006 -15.670	2 0.738 0.694 -0.017 8.312	3 0.190 0.104 -0.006 16.462	4 -0.738 -0.708 -0.017 -5.833
13 1 1 -0.190 -0.108 0.006 -15.697	2 0.738 0.694 0.006 8.251	3 0.191 0.104 -0.017 16.532	4 -0.738 -0.708 -0.017 -5.727
14 1 1 -0.191 -0.108 -0.017 -15.776	2 0.738 0.694 -0.017 8.198	3 0.191 0.104 0.006 16.567	4 -0.737 -0.708 -0.006 -5.543
15 1 1 -0.191 -0.108 0.006 -15.890	2 0.737 0.694 -0.006 7.952	3 0.191 0.104 0.017 16.646	4 -0.735 -0.707 0.006 -5.525
16 1 1 -0.192 -0.108 0.006 -16.022	2 0.735 0.694 -0.028 7.793	3 0.192 0.104 0.006 16.822	4 -0.735 -0.707 -0.017 -5.349
16 1 1 -0.192 -0.108 -0.017 -16.022	2 0.734 0.694 -0.040 7.697	3 0.193 0.104 -0.006 17.007	4 -0.734 -0.707 0.017 -5.174
17 1 1 -0.193 -0.108 -0.017 -16.215	2 0.734 0.694 0.028 7.582	3 0.194 0.104 -0.028 17.121	4 -0.733 -0.707 0.006 -5.042
18 1 1 -0.194 -0.108 0.017 -16.435	2 0.733 0.694 0.006 7.371	3 0.194 0.104 -0.017 17.253	4 -0.731 -0.707 -0.006 -5.024
19 1 1 -0.195 -0.108 0.006 -16.602	2 0.731 0.694 0.006 7.125	3 0.195 0.104 -0.006 17.473	4 -0.731 -0.706 0.006 -4.769
19 1 1 -0.195 -0.108 -0.006 -16.655	2 0.730 0.694 -0.017 7.002	3 0.197 0.104 -0.017 17.684	4 -0.730 -0.706 0.017 -4.497
20 1 1 -0.197 -0.108 0.006 -16.884	2 0.730 0.694 -0.006 6.791	3 0.198 0.104 -0.017 17.807	4 -0.728 -0.706 0.028 -4.268
21 1 1 -0.198 -0.108 -0.017 -17.130	2 0.728 0.693 -0.040 6.536	3 0.198 0.104 -0.006 17.991	4 -0.726 -0.706 -0.006 -4.233
22 1 1 -0.200 -0.108 0.017 -17.411	2 0.726 0.693 -0.017 6.246	3 0.200 0.104 -0.006 -17.666	4 -0.726 -0.706 -0.006 -3.899
22 1 1 -0.200 -0.108 -0.006 -17.516	2 0.724 0.693 0.006 6.070	3 0.202 0.104 -0.017 -17.411	4 -0.724 -0.706 0.006 -3.565
23 1 1 -0.202 -0.108 0.006 -17.780	2 0.724 0.693 -0.017 5.868	3 0.204 0.104 0.028 -17.305	4 -0.722 -0.705 0.028 -3.248
24 1 1 -0.204 -0.109 -0.028 17.877	2 0.722 0.692 -0.040 5.543	3 0.204 0.104 -0.006 -17.033	4 -0.719 -0.704 0.017 -3.327
25 1 1 -0.206 -0.109 -0.017 17.596	2 0.719 0.691 -0.062 5.349	3 0.206 0.104 -0.017 -16.593	4 -0.719 -0.703 0.017 -3.160
25 1 1 -0.206 -0.109 0.006 17.490	2 0.717 0.691 0.006 5.121	3 0.208 0.104 -0.006 -16.207	4 -0.717 -0.702 0.028 -2.949
26 1 1 -0.208 -0.109 -0.040 17.077	2 0.717 0.691 -0.017 4.971	3 0.211 0.104 -0.017 -15.987	4 -0.715 -0.700 0.062 -2.844
27 1 1 -0.211 -0.109 -0.040 16.690	2 0.715 0.690 -0.017 4.646	3 0.211 0.104 -0.176 -15.662	4 -0.712 -0.699 0.028 -2.976
28 1 1 -0.213 -0.110 -0.040 16.426	2 0.712 0.689 -0.074 4.382	3 0.213 0.104 -0.176 -15.231	4 -0.712 -0.698 0.051 -2.695
28 1 1 -0.213 -0.110 -0.051 16.374	2 0.710 0.689 0.006 4.180	3 0.216 0.104 0.028 -14.870	4 -0.710 -0.697 0.017 -2.360
29 1 1 -0.216 -0.111 -0.040 16.040	2 0.710 0.688 -0.051 4.066	3 0.219 0.105 0.040 -14.721	4 -0.707 -0.696 0.040 -2.246
30 1 1 -0.219 -0.112 -0.074 15.600	2 0.707 0.687 -0.040 3.749	3 0.219 0.107 0.062 -14.580	4 -0.704 -0.695 -0.006 -2.334
31 1 1 -0.223 -0.114 -0.074 15.407	2 0.704 0.686 -0.062 3.468	3 0.223 0.108 0.062 -14.237	4 -0.704 -0.694 0.006 -1.956
31 1 1 -0.223 -0.115 -0.085 15.530	2 0.702 0.686 -0.017 3.248	3 0.226 0.109 0.085 -13.921	4 -0.702 -0.693 0.040 -1.745
32 1 1 -0.226 -0.117 -0.096 15.231	2 0.702 0.686 -0.006 3.064	3 0.230 0.110 0.028 -13.780	4 -0.699 -0.692 0.028 -1.393
33 1 1 -0.230 -0.119 -0.096 14.914	2 0.699 0.685 0.017 2.545	3 0.230 0.113 0.074 -13.754	4 -0.696 -0.691 0.028 -1.455
34 1 1 -0.234 -0.121 -0.131 14.888	2 0.696 0.684 -0.040 2.220	3 0.234 0.115 0.119 -13.429	4 -0.696 -0.690 0.062 -1.235
34 1 1 -0.234 -0.123 -0.108 14.993	2 0.694 0.683 -0.074 2.158	3 0.238 0.117 0.108 -13.244	4 -0.694 -0.688 0.040 -0.971
35 1 1 -0.238 -0.126 -0.119 14.703	2 0.694 0.683 0.006 2.070	3 0.243 0.120 0.119 -13.376	4 -0.691 -0.688 0.085 -0.875
36 1 1 -0.243 -0.130 -0.153 14.457	2 0.691 0.682 -0.040 1.648	3 0.243 0.123 0.108 -13.455	4 -0.688 -0.686 -0.006 -0.848
37 1 1 -0.247 -0.132 -0.142 14.396	2 0.688 0.680 -0.131 1.534	3 0.247 0.127 0.006 -13.174	4 -0.688 -0.686 0.028 -0.567
37 1 1 -0.247 -0.136 -0.142 14.712	2 0.686 0.680 -0.051 1.376	3 0.252 0.130 0.119 -12.910	4 -0.686 -0.683 0.142 -0.585
38 1 1 -0.252 -0.140 -0.176 14.765	2 0.686 0.680 -0.006 1.200	3 0.257 0.133 0.131 -13.042	4 -0.684 -0.681 0.085 -0.637
39 1 1 -0.257 -0.144 -0.006 14.440	2 0.684 0.677 -0.108 1.218	3 0.257 0.137 0.131 -13.156	4 -0.681 -0.680 0.051 -0.813
40 1 1 -0.263 -0.148 -0.176 14.360	2 0.681 0.676 -0.096 1.095	3 0.263 0.141 0.142 -13.042	4 -0.681 -0.677 0.051 -0.796
40 1 1 -0.263 -0.152 -0.142 14.888	2 0.679 0.673 -0.074 1.385	3 0.268 0.145 0.165 -12.831	4 -0.679 -0.674 0.096 -1.042
41 1 1 -0.268 -0.156 -0.176 14.870	2 0.679 0.671 -0.028 1.525	3 0.274 0.149 0.096 -12.927	4 -0.677 -0.671 0.119 -1.385
42 1 1 -0.274 -0.161 -0.199 14.580	2 0.677 0.668 -0.108 1.719	3 0.274 0.154 0.142 -13.077	4 -0.676 -0.667 0.142 -2.026
43 1 1 -0.280 -0.166 -0.210 14.668	2 0.676 0.665 -0.085 1.895	3 0.280 0.158 0.176 -13.138	4 -0.676 -0.664 0.074 -2.185
43 1 1 -0.280 -0.172 -0.267 15.626	2 0.674 0.665 -0.108 2.044	3 0.286 0.163 0.210 -13.015	4 -0.674 -0.661 0.062 -2.501
44 1 1 -0.286 -0.178 -0.244 15.574	2 0.674 0.662 -0.040 2.264	3 0.292 0.170 0.221 -13.648	4 -0.673 -0.659 0.119 -2.615
45 1 1 -0.292 -0.185 -0.221 15.626	2 0.673 0.661 -0.028 2.229	3 0.292 0.177 0.233 -14.141	4 -0.672 -0.658 0.040 -2.721
46 1 1 -0.299 -0.192 -0.301 16.145	2 0.672 0.660 0.006 2.105	3 0.299 0.185 0.278 -14.545	4 -0.672 -0.658 -0.017 -2.633
46 1 1 -0.299 -0.201 -0.335 17.235	2 0.671 0.660 -0.040 2.026	3 0.306 0.192 0.278 -14.844	4 -0.671 -0.656 0.085 -2.633
47 1 1 -0.306 -0.209 -0.323 17.604	2 0.671 0.660 -0.017 1.886	3 0.313 0.201 0.335 -15.714	4 -0.670 -0.656 0.028 -2.686
48 1 1 -0.313 -0.219 -0.335 -17.692	2 0.670 0.660 -0.006 1.763	3 0.313 0.211 0.289 -16.593	4 -0.669 -0.656 0.051 -2.826
49 1 1 -0.320 -0.228 -0.301 -16.971	2 0.669 0.660 -0.062 1.807	3 0.320 0.220 0.358 -17.147	4 -0.669 -0.654 0.074 -2.958
49 1 1 -0.320 -0.237 -0.323 -15.714	2 0.669 0.659 -0.028 1.903	3 0.327 0.228 0.289 -17.420	4 -0.669 -0.653 0.062 -3.073
50 1 1 -0.327 -0.246 -0.312 -15.354	2 0.669 0.657 -0.017 2.114	3 0.334 0.237 0.312 17.481	4 -0.669 -0.650 0.131 -3.723
51 1 1 -0.334 -0.256 -0.323 -14.580	2 0.669 0.656 -0.074 2.404	3 0.334 0.247 0.312 16.602	4 -0.669 -0.647 0.108 -4.180
52 1 1 -0.342 -0.266 -0.335 -14.123	2 0.669 0.654 -0.062 2.738	3 0.342 0.255 0.323 16.338	4 -0.669 -0.644 0.074 -4.804
52 1 1 -0.342 -0.276 -0.323 -12.708	2 0.669 0.652 -0.051 3.266	3 0.349 0.265 0.301 15.890	4 -0.669 -0.640 0.119 -5.578
53 1 1 -0.349 -0.286 -0.346 -11.996	2 0.669 0.650 -0.131 3.653	3 0.357 0.274 0.301 14.659	4 -0.670 -0.636 0.176 -6.448
54 1 1 -0.357 -0.295 -0.426 -11.389	2 0.670 0.648 -0.085 4.145	3 0.357 0.284 0.312 13.780	4 -0.671 -0.634 0.108 -6.923
55 1 1 -0.365 -0.307 -0.392 -10.624	2 0.671 0.646 -0.028 4.479	3 0.365 0.295 0.426 13.191	4 -0.671 -0.632 0.062 -7.477
55 1 1 -0.365 -0.318 -0.392 -8.822	2 0.672 0.646 -0.006 4.769	3 0.372 0.306 0.358 12.497	4 -0.672 -0.630 0.006 -7.793
56 1 1 -0.372 -0.329 -0.403 -8.084	2 0.672 0.645 -0.017 5.077	3 0.380 0.317 0.358 10.949	4 -0.673 -0.629 0.051 -8.321
57 1 1 -0.380 -0.341 -0.460 -7.248	2 0.673 0.645 -0.017 5.332	3 0.380 0.329 0.403 9.490	4 -0.674 -0.628 0.028 -8.479
58 1 1 -0.388 -0.353 -0.426 -6.185	2 0.674 0.645 -0.017 5.596	3 0.388 0.342 0.471 8.576	4 -0.674 -0.628 0.051 -8.866
58 1 1 -0.388 -0.366 -0.448 -4.303	2 0.676 0.645 -0.028 5.763	3 0.396 0.353 0.437 7.653	4 -0.676 -0.627 0.006 -9.200
59 1 1 -0.396 -0.378 -0.403 -3.327	2 0.676 0.645 -0.006 5.956	3 0.404 0.366 0.369 6.343	4 -0.677 -0.626 0.051 -9.824
60 1 1 -0.404 -0.390 -0.426 -2.369	2 0.677 0.644 -0.017 6.255	3 0.404 0.377 0.346 4.998	4 -0.679 -0.624 0.051 -10.132
61 1 1 -0.411 -0.402 -0.380 -1.420	2 0.679 0.644 -0.006 6.712	3 0.411 0.389 0.426 4.171	4 -0.679 -0.622 0.028 -10.835
61 1 1 -0.411 -0.414 -0.403 -0.013	2 0.681 0.644 -0.017 6.914	3 0.419 0.401 0.448 3.152	4 -0.681 -0.620 0.051 -11.582
62 1 1 -0.419 -0.425 -0.426 0.884	2 0.681 0.643 -0.062 7.433	3 0.426 0.411 0.278 1.982	4 -0.684 -0.619 0.074 -12.374
63 1 1 -0.426 -0.436 -0.392 1.763	2 0.684 0.641 -0.017 8.040	3 0.426 0.423 0.403 0.585	4 -0.686 -0.617 0.051 -12.778
64 1 1 -0.434 -0.448 -0.448 2.853	2 0.686 0.641 0.006 8.497	3 0.434 0.434 0.403 0.040	4 -0.686 -0.616 0.028 -13.446
64 1 1 -0.434 -0.460 -0.392 5.033	2 0.688 0.640 -0.062 8.963	3 0.441 0.440 0.108 0.040	4 -0.688 -0.614 0.051 -14.009
65 1 1 -0.441 -0.472 -0.437 5.895	2 0.688 0.640 0.006 9.226	3 0.448 0.443 0.199 -0.136	4 -0.691 -0.614 0.017 -14.686
66 1 1 -0.448 -0.484 -0.403 6.818	2 0.691 0.640 -0.028 9.807	3 0.448 0.456 0.392 -1.657	4 -0.694 -0.614 -0.017 -14.738
67 1 1 -0.455 -0.495 -0.380 7.855	2 0.694 0.639 -0.006 10.316	3 0.455 0.468 0.369 -2.492	4 -0.694 -0.614 0.006 -15.310
67 1 1 -0.455 -0.506 -0.380 9.666	2 0.696 0.639 -0.006 10.580	3 0.462 0.477 0.323 -3.116	4 -0.696 -0.612 0.040 -16.004
68 1 1 -0.462 -0.517 -0.369 10.580	2 0.696 0.639 -0.051 10.879	3 0.469 0.488 0.346 -4.400	4 -0.699 -0.611 0.006 -16.637
69 1 1 -0.469 -0.529 -0.448 11.600	2 0.699 0.639 -0.017 11.354	3 0.469 0.500 0.369 -5.947	4 -0.702 -0.611 0.040 -17.015
70 1 1 -0.475 -0.540 -0.301 12.435	2 0.702 0.639 -0.017 11.925	3 0.475 0.509 0.312 -6.633	4 -0.702 -0.609 0.040 -17.675
70 1 1 -0.475 -0.550 -0.369 14.387	2 0.704 0.638 -0.017 12.215	3 0.482 0.519 0.380 -7.407	4 -0.704 -0.608 0.176 17.640
71 1 1 -0.482 -0.561 -0.358 15.090	2 0.704 0.638 0.006 12.585	3 0.488 0.530 0.414 -7.503	4 -0.707 -0.606 -0.040 17.024
72 1 1 -0.488 -0.570 -0.369 15.952	2 0.707 0.638 -0.017 13.121	3 0.488 0.538 0.267 -9.763	4 -0.710 -0.605 0.051 16.497
73 1 1 -0.493 -0.580 -0.323 16.980	2 0.710 0.638 0.017 13.613	3 0.493 0.547 0.289 -10.343	4 -0.710 -0.603 0.176 15.846
73 1 1 -0.493 -0.590 -0.323 -17.824	2 0.712 0.637 -0.006 13.842	3 0.499 0.556 0.289 -11.046	4 -0.712 -0.603 0.176 15.213
74 1 1 -0.499 -0.598 -0.267 -16.980	2 0.712 0.637 -0.028 14.273	3 0.504 0.564 0.221 -11.934	4 -0.715 -0.601 0.051 14.396
75 1 1 -0.504 -0.606 -0.267 -16.699	2 0.715 0.636 -0.006 14.923	3 0.504 0.572 0.278 -12.963	4 -0.717 -0.601 -0.017 14.255
76 1 1 -0.509 -0.614 -0.221 -15.802	2 0.717 0.635 -0.051 15.556	3 0.509 0.579 0.210 -13.367	4 -0.717 -0.600 0.006 13.631
76 1 1 -0.509 -0.620 -0.199 -14.870	2 0.719 0.634 -0.051 15.952	3 0.514 0.585 0.176 -13.903	4 -0.719 -0.598 0.006 12.998
77 1 1 -0.514 -0.627 -0.278 -14.396	2 0.719 0.634 -0.040 16.303	3 0.518 0.592 0.199 -14.659	4 -0.722 -0.598 -0.017 12.567
78 1 1 -0.518 -0.634 -0.199 -14.035	2 0.722 0.634 -0.017 16.673	3 0.518 0.598 0.187 -15.222	4 -0.724 -0.597 0.062 12.338
79 1 1 -0.522 -0.640 -0.199 -13.473	2 0.724 0.634 0.006 17.112	3 0.522 0.604 0.244 -15.679	4 -0.724 -0.597 -0.040 11.899
79 1 1 -0.522 -0.645 -0.358 -12.673	2 0.726 0.634 -0.006 17.288	3 0.526 0.609 0.176 -15.969	4 -0.726 -0.597 -0.028 11.486
80 1 1 -0.526 -0.649 -0.153 -12.629	2 0.726 0.634 -0.006 17.543	3 0.530 0.614 0.142 -16.505	4 -0.728 -0.598 -0.051 11.187
81 1 1 -0.530 -0.653 -0.142 -12.541	2 0.728 0.634 -0.017 17.938	3 0.530 0.617 0.119 -16.708	4 -0.730 -0.598 0.176 11.125
82 1 1 -0.533 -0.657 -0.165 -12.242	2 0.730 0.634 0.040 -17.833	3 0.533 0.621 0.131 -16.884	4 -0.730 -0.598 -0.040 10.862
82 1 1 -0.533 -0.661 -0.085 -11.811	2 0.731 0.634 -0.017 -17.692	3 0.536 0.624 0.051 -16.752	4 -0.731 -0.598 0.176 10.519
83 1 1 -0.536 -0.663 -0.085 -11.670	2 0.731 0.634 -0.006 -17.499	3 0.539 0.626 0.096 -17.095	4 -0.733 -0.598 -0.040 10.343
84 1 1 -0.539 -0.666 -0.074 -11.837	2 0.733 0.635 0.051 -17.367	3 0.539 0.628 -0.017 -17.007	4 -0.734 -0.598 -0.017 10.237
85 1 1 -0.541 -0.668 -0.062 -11.811	2 0.734 0.635 0.062 -17.305	3 0.541 0.630 0.085 -17.051	4 -0.734 -0.598 -0.028 10.123
85 1 1 -0.541 -0.670 -0.062 -11.653	2 0.735 0.636 0.051 -17.367	3 0.543 0.631 0.040 -16.831	4 -0.735 -0.599 -0.028 10.035
86 1 1 -0.543 -0.671 -0.028 -11.873	2 0.735 0.637 0.028 -17.367	3 0.545 0.632 0.040 -16.848	4 -0.737 -0.600 -0.108 10.193
87 1 1 -0.545 -0.672 -0.017 -12.004	2 0.737 0.638 0.051 -17.349	3 0.545 0.633 -0.006 -16.708	4 -0.738 -0.601 -0.028 10.185
88 1 1 -0.547 -0.672 -0.006 -12.145	2 0.738 0.639 0.017 -17.226	3 0.547 0.634 0.017 -16.576	4 -0.738 -0.601 -0.040 10.070
88 1 1 -0.547 -0.672 0.028 -12.189	2 0.738 0.639 0.040 -17.209	3 0.548 0.634 -0.006 -16.295	4 -0.738 -0.601 0.176 9.956
89 1 1 -0.548 -0.672 -0.006 -12.444	2 0.738 0.639 0.017 -17.130	3 0.550 0.633 -0.017 -16.163	4 -0.739 -0.601 -0.017 9.807
90 1 1 -0.550 -0.672 0.017 -12.664	2 0.739 0.639 0.017 -16.989	3 0.550 0.633 0.017 -16.022	4 -0.740 -0.601 -0.017 9.736
91 1 1 -0.551 -0.672 -0.006 -12.840	2 0.740 0.639 -0.006 -16.831	3 0.551 0.633 -0.006 -15.811	4 -0.740 -0.601 -0.040 9.613
91 1 1 -0.551 -0.672 -0.017 -12.884	2 0.740 0.639 0.028 -16.840	3 0.552 0.634 0.017 -15.697	4 -0.740 -0.601 0.176 9.604
92 1 1 -0.552 -0.672 -0.006 -13.024	2 0.740 0.639 -0.176 -16.804	3 0.552 0.634 0.006 -15.635	4 -0.741 -0.602 -0.028 9.622
93 1 1 -0.552 -0.672 -0.006 -13.165	2 0.741 0.640 0.040 -16.760	3 0.552 0.634 0.006 -15.600	4 -0.741 -0.602 -0.028 9.648
94 1 1 -0.553 -0.673 -0.006 -13.253	2 0.741 0.640 -0.006 -16.734	3 0.553 0.634 -0.006 -15.459	4 -0.741 -0.603 -0.040 9.622
94 1 1 -0.553 -0.672 0.028 -13.297	2 0.741 0.640 -0.006 -16.725	3 0.553 0.634 0.017 -15.398	4 -0.741 -0.603 0.176 9.552
95 1 1 -0.553 -0.673 0.017 -13.349	2 0.741 0.640 0.017 -16.655	3 0.554 0.634 -0.006 -15.380	4 -0.741 -0.603 0.176 9.578
96 1 1 -0.554 -0.673 -0.006 -13.411	2 0.741 0.640 0.028 -16.681	3 0.554 0.634 -0.017 -15.345	4 -0.742 -0.603 0.176 9.560
97 1 1 -0.554 -0.673 0.017 -13.420	2 0.742 0.640 -0.176 -16.611	3 0.554 0.634 -0.006 -15.354	4 -0.742 -0.603 -0.017 9.499
97 1 1 -0.554 -0.673 -0.006 -13.429	2 0.742 0.640 -0.176 -16.620	3 0.554 0.634 -0.028 -15.336	4 -0.742 -0.603 -0.040 9.499
98 1 1 -0.554 -0.673 -0.176 -13.420	2 0.742 0.640 -0.176 -16.611	3 0.554 0.634 -0.006 -15.354	4 -0.742 -0.603 -0.017 9.508
99 1 1 -0.554 -0.673 -0.176 -13.429	2 0.742 0.640 0.017 -16.646	3 0.554 0.635 0.006 -15.319	4 -0.742 -0.603 0.176 9.525
1 0 1 -0.554 -0.673 -0.176 -13.490	2 0.742 0.640 0.028 -16.629	3 0.554 0.635 -0.006 -15.310	4 -0.742 -0.603 -0.040 9.560
1 0 1 -0.554 -0.673 -0.176 -13.429	2 0.742 0.640 0.017 -16.664	3 0.554 0.635 -0.017 -15.310	4 -0.742 -0.603 -0.017 9.569
2 0 1 -0.554 -0.673 -0.017 -13.429	2 0.742 0.640 0.017 -16.673	3 0.554 0.635 0.006 -15.327	4 -0.742 -0.603 0.176 9.560
3 0 1 -0.554 -0.673 -0.176 -13.411	2 0.742 0.640 -0.017 -16.655	3 0.554 0.635 0.017 -15.345	4 -0.742 -0.603 -0.017 9.578
4 0 1 -0.554 -0.673 -0.006 -13.376	2 0.742 0.640 -0.176 -16.664	3 0.554 0.635 0.017 -15.398	4 -0.742 -0.603 0.006 9.569
4 0 1 -0.554 -0.673 0.017 -13.341	2 0.742 0.640 0.028 -16.673	3 0.554 0.635 -0.006 -15.415	4 -0.742 -0.603 0.006 9.560
5 0 1 -0.554 -0.673 -0.017 -13.358	2 0.742 0.640 -0.176 -16.699	3 0.554 0.635 -0.017 -15.415	4 -0.741 -0.603 -0.017 9.648
6 0 1 -0.554 -0.673 -0.017 -13.358	2 0.741 0.640 -0.176 -16.752	3 0.554 0.635 -0.006 -15.424	4 -0.741 -0.603 -0.017 9.648
7 0 1 -0.553 -0.673 0.017 -13.314	2 0.741 0.640 -0.006 -16.752	3 0.553 0.635 -0.040 -15.468	4 -0.741 -0.603 -0.017 9.666
7 0 1 -0.553 -0.673 -0.176 -13.305	2 0.741 0.640 -0.176 -16.778	3 0.553 0.635 -0.040 -15.521	4 -0.741 -0.603 -0.017 9.710
8 0 1 -0.553 -0.673 0.028 -13.235	2 0.741 0.640 -0.017 -16.813	3 0.552 0.635 -0.017 -15.609	4 -0.741 -0.603 -0.017 9.763
9 0 1 -0.552 -0.673 -0.017 -13.086	2 0.741 0.640 -0.176 -16.910	3 0.552 0.635 -0.028 -15.679	4 -0.740 -0.603 -0.017 9.763
10 0 1 -0.552 -0.673 -0.176 -12.954	2 0.740 0.640 -0.176 -16.971	3 0.552 0.635 -0.028 -15.811	4 -0.740 -0.603 0.017 9.851
10 0 1 -0.552 -0.673 -0.006 -12.892	2 0.740 0.640 -0.006 -16.980	3 0.551 0.635 0.006 -15.952	4 -0.740 -0.603 0.176 9.903
11 0 1 -0.551 -0.673 -0.176 -12.787	2 0.740 0.640 -0.017 -17.024	3 0.550 0.634 -0.006 -16.040	4 -0.739 -0.603 0.006 9.991
12 0 1 -0.550 -0.673 0.017 -12.593	2 0.739 0.640 -0.176 -17.165	3 0.550 0.634 -0.006 -16.171	4 -0.738 -0.603 -0.028 10.018
13 0 1 -0.548 -0.673 -0.006 -12.409	2 0.738 0.640 -0.176 -17.288	3 0.548 0.634 -0.040 -16.338	4 -0.738 -0.603 -0.017 10.149
13 0 1 -0.548 -0.673 -0.017 -12.374	2 0.738 0.640 -0.176 -17.349	3 0.547 0.634 -0.040 -16.585	4 -0.738 -0.603 0.176 10.246
14 0 1 -0.547 -0.673 -0.006 -12.092	2 0.738 0.640 -0.006 -17.429	3 0.545 0.634 0.017 -16.699	4 -0.737 -0.602 -0.017 10.422
15 0 1 -0.545 -0.673 0.028 -11.837	2 0.737 0.640 0.017 -17.657	3 0.545 0.634 -0.017 -16.875	4 -0.735 -0.602 -0.017 10.422
16 0 1 -0.543 -0.673 0.040 -11.556	2 0.735 0.640 -0.006 -17.807	3 0.543 0.633 -0.040 -17.174	4 -0.735 -0.602 0.006 10.589
16 0 1 -0.543 -0.673 -0.006 -11.486	2 0.734 0.640 -0.176 -17.877	3 0.541 0.633 -0.017 -17.516	4 -0.734 -0.601 -0.028 10.703
17 0 1 -0.541 -0.672 -0.176 -11.081	2 0.734 0.639 0.017 17.991	3 0.539 0.633 -0.028 -17.736	4 -0.733 -0.601 0.017 10.844
18 0 1 -0.539 -0.672 0.028 -10.642	2 0.733 0.639 -0.017 17.859	3 0.539 0.633 -0.017 -17.991	4 -0.731 -0.601 -0.051 10.862
19 0 1 -0.536 -0.672 0.028 -10.299	2 0.731 0.639 -0.006 17.657	3 0.536 0.632 -0.040 17.631	4 -0.731 -0.601 0.176 11.073
19 0 1 -0.536 -0.672 -0.006 -10.202	2 0.730 0.638 0.006 17.534	3 0.533 0.632 -0.040 17.191	4 -0.730 -0.600 0.028 11.257
20 0 1 -0.533 -0.671 0.017 -9.684	2 0.730 0.638 -0.017 17.376	3 0.530 0.631 -0.051 17.042	4 -0.728 -0.599 0.017 11.275
21 0 1 -0.530 -0.671 0.017 -9.182	2 0.728 0.638 -0.028 17.200	3 0.530 0.630 -0.051 16.892	4 -0.726 -0.598 0.006 11.275
22 0 1 -0.526 -0.670 0.017 -8.725	2 0.726 0.637 -0.017 17.068	3 0.526 0.629 -0.074 16.365	4 -0.726 -0.597 0.176 11.380
22 0 1 -0.526 -0.669 0.040 -8.673	2 0.724 0.635 -0.017 17.059	3 0.522 0.628 -0.051 15.890	4 -0.724 -0.595 0.051 11.512
23 0 1 -0.522 -0.668 0.085 -8.330	2 0.724 0.633 -0.108 17.174	3 0.518 0.627 0.176 15.626	4 -0.722 -0.595 0.040 11.723
24 0 1 -0.518 -0.667 0.051 -7.758	2 0.722 0.632 -0.040 16.884	3 0.518 0.626 -0.096 15.433	4 -0.719 -0.593 0.062 11.521
25 0 1 -0.514 -0.666 0.085 -7.415	2 0.719 0.631 -0.085 17.015	3 0.514 0.624 -0.096 14.949	4 -0.719 -0.591 0.017 11.653
25 0 1 -0.514 -0.664 0.051 -7.486	2 0.717 0.628 -0.074 17.165	3 0.509 0.623 -0.096 14.475	4 -0.717 -0.590 0.062 11.688
26 0 1 -0.509 -0.661 0.119 -7.371	2 0.717 0.626 -0.085 17.270	3 0.504 0.621 -0.051 14.237	4 -0.715 -0.588 0.006 11.829
27 0 1 -0.504 -0.659 0.085 -6.730	2 0.715 0.624 -0.108 17.420	3 0.504 0.619 -0.119 14.220	4 -0.712 -0.585 0.085 11.363
28 0 1 -0.499 -0.655 0.176 -6.703	2 0.712 0.620 -0.187 17.666	3 0.499 0.616 -0.131 13.789	4 -0.712 -0.582 0.108 11.064
28 0 1 -0.499 -0.651 0.108 -6.958	2 0.710 0.616 -0.153 17.991	3 0.493 0.613 -0.142 13.543	4 -0.710 -0.579 0.153 10.941
29 0 1 -0.493 -0.648 0.153 -6.721	2 0.710 0.612 -0.131 -17.516	3 0.488 0.609 -0.199 13.745	4 -0.707 -0.574 0.142 10.774
30 0 1 -0.488 -0.644 0.165 -6.510	2 0.707 0.608 -0.131 -17.112	3 0.488 0.603 -0.221 14.035	4 -0.704 -0.569 0.165 9.807
31 0 1 -0.482 -0.640 0.142 -6.299	2 0.704 0.604 -0.142 -16.884	3 0.482 0.597 -0.221 14.088	4 -0.704 -0.563 0.165 9.235
31 0 1 -0.482 -0.635 0.199 -6.888	2 0.702 0.599 -0.358 -16.242	3 0.475 0.592 -0.176 13.798	4 -0.702 -0.559 0.165 8.866
32 0 1 -0.475 -0.630 0.199 -6.774	2 0.702 0.594 -0.199 -15.530	3 0.469 0.588 -0.165 13.991	4 -0.699 -0.555 0.085 8.769
33 0 1 -0.469 -0.624 0.006 -6.668	2 0.699 0.589 -0.221 -15.090	3 0.469 0.583 -0.165 14.299	4 -0.696 -0.552 0.074 8.154
34 0 1 -0.462 -0.618 0.176 -6.510	2 0.696 0.584 -0.131 -14.686	3 0.462 0.579 -0.006 14.035	4 -0.696 -0.550 0.062 8.013
34 0 1 -0.462 -0.613 0.006 -7.204	2 0.694 0.580 -0.085 -14.281	3 0.455 0.574 -0.233 13.675	4 -0.694 -0.547 0.074 7.943
35 0 1 -0.455 -0.609 0.131 -6.870	2 0.694 0.578 -0.108 -13.974	3 0.448 0.569 -0.176 13.930	4 -0.691 -0.545 0.074 7.960
36 0 1 -0.448 -0.603 0.267 -6.589	2 0.691 0.574 -0.119 -13.807	3 0.448 0.563 -0.233 14.281	4 -0.688 -0.542 0.040 7.732
37 0 1 -0.441 -0.598 0.006 -6.624	2 0.688 0.572 -0.085 -13.771	3 0.441 0.558 -0.210 13.903	4 -0.688 -0.539 0.096 7.459
37 0 1 -0.441 -0.592 0.006 -7.459	2 0.686 0.568 -0.062 -13.358	3 0.434 0.553 -0.210 13.587	4 -0.686 -0.535 0.119 7.134
38 0 1 -0.434 -0.587 0.244 -7.020	2 0.686 0.564 -0.142 -12.769	3 0.426 0.547 -0.221 14.079	4 -0.684 -0.530 0.142 6.703
39 0 1 -0.426 -0.581 0.165 -6.668	2 0.684 0.560 -0.142 -12.497	3 0.426 0.540 -0.199 14.220	4 -0.681 -0.526 0.096 6.149
40 0 1 -0.419 -0.574 0.199 -6.844	2 0.681 0.555 -0.153 -11.978	3 0.419 0.534 -0.267 14.378	4 -0.681 -0.523 0.108 5.912
40 0 1 -0.419 -0.567 0.221 -7.714	2 0.679 0.551 -0.085 -11.451	3 0.411 0.528 -0.221 14.132	4 -0.679 -0.520 0.085 5.596
41 0 1 -0.411 -0.561 0.233 -7.881	2 0.679 0.548 -0.085 -11.196	3 0.404 0.521 -0.176 14.220	4 -0.677 -0.517 0.028 5.578
42 0 1 -0.404 -0.555 0.176 -7.152	2 0.677 0.546 -0.051 -11.081	3 0.404 0.516 -0.176 14.492	4 -0.676 -0.516 0.028 5.262
43 0 1 -0.396 -0.550 0.176 -7.108	2 0.676 0.545 -0.051 -11.108	3 0.396 0.510 -0.199 14.246	4 -0.676 -0.515 0.017 5.455
43 0 1 -0.396 -0.544 0.006 -7.873	2 0.674 0.544 -0.006 -11.152	3 0.388 0.505 -0.210 13.947	4 -0.674 -0.515 0.017 5.648
44 0 1 -0.388 -0.539 0.210 -7.477	2 0.674 0.544 -0.176 -11.275	3 0.380 0.499 -0.199 14.352	4 -0.673 -0.515 0.006 5.868
45 0 1 -0.380 -0.533 0.176 -6.923	2 0.673 0.544 -0.017 -11.556	3 0.380 0.493 -0.176 14.281	4 -0.672 -0.515 -0.051 6.053
46 0 1 -0.372 -0.528 0.199 -7.169	2 0.672 0.544 -0.006 -11.758	3 0.372 0.488 -0.233 13.912	4 -0.672 -0.515 -0.051 6.273
46 0 1 -0.372 -0.521 0.199 -7.697	2 0.671 0.544 -0.176 -11.811	3 0.365 0.482 -0.221 13.859	4 -0.671 -0.516 -0.017 6.466
47 0 1 -0.365 -0.515 0.221 -7.477	2 0.671 0.543 0.028 -11.925	3 0.357 0.476 -0.233 14.334	4 -0.670 -0.515 0.017 6.563
48 0 1 -0.357 -0.508 0.210 -7.240	2 0.670 0.543 -0.006 -11.943	3 0.357 0.468 -0.244 14.712	4 -0.669 -0.515 -0.017 6.563
49 0 1 -0.349 -0.501 0.233 -7.424	2 0.669 0.543 -0.051 -11.943	3 0.349 0.461 -0.267 14.782	4 -0.669 -0.514 -0.040 6.633
49 0 1 -0.349 -0.495 0.244 -8.629	2 0.669 0.542 -0.006 -11.873	3 0.342 0.455 -0.255 14.554	4 -0.669 -0.515 -0.017 6.624
50 0 1 -0.342 -0.487 0.255 -8.444	2 0.669 0.542 -0.051 -11.785	3 0.334 0.448 -0.244 15.459	4 -0.669 -0.515 -0.040 6.659
51 0 1 -0.334 -0.479 0.278 -8.567	2 0.669 0.541 -0.176 -11.767	3 0.334 0.440 -0.289 15.873	4 -0.669 -0.515 -0.028 6.695
52 0 1 -0.327 -0.472 0.323 -9.077	2 0.669 0.541 0.017 -11.758	3 0.327 0.433 -0.312 16.048	4 -0.669 -0.515 0.006 6.721
52 0 1 -0.327 -0.464 0.267 -9.974	2 0.669 0.541 -0.176 -11.732	3 0.320 0.425 -0.278 16.224	4 -0.669 -0.516 -0.051 6.774
53 0 1 -0.320 -0.456 0.255 -10.273	2 0.669 0.541 0.017 -11.670	3 0.313 0.417 -0.244 17.024	4 -0.670 -0.517 -0.096 7.055
54 0 1 -0.313 -0.448 0.335 -10.396	2 0.670 0.541 0.017 -11.635	3 0.313 0.410 -0.267 17.578	4 -0.671 -0.518 -0.028 7.152
55 0 1 -0.306 -0.440 0.289 -11.064	2 0.671 0.542 0.051 -11.512	3 0.306 0.402 -0.312 17.965	4 -0.671 -0.519 -0.051 7.240
55 0 1 -0.306 -0.431 0.312 -12.259	2 0.672 0.542 0.017 -11.591	3 0.299 0.394 -0.323 -17.842	4 -0.672 -0.521 -0.040 7.125
56 0 1 -0.299 -0.422 0.335 -12.760	2 0.672 0.542 -0.006 -11.424	3 0.292 0.385 -0.267 -16.752	4 -0.673 -0.521 -0.062 7.240
57 0 1 -0.292 -0.414 0.312 -12.927	2 0.673 0.543 0.028 -11.389	3 0.292 0.377 -0.199 -16.119	4 -0.674 -0.523 -0.074 7.477
58 0 1 -0.286 -0.406 0.301 -13.789	2 0.674 0.545 0.028 -11.213	3 0.286 0.368 -0.392 -15.345	4 -0.674 -0.524 -0.062 7.477
58 0 1 -0.286 -0.396 0.323 -15.125	2 0.676 0.545 -0.176 -11.371	3 0.280 0.360 -0.244 -15.099	4 -0.676 -0.527 -0.108 7.477
59 0 1 -0.280 -0.388 0.301 -15.609	2 0.676 0.546 0.074 -11.459	3 0.274 0.351 -0.323 -13.789	4 -0.677 -0.529 -0.096 7.793
60 0 1 -0.274 -0.378 0.335 -16.462	2 0.677 0.548 0.074 -11.477	3 0.274 0.342 -0.267 -12.945	4 -0.679 -0.532 -0.074 8.251
61 0 1 -0.268 -0.370 0.289 -16.954	2 0.679 0.550 0.085 -11.371	3 0.268 0.334 -0.335 -12.347	4 -0.679 -0.535 -0.119 8.567
61 0 1 -0.268 -0.361 0.312 17.499	2 0.681 0.553 0.096 -11.899	3 0.263 0.325 -0.312 -11.714	4 -0.681 -0.539 -0.006 8.919
62 0 1 -0.263 -0.353 0.278 17.253	2 0.681 0.556 0.074 -11.978	3 0.257 0.318 -0.267 -10.730	4 -0.684 -0.545 -0.221 9.481
63 0 1 -0.257 -0.343 0.346 16.127	2 0.684 0.559 0.153 -12.391	3 0.257 0.309 -0.267 -9.859	4 -0.686 -0.549 -0.176 10.396
64 0 1 -0.252 -0.335 0.244 15.626	2 0.686 0.564 0.176 -12.998	3 0.252 0.302 -0.255 -9.411	4 -0.686 -0.554 -0.006 10.976
64 0 1 -0.252 -0.328 0.233 14.264	2 0.688 0.569 0.153 -13.719	3 0.247 0.294 -0.267 -8.866	4 -0.688 -0.560 -0.199 11.292
65 0 1 -0.247 -0.320 0.255 13.921	2 0.688 0.574 0.176 -14.255	3 0.243 0.286 -0.255 -7.749	4 -0.691 -0.566 -0.199 12.101
66 0 1 -0.243 -0.312 0.289 12.980	2 0.691 0.579 0.153 -14.510	3 0.243 0.279 -0.267 -6.879	4 -0.694 -0.572 -0.221 13.341
67 0 1 -0.238 -0.304 0.267 12.251	2 0.694 0.584 0.131 -14.967	3 0.238 0.271 -0.289 -6.308	4 -0.694 -0.578 -0.176 13.903
67 0 1 -0.238 -0.296 0.301 10.765	2 0.696 0.588 0.006 -15.934	3 0.234 0.264 -0.267 -5.481	4 -0.696 -0.583 -0.006 14.589
68 0 1 -0.234 -0.287 0.312 10.062	2 0.696 0.593 0.131 -16.400	3 0.230 0.256 -0.233 -4.418	4 -0.699 -0.589 -0.210 15.257
69 0 1 -0.230 -0.279 0.255 9.147	2 0.699 0.597 0.006 -16.875	3 0.230 0.247 -0.289 -3.257	4 -0.702 -0.593 -0.176 15.758
70 0 1 -0.226 -0.271 0.278 8.207	2 0.702 0.602 0.165 -17.244	3 0.226 0.240 -0.255 -2.492	4 -0.702 -0.598 -0.006 16.259
70 0 1 -0.226 -0.263 0.244 6.967	2 0.704 0.606 0.006 -17.736	3 0.223 0.233 -0.255 -1.903	4 -0.704 -0.603 -0.199 16.840
71 0 1 -0.223 -0.255 0.255 6.167	2 0.704 0.611 0.108 17.859	3 0.219 0.226 -0.187 -1.068	4 -0.707 -0.609 -0.255 17.473
72 0 1 -0.219 -0.247 0.301 5.138	2 0.707 0.614 0.153 17.613	3 0.219 0.222 -0.131 -0.655	4 -0.710 -0.614 -0.187 -17.675
73 0 1 -0.216 -0.239 0.267 4.040	2 0.710 0.618 0.119 17.323	3 0.216 0.218 -0.244 -0.145	4 -0.710 -0.619 -0.176 -17.165
73 0 1 -0.216 -0.231 0.267 2.976	2 0.712 0.622 0.165 16.716	3 0.213 0.209 -0.267 0.699	4 -0.712 -0.623 -0.176 -16.813
74 0 1 -0.213 -0.223 0.267 1.877	2 0.712 0.626 0.131 16.224	3 0.211 0.202 -0.187 1.692	4 -0.715 -0.628 -0.187 -16.418
75 0 1 -0.211 -0.216 0.221 0.910	2 0.715 0.630 0.142 15.943	3 0.211 0.197 -0.165 2.536	4 -0.717 -0.632 -0.119 -15.934
76 0 1 -0.208 -0.209 0.221 -0.057	2 0.717 0.635 0.142 15.679	3 0.208 0.191 -0.233 3.204	4 -0.717 -0.637 -0.187 -15.248
76 0 1 -0.208 -0.201 0.210 -1.332	2 0.719 0.639 0.142 14.897	3 0.206 0.186 -0.187 3.829	4 -0.719 -0.642 -0.187 -14.765
77 0 1 -0.206 -0.196 0.244 -2.079	2 0.719 0.644 0.176 14.360	3 0.204 0.181 -0.187 4.549	4 -0.722 -0.647 -0.221 -13.956
78 0 1 -0.204 -0.188 0.278 -3.046	2 0.722 0.648 0.108 13.903	3 0.204 0.175 -0.221 5.560	4 -0.724 -0.653 -0.210 -12.963
79 0 1 -0.202 -0.182 0.199 -3.934	2 0.724 0.653 0.176 13.244	3 0.202 0.169 -0.165 6.132	4 -0.724 -0.659 -0.199 -12.488
79 0 1 -0.202 -0.176 0.210 -5.033	2 0.726 0.657 0.153 12.760	3 0.200 0.164 -0.199 6.923	4 -0.726 -0.664 -0.176 -11.881
80 0 1 -0.200 -0.170 0.199 -5.921	2 0.726 0.662 0.153 12.312	3 0.198 0.158 -0.187 7.767	4 -0.728 -0.669 -0.165 -11.248
81 0 1 -0.198 -0.164 0.165 -6.589	2 0.728 0.666 0.165 11.705	3 0.198 0.152 -0.176 8.611	4 -0.730 -0.673 -0.176 -10.413
82 0 1 -0.197 -0.158 0.176 -7.345	2 0.730 0.669 0.119 11.275	3 0.197 0.147 -0.176 9.358	4 -0.730 -0.677 -0.119 -10.044
82 0 1 -0.197 -0.153 0.142 -8.382	2 0.731 0.673 0.119 11.020	3 0.195 0.142 -0.176 10.220	4 -0.731 -0.681 -0.142 -9.622
83 0 1 -0.195 -0.147 0.176 -9.244	2 0.731 0.675 0.040 10.712	3 0.194 0.136 -0.187 11.099	4 -0.733 -0.685 -0.165 -9.024
84 0 1 -0.194 -0.141 0.187 -10.079	2 0.733 0.678 0.096 10.510	3 0.194 0.132 -0.153 11.873	4 -0.734 -0.688 -0.096 -8.558
85 0 1 -0.193 -0.137 0.165 -10.923	2 0.734 0.681 0.062 10.088	3 0.193 0.128 -0.131 12.514	4 -0.734 -0.691 -0.153 -8.075
85 0 1 -0.193 -0.132 0.176 -11.644	2 0.735 0.684 0.096 9.684	3 0.192 0.123 -0.153 13.103	4 -0.735 -0.694 -0.142 -7.705
86 0 1 -0.192 -0.128 0.062 -12.075	2 0.735 0.686 0.040 9.385	3 0.191 0.120 -0.131 13.631	4 -0.737 -0.697 -0.096 -7.451
87 0 1 -0.191 -0.124 0.176 -12.848	2 0.737 0.688 0.074 9.218	3 0.191 0.116 -0.142 14.413	4 -0.738 -0.699 -0.040 -7.240
88 0 1 -0.191 -0.121 0.085 -13.376	2 0.738 0.690 0.074 9.165	3 0.191 0.112 -0.131 14.862	4 -0.738 -0.701 -0.062 -7.081
88 0 1 -0.191 -0.117 0.131 -14.000	2 0.738 0.690 -0.006 9.051	3 0.190 0.109 -0.142 15.424	4 -0.738 -0.701 -0.017 -7.152
89 0 1 -0.190 -0.113 0.108 -14.545	2 0.738 0.691 0.017 9.024	3 0.190 0.105 -0.096 16.092	4 -0.739 -0.701 -0.040 -7.134
90 0 1 -0.190 -0.110 0.096 -15.125	2 0.739 0.691 0.017 9.121	3 0.190 0.103 -0.108 16.382	4 -0.740 -0.702 -0.051 -7.037
91 0 1 -0.189 -0.107 0.074 -15.512	2 0.740 0.691 -0.040 9.262	3 0.189 0.101 -0.062 16.752	4 -0.740 -0.703 -0.017 -7.073
91 0 1 -0.189 -0.105 0.051 -15.969	2 0.740 0.691 -0.017 9.253	3 0.189 0.099 -0.074 16.998	4 -0.740 -0.704 -0.028 -7.055
92 0 1 -0.189 -0.104 0.062 -16.215	2 0.740 0.691 0.040 9.200	3 0.188 0.098 -0.006 17.086	4 -0.741 -0.704 -0.074 -6.844
93 0 1 -0.188 -0.103 0.017 -16.207	2 0.741 0.692 0.017 9.200	3 0.188 0.098 -0.017 17.121	4 -0.741 -0.706 -0.006 -6.703
94 0 1 -0.188 -0.103 0.017 -16.268	2 0.741 0.693 0.028 9.059	3 0.188 0.098 0.006 17.121	4 -0.741 -0.706 -0.017 -6.571
94 0 1 -0.188 -0.103 -0.028 -16.251	2 0.741 0.694 0.017 9.024	3 0.188 0.098 -0.006 16.998	4 -0.741 -0.707 -0.028 -6.527
95 0 1 -0.188 -0.103 -0.017 -16.171	2 0.741 0.694 0.028 8.989	3 0.188 0.099 0.006 16.936	4 -0.741 -0.708 -0.006 -6.457
96 0 1 -0.188 -0.104 -0.028 -16.084	2 0.741 0.694 0.017 8.936	3 0.188 0.099 0.028 16.857	4 -0.742 -0.708 -0.040 -6.369
97 0 1 -0.188 -0.104 -0.028 -15.960	2 0.742 0.695 0.017 8.936	3 0.188 0.100 0.051 16.734	4 -0.742 -0.709 0.006 -6.360
97 0 1 -0.188 -0.105 -0.051 -15.855	2 0.742 0.695 0.006 8.831	3 0.188 0.101 0.006 16.585	4 -0.742 -0.709 -0.006 -6.316
98 0 1 -0.188 -0.105 -0.028 -15.776	2 0.742 0.695 0.028 8.796	3 0.188 0.101 -0.017 16.514	4 -0.742 -0.709 0.017 -6.334
99 0 1 -0.188 -0.105 -0.017 -15.705	2 0.742 0.695 -0.017 8.796	3 0.188 0.101 -0.017 16.453	4 -0.742 -0.709 0.006 -6.352
0 1 1 -0.188 -0.106 -0.006 -15.609	2 0.742 0.696 -0.017 8.760	3 0.188 0.102 0.017 16.391	4 -0.742 -0.709 0.006 -6.360
0 1 1 -0.188 -0.107 -0.051 -15.495	2 0.742 0.696 -0.006 8.752	3 0.188 0.102 0.006 16.295	4 -0.742 -0.709 -0.028 -6.378
1 1 1 -0.188 -0.107 -0.017 -15.433	2 0.742 0.696 -0.006 8.690	3 0.188 0.102 0.028 16.242	4 -0.742 -0.709 -0.006 -6.360
2 1 1 -0.188 -0.107 0.006 -15.380	2 0.742 0.696 0.017 8.673	3 0.188 0.103 -0.017 16.163	4 -0.742 -0.709 0.006 -6.369
3 1 1 -0.188 -0.107 0.017 -15.345	2 0.742 0.696 0.006 8.629	3 0.188 0.103 -0.006 16.119	4 -0.742 -0.709 -0.006 -6.352
3 1 1 -0.188 -0.108 -0.017 -15.275	2 0.742 0.696 -0.006 8.629	3 0.188 0.103 0.017 16.075	4 -0.742 -0.709 -0.006 -6.334
4 1 1 -0.188 -0.108 -0.028 -15.266	2 0.742 0.696 -0.006 8.629	3 0.188 0.103 -0.006 16.084	4 -0.742 -0.709 -0.006 -6.343
5 1 1 -0.188 -0.108 0.006 -15.231	2 0.742 0.696 -0.006 8.646	3 0.188 0.103 -0.017 16.057	4 -0.741 -0.709 -0.006 -6.343
6 1 1 -0.188 -0.108 -0.006 -15.248	2 0.741 0.696 0.028 8.567	3 0.188 0.103 -0.028 16.048	4 -0.741 -0.709 0.017 -6.281
6 1 1 -0.188 -0.108 -0.028 -15.275	2 0.741 0.696 -0.006 8.567	3 0.188 0.103 0.006 16.066	4 -0.741 -0.709 0.006 -6.281
7 1 1 -0.188 -0.108 -0.040 -15.240	2 0.741 0.696 0.006 8.558	3 0.188 0.103 -0.006 16.101	4 -0.741 -0.709 -0.017 -6.220
8 1 1 -0.188 -0.108 -0.028 -15.301	2 0.741 0.696 -0.028 8.479	3 0.188 0.103 -0.040 16.163	4 -0.741 -0.709 -0.006 -6.229
9 1 1 -0.188 -0.108 0.017 -15.301	2 0.741 0.696 -0.006 8.462	3 0.188 0.103 0.006 16.154	4 -0.741 -0.709 -0.017 -6.132
9 1 1 -0.188 -0.108 0.017 -15.310	2 0.740 0.696 -0.006 8.409	3 0.189 0.103 0.006 16.180	4 -0.740 -0.709 0.006 -6.079
10 1 1 -0.189 -0.108 0.017 -15.380	2 0.740 0.696 0.017 8.374	3 0.189 0.103 -0.017 16.224	4 -0.740 -0.709 0.006 -6.009
11 1 1 -0.189 -0.108 -0.006 -15.459	2 0.740 0.696 -0.017 8.295	3 0.189 0.103 0.017 16.277	4 -0.739 -0.709 -0.006 -6.026
12 1 1 -0.190 -0.108 0.006 -15.521	2 0.739 0.696 -0.006 8.171	3 0.190 0.103 -0.028 16.365	4 -0.739 -0.709 -0.017 -5.877
12 1 1 -0.190 -0.108 0.017 -15.556	2 0.738 0.696 -0.017 8.110	3 0.190 0.103 -0.006 16.488	4 -0.738 -0.709 -0.028 -5.719
13 1 1 -0.190 -0.108 -0.006 -15.679	2 0.738 0.696 0.006 8.031	3 0.191 0.103 -0.028 16.532	4 -0.738 -0.709 -0.040 -5.613
14 1 1 -0.191 -0.108 -0.017 -15.732	2 0.738 0.696 0.017 7.890	3 0.191 0.103 -0.006 16.576	4 -0.737 -0.708 0.017 -5.596
15 1 1 -0.191 -0.108 -0.028 -15.837	2 0.737 0.696 -0.017 7.723	3 0.191 0.103 -0.006 16.708	4 -0.737 -0.708 0.017 -5.402
15 1 1 -0.191 -0.108 0.017 -15.916	2 0.735 0.696 -0.028 7.626	3 0.192 0.103 -0.006 16.831	4 -0.735 -0.708 0.006 -5.200
16 1 1 -0.192 -0.108 -0.017 -16.031	2 0.735 0.696 -0.006 7.512	3 0.193 0.103 0.006 16.927	4 -0.734 -0.708 0.006 -5.042
17 1 1 -0.193 -0.108 -0.017 -16.224	2 0.734 0.695 -0.017 7.327	3 0.193 0.104 0.017 17.059	4 -0.733 -0.708 -0.006 -5.007
18 1 1 -0.194 -0.108 -0.017 -16.418	2 0.733 0.695 -0.017 7.160	3 0.194 0.104 -0.006 17.270	4 -0.733 -0.708 -0.017 -4.813
18 1 1 -0.194 -0.108 -0.017 -16.453	2 0.731 0.695 -0.006 7.064	3 0.195 0.104 -0.028 17.464	4 -0.731 -0.707 0.017 -4.585
19 1 1 -0.195 -0.108 -0.006 -16.673	2 0.731 0.695 -0.017 6.914	3 0.197 0.103 0.006 17.569	4 -0.730 -0.707 0.028 -4.356
20 1 1 -0.197 -0.108 0.006 -16.892	2 0.730 0.694 -0.006 6.615	3 0.197 0.103 -0.006 17.710	4 -0.728 -0.707 0.017 -4.400
21 1 1 -0.198 -0.108 -0.006 -17.095	2 0.728 0.694 -0.006 6.422	3 0.198 0.103 -0.017 -17.956	4 -0.728 -0.706 0.006 -4.180
21 1 1 -0.198 -0.108 -0.017 -17.191	2 0.726 0.694 0.006 6.273	3 0.200 0.103 0.017 -17.631	4 -0.726 -0.706 0.006 -3.864
22 1 1 -0.200 -0.108 -0.006 -17.534	2 0.726 0.694 -0.028 6.088	3 0.202 0.103 -0.006 -17.525	4 -0.724 -0.706 0.028 -3.556
23 1 1 -0.202 -0.108 -0.006 -17.833	2 0.724 0.693 -0.040 5.701	3 0.202 0.103 0.017 -17.341	4 -0.722 -0.706 0.017 -3.547
24 1 1 -0.204 -0.108 -0.017 17.965	2 0.722 0.693 -0.017 5.429	3 0.204 0.104 -0.176 -16.989	4 -0.722 -0.705 -0.006 -3.213
24 1 1 -0.204 -0.108 0.006 17.833	2 0.719 0.693 -0.028 5.288	3 0.206 0.104 -0.176 -16.620	4 -0.719 -0.704 0.028 -3.055
25 1 1 -0.206 -0.109 -0.028 17.446	2 0.719 0.692 -0.017 5.244	3 0.208 0.104 -0.028 -16.418	4 -0.717 -0.702 0.028 -2.818
26 1 1 -0.208 -0.109 -0.017 17.068	2 0.717 0.691 0.006 4.822	3 0.208 0.104 -0.028 -16.127	4 -0.715 -0.701 0.051 -3.081
27 1 1 -0.211 -0.109 -0.062 16.787	2 0.715 0.691 -0.040 4.549	3 0.211 0.104 0.028 -15.662	4 -0.715 -0.699 0.006 -2.870
27 1 1 -0.211 -0.110 -0.028 16.725	2 0.712 0.690 -0.028 4.400	3 0.213 0.104 0.017 -15.240	4 -0.712 -0.698 0.062 -2.738
28 1 1 -0.213 -0.110 -0.028 16.321	2 0.712 0.689 -0.040 4.400	3 0.216 0.104 0.017 -15.099	4 -0.710 -0.697 0.006 -2.422
29 1 1 -0.216 -0.111 -0.051 15.934	2 0.710 0.688 0.006 3.978	3 0.216 0.105 -0.006 -14.826	4 -0.707 -0.696 0.028 -2.554
30 1 1 -0.219 -0.112 -0.062 15.688	2 0.707 0.687 -0.017 3.741	3 0.219 0.106 0.062 -14.510	4 -0.707 -0.695 0.017 -2.264
30 1 1 -0.219 -0.113 -0.085 15.679	2 0.704 0.687 -0.006 3.521	3 0.223 0.107 0.051 -14.193	4 -0.704 -0.694 0.006 -1.930
31 1 1 -0.223 -0.114 -0.040 15.407	2 0.704 0.686 -0.017 3.433	3 0.226 0.109 0.074 -14.202	4 -0.702 -0.694 0.040 -1.648
32 1 1 -0.226 -0.117 -0.119 15.099	2 0.702 0.686 -0.006 2.976	3 0.226 0.110 -0.176 -13.851	4 -0.699 -0.692 0.062 -1.824
33 1 1 -0.230 -0.118 -0.119 14.985	2 0.699 0.685 -0.028 2.545	3 0.230 0.112 0.096 -13.780	4 -0.699 -0.692 0.017 -1.332
33 1 1 -0.230 -0.120 -0.096 15.169	2 0.696 0.685 -0.017 2.387	3 0.234 0.114 0.096 -13.393	4 -0.696 -0.691 0.051 -1.130
34 1 1 -0.234 -0.123 -0.085 14.888	2 0.696 0.684 -0.062 2.325	3 0.238 0.117 0.062 -13.332	4 -0.694 -0.689 0.028 -0.980
35 1 1 -0.238 -0.125 -0.096 14.484	2 0.694 0.683 0.017 2.026	3 0.238 0.119 0.108 -13.402	4 -0.691 -0.688 0.051 -1.059
36 1 1 -0.243 -0.128 -0.153 14.519	2 0.691 0.682 -0.040 1.657	3 0.243 0.122 0.119 -13.182	4 -0.691 -0.686 0.062 -0.840
36 1 1 -0.243 -0.131 -0.108 14.677	2 0.688 0.681 -0.051 1.640	3 0.247 0.125 0.131 -13.059	4 -0.688 -0.686 0.040 -0.558
37 1 1 -0.247 -0.134 -0.142 14.607	2 0.688 0.680 0.006 1.534	3 0.252 0.129 0.119 -13.297	4 -0.686 -0.685 0.074 -0.497
38 1 1 -0.252 -0.138 -0.176 14.545	2 0.686 0.680 0.017 1.191	3 0.252 0.132 0.131 -13.130	4 -0.684 -0.682 0.074 -0.725
39 1 1 -0.257 -0.142 -0.153 14.369	2 0.684 0.678 -0.119 1.103	3 0.257 0.136 0.153 -13.007	4 -0.684 -0.680 0.040 -0.611
39 1 1 -0.257 -0.147 -0.142 14.826	2 0.681 0.677 -0.017 1.077	3 0.263 0.140 0.006 -13.007	4 -0.681 -0.678 0.142 -0.778
40 1 1 -0.263 -0.150 -0.153 14.765	2 0.681 0.675 -0.119 1.358	3 0.268 0.144 0.142 -13.112	4 -0.679 -0.675 0.142 -1.068
41 1 1 -0.268 -0.155 -0.006 14.659	2 0.679 0.672 -0.085 1.455	3 0.268 0.148 0.153 -13.191	4 -0.677 -0.672 0.119 -1.323
42 1 1 -0.274 -0.159 -0.199 14.642	2 0.677 0.670 -0.119 1.473	3 0.274 0.152 0.165 -13.042	4 -0.677 -0.669 0.131 -1.684
42 1 1 -0.274 -0.165 -0.165 14.949	2 0.676 0.667 -0.096 1.815	3 0.280 0.157 0.006 -12.945	4 -0.676 -0.665 0.119 -2.088
43 1 1 -0.280 -0.170 -0.210 15.125	2 0.676 0.666 -0.006 1.903	3 0.286 0.162 0.210 -13.393	4 -0.674 -0.662 0.153 -2.475
44 1 1 -0.286 -0.177 -0.244 15.248	2 0.674 0.663 -0.085 2.088	3 0.286 0.168 0.006 -13.684	4 -0.673 -0.661 0.006 -2.624
45 1 1 -0.292 -0.183 -0.267 15.644	2 0.673 0.662 -0.062 2.105	3 0.292 0.175 0.255 -13.982	4 -0.673 -0.659 0.028 -2.554
45 1 1 -0.292 -0.190 -0.221 16.637	2 0.672 0.661 -0.017 2.158	3 0.299 0.183 0.289 -14.026	4 -0.672 -0.659 0.006 -2.475
46 1 1 -0.299 -0.199 -0.335 16.743	2 0.672 0.661 0.006 2.088	3 0.306 0.191 0.244 -15.152	4 -0.671 -0.657 0.074 -2.607
47 1 1 -0.306 -0.207 -0.312 17.332	2 0.671 0.661 0.028 1.859	3 0.306 0.199 0.323 -15.653	4 -0.670 -0.656 0.017 -2.703
48 1 1 -0.313 -0.216 -0.358 17.974	2 0.670 0.660 -0.040 1.754	3 0.313 0.208 0.335 -16.303	4 -0.670 -0.656 -0.017 -2.721
48 1 1 -0.313 -0.225 -0.267 -16.637	2 0.669 0.660 -0.051 1.815	3 0.320 0.217 0.312 -16.514	4 -0.669 -0.654 0.051 -2.862
49 1 1 -0.320 -0.235 -0.358 -16.224	2 0.669 0.659 -0.017 1.842	3 0.327 0.226 0.267 -17.666	4 -0.669 -0.653 0.040 -3.064
50 1 1 -0.327 -0.244 -0.289 -15.829	2 0.669 0.657 -0.051 2.105	3 0.327 0.234 0.278 17.596	4 -0.669 -0.651 0.096 -3.582
51 1 1 -0.334 -0.253 -0.358 -14.976	2 0.669 0.657 -0.085 2.360	3 0.334 0.244 0.369 17.068	4 -0.669 -0.648 0.131 -4.180
51 1 1 -0.334 -0.263 -0.301 -13.631	2 0.669 0.655 -0.096 2.659	3 0.342 0.253 0.312 16.637	4 -0.669 -0.645 0.108 -4.708
52 1 1 -0.342 -0.273 -0.392 -12.919	2 0.669 0.653 -0.096 3.099	3 0.349 0.262 0.323 15.565	4 -0.669 -0.641 0.131 -5.358
53 1 1 -0.349 -0.283 -0.323 -12.532	2 0.669 0.651 -0.085 3.530	3 0.349 0.271 0.289 14.818	4 -0.670 -0.638 0.085 -6.097
54 1 1 -0.357 -0.292 -0.335 -11.846	2 0.670 0.648 -0.074 4.119	3 0.357 0.281 0.380 14.246	4 -0.670 -0.635 0.074 -6.703
54 1 1 -0.357 -0.304 -0.369 -10.237	2 0.671 0.646 -0.051 4.435	3 0.365 0.291 0.369 13.569	4 -0.671 -0.632 0.062 -7.275
55 1 1 -0.365 -0.315 -0.426 -9.508	2 0.671 0.646 -0.040 4.708	3 0.372 0.303 0.392 12.259	4 -0.672 -0.630 0.017 -7.758
56 1 1 -0.372 -0.326 -0.380 -8.840	2 0.672 0.644 -0.028 5.103	3 0.372 0.314 0.358 11.055	4 -0.673 -0.629 0.040 -8.145
57 1 1 -0.380 -0.337 -0.437 -7.688	2 0.673 0.644 0.006 5.393	3 0.380 0.326 0.426 10.062	4 -0.673 -0.628 0.006 -8.391
57 1 1 -0.380 -0.350 -0.403 -5.727	2 0.674 0.644 -0.051 5.560	3 0.388 0.338 0.460 9.314	4 -0.674 -0.628 0.006 -8.760
58 1 1 -0.388 -0.363 -0.460 -4.708	2 0.674 0.644 -0.017 5.719	3 0.396 0.350 0.380 7.697	4 -0.676 -0.627 0.017 -9.226
59 1 1 -0.396 -0.375 -0.460 -3.943	2 0.676 0.644 -0.028 6.000	3 0.396 0.363 0.426 6.202	4 -0.677 -0.627 0.062 -9.499
60 1 1 -0.404 -0.387 -0.414 -2.791	2 0.677 0.644 -0.028 6.316	3 0.404 0.374 0.392 5.376	4 -0.677 -0.625 0.028 -9.930
60 1 1 -0.404 -0.399 -0.403 -0.954	2 0.679 0.644 -0.040 6.580	3 0.411 0.385 0.392 4.505	4 -0.679 -0.622 0.051 -10.721
61 1 1 -0.411 -0.411 -0.380 -0.391	2 0.679 0.643 -0.017 6.826	3 0.419 0.398 0.426 3.090	4 -0.681 -0.621 0.074 -11.574
62 1 1 -0.419 -0.422 -0.460 0.497	2 0.681 0.643 -0.085 7.468	3 0.419 0.409 0.289 1.956	4 -0.684 -0.619 0.085 -11.969
63 1 1 -0.426 -0.433 -0.380 1.657	2 0.684 0.641 -0.028 7.943	3 0.426 0.420 0.426 1.103	4 -0.684 -0.617 0.028 -12.734
63 1 1 -0.426 -0.445 -0.471 2.607	2 0.686 0.641 -0.006 8.382	3 0.434 0.431 0.346 0.418	4 -0.686 -0.616 0.028 -13.437
64 1 1 -0.434 -0.457 -0.403 4.558	2 0.686 0.640 -0.028 8.716	3 0.441 0.439 0.085 -0.277	4 -0.688 -0.614 0.028 -13.991
65 1 1 -0.441 -0.469 -0.414 5.393	2 0.688 0.640 -0.017 9.218	3 0.441 0.443 0.096 -0.330	4 -0.691 -0.614 0.017 -14.273
66 1 1 -0.448 -0.480 -0.414 6.440	2 0.691 0.639 0.006 9.815	3 0.448 0.453 0.426 -1.059	4 -0.691 -0.613 -0.006 -14.782
66 1 1 -0.448 -0.492 -0.448 8.444	2 0.694 0.638 -0.006 10.158	3 0.455 0.464 0.392 -2.035	4 -0.694 -0.613 0.017 -15.380
67 1 1 -0.455 -0.504 -0.414 9.385	2 0.694 0.638 -0.051 10.501	3 0.462 0.475 0.301 -3.152	4 -0.696 -0.611 0.085 -16.057
68 1 1 -0.462 -0.515 -0.380 10.149	2 0.696 0.638 -0.028 10.932	3 0.462 0.485 0.380 -4.549	4 -0.699 -0.610 0.062 -16.470
69 1 1 -0.469 -0.525 -0.414 11.284	2 0.699 0.638 -0.017 11.389	3 0.469 0.496 0.426 -5.455	4 -0.699 -0.609 0.006 -17.007
69 1 1 -0.469 -0.538 -0.414 12.884	2 0.702 0.638 -0.006 11.679	3 0.475 0.506 0.323 -6.149	4 -0.702 -0.608 0.040 -17.692
70 1 1 -0.475 -0.548 -0.358 14.088	2 0.702 0.638 -0.028 12.066	3 0.482 0.517 0.312 -7.486	4 -0.704 -0.607 0.040 17.508
71 1 1 -0.482 -0.559 -0.369 14.677	2 0.704 0.638 -0.017 12.593	3 0.482 0.527 0.289 -8.734	4 -0.707 -0.606 0.040 17.138
72 1 1 -0.488 -0.569 -0.358 15.802	2 0.707 0.638 -0.017 13.121	3 0.488 0.537 0.323 -9.358	4 -0.707 -0.605 0.051 16.391
72 1 1 -0.488 -0.579 -0.312 17.130	2 0.710 0.637 -0.040 13.499	3 0.493 0.545 0.267 -9.921	4 -0.710 -0.603 0.176 15.916
73 1 1 -0.493 -0.587 -0.301 17.833	2 0.710 0.636 -0.017 13.815	3 0.499 0.554 0.335 -11.363	4 -0.712 -0.603 0.028 15.231
74 1 1 -0.499 -0.596 -0.267 -17.297	2 0.712 0.636 0.017 14.378	3 0.499 0.562 0.187 -11.916	4 -0.715 -0.601 0.062 14.756
75 1 1 -0.504 -0.604 -0.267 -16.725	2 0.715 0.636 -0.017 14.914	3 0.504 0.570 0.323 -12.813	4 -0.715 -0.600 0.176 14.264
75 1 1 -0.504 -0.613 -0.221 -15.363	2 0.717 0.635 -0.062 15.319	3 0.509 0.578 0.221 -13.200	4 -0.717 -0.600 0.017 13.675
76 1 1 -0.509 -0.619 -0.210 -15.037	2 0.717 0.634 -0.062 15.820	3 0.514 0.585 0.199 -14.114	4 -0.719 -0.599 -0.017 13.095
77 1 1 -0.514 -0.626 -0.278 -14.466	2 0.719 0.633 0.017 16.338	3 0.514 0.592 0.244 -14.888	4 -0.722 -0.599 0.017 12.945
78 1 1 -0.518 -0.633 -0.187 -14.018	2 0.722 0.633 -0.040 16.681	3 0.518 0.598 0.210 -15.319	4 -0.722 -0.598 0.051 12.444
78 1 1 -0.518 -0.639 -0.210 -13.191	2 0.724 0.634 -0.006 16.840	3 0.522 0.603 0.187 -15.591	4 -0.724 -0.598 -0.017 11.987
79 1 1 -0.522 -0.645 -0.165 -12.831	2 0.724 0.634 -0.006 17.130	3 0.526 0.609 0.187 -16.189	4 -0.726 -0.597 0.006 11.556
80 1 1 -0.526 -0.649 -0.142 -12.637	2 0.726 0.633 -0.028 17.569	3 0.526 0.613 0.165 -16.681	4 -0.728 -0.597 0.006 11.503
81 1 1 -0.530 -0.653 -0.131 -12.462	2 0.728 0.634 -0.006 17.903	3 0.530 0.617 0.153 -16.752	4 -0.728 -0.598 -0.040 11.116
81 1 1 -0.530 -0.656 -0.119 -11.925	2 0.730 0.633 -0.006 -17.982	3 0.533 0.620 0.108 -16.901	4 -0.730 -0.598 -0.017 10.914
82 1 1 -0.533 -0.660 -0.142 -11.793	2 0.730 0.634 -0.006 -17.824	3 0.536 0.624 0.085 -17.042	4 -0.731 -0.598 -0.017 10.615
83 1 1 -0.536 -0.663 -0.074 -11.688	2 0.731 0.634 0.017 -17.596	3 0.536 0.627 0.085 -17.297	4 -0.733 -0.598 0.176 10.615
84 1 1 -0.539 -0.666 -0.108 -11.644	2 0.733 0.636 0.040 -17.622	3 0.539 0.629 0.062 -17.121	4 -0.733 -0.598 -0.028 10.325
84 1 1 -0.539 -0.669 -0.040 -11.354	2 0.734 0.636 -0.006 -17.569	3 0.541 0.630 0.074 -17.103	4 -0.734 -0.599 -0.062 10.334
85 1 1 -0.541 -0.670 -0.085 -11.486	2 0.734 0.638 0.085 -17.763	3 0.543 0.632 0.062 -17.191	4 -0.735 -0.601 -0.074 10.440
86 1 1 -0.543 -0.672 -0.028 -11.670	2 0.735 0.639 0.017 -17.622	3 0.543 0.633 0.017 -17.086	4 -0.737 -0.601 -0.040 10.475
87 1 1 -0.545 -0.672 -0.028 -11.802	2 0.737 0.639 0.017 -17.587	3 0.545 0.634 0.040 -16.927	4 -0.737 -0.603 -0.062 10.501
87 1 1 -0.545 -0.673 -0.017 -11.767	2 0.738 0.640 0.040 -17.640	3 0.547 0.635 0.006 -16.664	4 -0.738 -0.603 0.176 10.343
88 1 1 -0.547 -0.673 -0.176 -12.004	2 0.738 0.640 -0.006 -17.525	3 0.548 0.634 -0.017 -16.558	4 -0.738 -0.603 -0.028 10.211
89 1 1 -0.548 -0.673 0.017 -12.286	2 0.738 0.640 0.017 -17.393	3 0.548 0.634 -0.028 -16.365	4 -0.739 -0.603 0.176 10.158
90 1 1 -0.550 -0.673 -0.028 -12.453	2 0.739 0.640 0.017 -17.262	3 0.550 0.634 -0.006 -16.127	4 -0.739 -0.603 -0.051 10.026
90 1 1 -0.550 -0.673 -0.006 -12.532	2 0.740 0.640 0.017 -17.191	3 0.551 0.634 -0.006 -15.969	4 -0.740 -0.603 -0.028 9.903
91 1 1 -0.551 -0.673 -0.006 -12.743	2 0.740 0.640 -0.006 -17.112	3 0.552 0.634 -0.017 -15.873	4 -0.740 -0.603 -0.028 9.877
92 1 1 -0.552 -0.673 -0.028 -12.866	2 0.740 0.641 0.040 -17.095	3 0.552 0.635 0.017 -15.776	4 -0.741 -0.603 -0.040 9.921
93 1 1 -0.552 -0.673 -0.176 -12.963	2 0.741 0.641 -0.176 -17.068	3 0.552 0.635 0.006 -15.688	4 -0.741 -0.603 0.176 9.868
93 1 1 -0.552 -0.673 -0.006 -12.980	2 0.741 0.641 0.017 -17.033	3 0.553 0.635 0.006 -15.574	4 -0.741 -0.603 0.176 9.798
94 1 1 -0.553 -0.673 -0.006 -13.130	2 0.741 0.641 0.028 -16.980	3 0.553 0.635 -0.017 -15.556	4 -0.741 -0.603 0.176 9.736
95 1 1 -0.553 -0.673 -0.017 -13.182	2 0.741 0.641 0.040 -16.936	3 0.553 0.635 -0.017 -15.486	4 -0.741 -0.603 -0.017 9.727
96 1 1 -0.554 -0.673 -0.006 -13.226	2 0.741 0.641 -0.006 -16.936	3 0.554 0.635 0.017 -15.459	4 -0.741 -0.603 -0.040 9.763
96 1 1 -0.554 -0.673 0.028 -13.262	2 0.742 0.641 -0.176 -16.910	3 0.554 0.635 -0.017 -15.433	4 -0.742 -0.604 -0.051 9.675
97 1 1 -0.554 -0.673 0.028 -13.270	2 0.742 0.641 -0.006 -16.866	3 0.554 0.635 -0.006 -15.442	4 -0.742 -0.604 -0.051 9.710
98 1 1 -0.554 -0.673 -0.176 -13.244	2 0.742 0.641 -0.017 -16.875	3 0.554 0.635 0.006 -15.451	4 -0.742 -0.603 0.176 9.692
99 1 1 -0.554 -0.673 -0.176 -13.314	2 0.742 0.641 -0.176 -16.866	3 0.554 0.635 0.006 -15.380	4 -0.742 -0.604 0.006 9.684
99 1 1 -0.554 -0.673 -0.176 -13.332	2 0.742 0.641 0.017 -16.866	3 0.554 0.635 0.006 -15.371	4 -0.742 -0.604 -0.017 9.692
1 0 1 -0.554 -0.673 0.028 -13.305	2 0.742 0.641 -0.176 -16.866	3 0.554 0.635 -0.017 -15.398	4 -0.742 -0.604 -0.017 9.719
2 0 1 -0.554 -0.673 0.017 -13.323	2 0.742 0.641 0.028 -16.875	3 0.554 0.635 0.006 -15.380	4 -0.742 -0.604 0.176 9.736
3 0 1 -0.554 -0.673 -0.006 -13.314	2 0.742 0.641 -0.006 -16.875	3 0.554 0.635 -0.006 -15.398	4 -0.742 -0.604 -0.028 9.719
3 0 1 -0.554 -0.673 -0.176 -13.349	2 0.742 0.641 -0.006 -16.875	3 0.554 0.635 0.006 -15.433	4 -0.742 -0.604 -0.028 9.710
4 0 1 -0.554 -0.673 -0.176 -13.279	2 0.742 0.641 0.017 -16.892	3 0.554 0.635 -0.040 -15.459	4 -0.742 -0.604 -0.051 9.719
5 0 1 -0.554 -0.673 -0.006 -13.244	2 0.742 0.641 -0.006 -16.884	3 0.554 0.635 -0.006 -15.477	4 -0.741 -0.604 -0.017 9.719
6 0 1 -0.554 -0.673 -0.176 -13.279	2 0.741 0.641 -0.017 -16.936	3 0.554 0.635 0.017 -15.486	4 -0.741 -0.604 0.006 9.780
6 0 1 -0.554 -0.673 -0.176 -13.244	2 0.741 0.641 -0.006 -16.963	3 0.553 0.635 -0.006 -15.521	4 -0.741 -0.604 -0.028 9.780
7 0 1 -0.553 -0.673 -0.176 -13.191	2 0.741 0.641 0.017 -16.963	3 0.553 0.635 -0.028 -15.556	4 -0.741 -0.604 -0.028 9.851
8 0 1 -0.553 -0.673 -0.006 -13.112	2 0.741 0.641 -0.176 -17.024	3 0.553 0.635 -0.017 -15.600	4 -0.741 -0.604 0.176 9.859
9 0 1 -0.552 -0.673 -0.176 -13.033	2 0.741 0.641 0.017 -17.095	3 0.552 0.635 -0.017 -15.749	4 -0.741 -0.604 -0.051 9.938
9 0 1 -0.552 -0.673 0.017 -12.971	2 0.740 0.641 -0.176 -17.138	3 0.552 0.635 -0.017 -15.864	4 -0.740 -0.604 -0.017 9.965
10 0 1 -0.552 -0.673 -0.176 -12.822	2 0.740 0.641 0.051 -17.165	3 0.551 0.635 -0.017 -15.908	4 -0.740 -0.604 -0.028 10.044
11 0 1 -0.551 -0.673 -0.006 -12.673	2 0.740 0.641 -0.017 -17.218	3 0.551 0.635 -0.006 -16.022	4 -0.739 -0.603 0.006 10.053
12 0 1 -0.550 -0.673 0.028 -12.549	2 0.739 0.641 -0.006 -17.358	3 0.550 0.635 -0.017 -16.207	4 -0.739 -0.603 -0.017 10.202
12 0 1 -0.550 -0.673 -0.028 -12.479	2 0.738 0.641 0.017 -17.411	3 0.548 0.635 -0.028 -16.400	4 -0.738 -0.603 0.176 10.308
13 0 1 -0.548 -0.673 0.028 -12.259	2 0.738 0.641 0.017 -17.499	3 0.547 0.635 -0.017 -16.523	4 -0.738 -0.603 0.176 10.413
14 0 1 -0.547 -0.673 0.017 -12.004	2 0.738 0.641 -0.006 -17.640	3 0.547 0.634 -0.006 -16.681	4 -0.737 -0.603 -0.017 10.440
15 0 1 -0.545 -0.673 0.040 -11.785	2 0.737 0.641 -0.017 -17.798	3 0.545 0.634 -0.040 -16.919	4 -0.737 -0.603 0.176 10.642
15 0 1 -0.545 -0.673 0.028 -11.741	2 0.735 0.641 0.028 -17.903	3 0.543 0.634 -0.062 -17.209	4 -0.735 -0.603 0.006 10.782
16 0 1 -0.543 -0.673 0.051 -11.380	2 0.735 0.641 0.017 18.000	3 0.541 0.634 0.028 -17.385	4 -0.734 -0.603 -0.040 10.932
17 0 1 -0.541 -0.673 -0.176 -10.985	2 0.734 0.640 -0.028 17.798	3 0.541 0.633 -0.017 -17.648	4 -0.733 -0.603 -0.028 10.958
18 0 1 -0.539 -0.673 -0.176 -10.633	2 0.733 0.640 -0.062 17.657	3 0.539 0.633 -0.040 17.947	4 -0.733 -0.602 0.006 11.081
18 0 1 -0.539 -0.673 -0.006 -10.492	2 0.731 0.640 -0.028 17.578	3 0.536 0.633 -0.051 17.534	4 -0.731 -0.602 0.028 11.231
19 0 1 -0.536 -0.672 -0.176 -10.105	2 0.731 0.639 -0.028 17.473	3 0.533 0.633 -0.017 17.314	4 -0.730 -0.601 0.017 11.468
20 0 1 -0.533 -0.672 0.040 -9.657	2 0.730 0.639 -0.006 17.235	3 0.533 0.632 -0.051 17.086	4 -0.728 -0.601 0.176 11.451
21 0 1 -0.530 -0.671 0.017 -9.244	2 0.728 0.638 -0.062 17.059	3 0.530 0.631 -0.062 16.716	4 -0.728 -0.599 0.028 11.530
21 0 1 -0.530 -0.671 -0.176 -9.121	2 0.726 0.638 -0.040 16.963	3 0.526 0.630 -0.074 16.251	4 -0.726 -0.598 0.085 11.600
22 0 1 -0.526 -0.670 0.051 -8.558	2 0.726 0.637 -0.040 16.901	3 0.522 0.629 -0.040 15.996	4 -0.724 -0.598 0.017 11.881
23 0 1 -0.522 -0.670 0.051 -7.987	2 0.724 0.636 -0.040 16.734	3 0.522 0.628 -0.074 15.767	4 -0.722 -0.596 0.028 11.749
24 0 1 -0.518 -0.668 0.051 -7.688	2 0.722 0.635 -0.074 16.673	3 0.518 0.627 -0.062 15.248	4 -0.722 -0.595 0.017 11.960
24 0 1 -0.518 -0.667 0.051 -7.811	2 0.719 0.633 -0.062 16.637	3 0.514 0.627 -0.085 14.677	4 -0.719 -0.594 0.051 11.969
25 0 1 -0.514 -0.665 0.074 -7.248	2 0.719 0.631 -0.085 16.866	3 0.509 0.624 -0.085 14.633	4 -0.717 -0.591 0.074 12.189
26 0 1 -0.509 -0.663 0.119 -6.879	2 0.717 0.628 -0.131 17.015	3 0.509 0.622 -0.096 14.448	4 -0.715 -0.589 0.028 11.767
27 0 1 -0.504 -0.660 0.119 -6.826	2 0.715 0.625 -0.187 17.165	3 0.504 0.620 -0.119 13.982	4 -0.715 -0.587 0.096 11.486
27 0 1 -0.504 -0.657 0.153 -7.266	2 0.712 0.621 -0.165 17.560	3 0.499 0.617 -0.142 13.771	4 -0.712 -0.583 0.153 11.178
28 0 1 -0.499 -0.652 0.165 -6.747	2 0.712 0.616 -0.199 -17.771	3 0.493 0.613 -0.108 13.921	4 -0.710 -0.579 0.153 10.923
29 0 1 -0.493 -0.648 0.119 -6.642	2 0.710 0.612 -0.119 -17.411	3 0.493 0.609 -0.210 14.105	4 -0.707 -0.574 0.165 10.273
30 0 1 -0.488 -0.644 0.165 -6.659	2 0.707 0.607 -0.153 -16.971	3 0.488 0.604 -0.233 13.956	4 -0.707 -0.568 0.131 9.701
30 0 1 -0.488 -0.640 0.176 -7.002	2 0.704 0.603 -0.153 -16.356	3 0.482 0.598 -0.006 13.842	4 -0.704 -0.563 0.142 9.138
31 0 1 -0.482 -0.635 0.165 -6.659	2 0.704 0.599 -0.131 -15.978	3 0.475 0.593 -0.165 14.176	4 -0.702 -0.559 0.119 8.857
32 0 1 -0.475 -0.631 0.153 -6.457	2 0.702 0.594 -0.358 -15.547	3 0.475 0.589 -0.006 14.237	4 -0.699 -0.556 0.108 8.347
33 0 1 -0.469 -0.626 0.153 -6.738	2 0.699 0.590 -0.165 -15.266	3 0.469 0.585 -0.199 14.035	4 -0.699 -0.553 0.153 8.154
33 0 1 -0.469 -0.620 0.210 -7.134	2 0.696 0.585 -0.108 -14.668	3 0.462 0.580 -0.165 13.675	4 -0.696 -0.550 0.085 8.215
34 0 1 -0.462 -0.615 0.176 -6.949	2 0.696 0.582 -0.085 -14.440	3 0.455 0.576 -0.176 13.851	4 -0.694 -0.548 0.096 7.978
35 0 1 -0.455 -0.611 0.165 -6.589	2 0.694 0.579 -0.085 -14.176	3 0.455 0.570 -0.199 14.079	4 -0.691 -0.544 0.040 7.600
36 0 1 -0.448 -0.606 0.221 -6.554	2 0.691 0.575 -0.165 -13.833	3 0.448 0.564 -0.255 14.035	4 -0.691 -0.540 0.108 7.389
36 0 1 -0.448 -0.599 0.006 -7.310	2 0.688 0.571 -0.096 -13.552	3 0.441 0.559 -0.006 13.648	4 -0.688 -0.537 0.131 7.116
37 0 1 -0.441 -0.594 0.210 -7.415	2 0.688 0.567 -0.165 -12.848	3 0.434 0.554 -0.176 13.886	4 -0.686 -0.534 0.096 6.844
38 0 1 -0.434 -0.588 0.210 -6.905	2 0.686 0.562 -0.153 -12.514	3 0.434 0.548 -0.221 14.290	4 -0.684 -0.530 0.108 6.431
39 0 1 -0.426 -0.582 0.006 -6.791	2 0.684 0.559 -0.096 -12.374	3 0.426 0.543 -0.221 13.921	4 -0.684 -0.527 0.074 6.220
39 0 1 -0.426 -0.577 0.006 -7.556	2 0.681 0.556 -0.085 -11.943	3 0.419 0.537 -0.278 13.815	4 -0.681 -0.524 0.062 6.193
40 0 1 -0.419 -0.571 0.210 -7.152	2 0.681 0.554 -0.096 -11.679	3 0.411 0.531 -0.199 14.237	4 -0.679 -0.522 0.062 5.965
41 0 1 -0.411 -0.565 0.244 -7.029	2 0.679 0.551 -0.074 -11.512	3 0.411 0.525 -0.210 14.457	4 -0.677 -0.520 0.062 5.710
42 0 1 -0.404 -0.559 0.233 -7.222	2 0.677 0.549 -0.051 -11.662	3 0.404 0.519 -0.255 14.062	4 -0.677 -0.517 0.051 5.613
42 0 1 -0.404 -0.553 0.006 -7.407	2 0.676 0.547 -0.017 -11.442	3 0.396 0.514 -0.210 13.815	4 -0.676 -0.516 0.040 5.552
43 0 1 -0.396 -0.548 0.221 -7.116	2 0.676 0.546 -0.028 -11.257	3 0.388 0.508 -0.233 14.255	4 -0.674 -0.514 0.028 5.534
44 0 1 -0.388 -0.542 0.006 -6.747	2 0.674 0.544 -0.006 -11.398	3 0.388 0.501 -0.199 14.422	4 -0.673 -0.513 0.006 5.402
45 0 1 -0.380 -0.536 0.199 -6.536	2 0.673 0.544 -0.017 -11.459	3 0.380 0.495 -0.233 14.229	4 -0.673 -0.512 -0.040 5.543
45 0 1 -0.380 -0.530 0.006 -7.451	2 0.672 0.543 -0.006 -11.442	3 0.372 0.490 -0.233 13.877	4 -0.672 -0.512 -0.017 5.648
46 0 1 -0.372 -0.524 0.301 -7.679	2 0.672 0.542 -0.062 -11.319	3 0.365 0.484 -0.210 14.369	4 -0.671 -0.512 -0.040 5.851
47 0 1 -0.365 -0.516 0.199 -7.108	2 0.671 0.541 -0.176 -11.442	3 0.365 0.477 -0.006 14.466	4 -0.670 -0.513 -0.028 5.938
48 0 1 -0.357 -0.511 0.210 -7.380	2 0.670 0.541 -0.176 -11.565	3 0.357 0.471 -0.289 14.299	4 -0.670 -0.512 0.028 6.035
48 0 1 -0.357 -0.504 0.255 -7.934	2 0.669 0.541 0.017 -11.591	3 0.349 0.464 -0.255 14.448	4 -0.669 -0.512 -0.028 6.088
49 0 1 -0.349 -0.498 0.210 -7.916	2 0.669 0.541 -0.028 -11.618	3 0.342 0.458 -0.221 14.897	4 -0.669 -0.512 -0.028 6.158
50 0 1 -0.342 -0.490 0.267 -8.101	2 0.669 0.541 -0.028 -11.600	3 0.342 0.450 -0.255 15.398	4 -0.669 -0.513 -0.040 6.237
51 0 1 -0.334 -0.483 0.255 -8.136	2 0.669 0.540 -0.017 -11.582	3 0.334 0.443 -0.255 15.380	4 -0.669 -0.513 -0.028 6.246
51 0 1 -0.334 -0.475 0.244 -9.138	2 0.669 0.540 -0.006 -11.547	3 0.327 0.436 -0.301 15.574	4 -0.669 -0.513 -0.028 6.281
52 0 1 -0.327 -0.467 0.267 -9.358	2 0.669 0.540 -0.017 -11.582	3 0.320 0.428 -0.289 16.374	4 -0.669 -0.513 -0.051 6.316
53 0 1 -0.320 -0.459 0.289 -9.930	2 0.669 0.540 -0.028 -11.442	3 0.320 0.419 -0.289 16.989	4 -0.670 -0.514 -0.062 6.387
54 0 1 -0.313 -0.451 0.278 -9.956	2 0.670 0.540 0.017 -11.389	3 0.313 0.411 -0.312 17.402	4 -0.670 -0.514 -0.040 6.448
54 0 1 -0.313 -0.443 0.255 -11.213	2 0.671 0.540 -0.006 -11.354	3 0.306 0.404 -0.289 17.446	4 -0.671 -0.515 -0.062 6.475
55 0 1 -0.306 -0.434 0.301 -11.486	2 0.671 0.540 -0.017 -11.275	3 0.299 0.396 -0.221 -17.587	4 -0.672 -0.517 -0.142 6.818
56 0 1 -0.299 -0.426 0.312 -12.295	2 0.672 0.540 -0.176 -11.073	3 0.299 0.387 -0.312 -16.971	4 -0.673 -0.518 -0.074 6.905
57 0 1 -0.292 -0.416 0.312 -12.681	2 0.673 0.541 0.040 -11.090	3 0.292 0.379 -0.301 -16.286	4 -0.673 -0.520 -0.085 7.020
57 0 1 -0.292 -0.409 0.267 -13.842	2 0.674 0.543 0.096 -11.319	3 0.286 0.371 -0.323 -15.969	4 -0.674 -0.522 -0.062 7.073
58 0 1 -0.286 -0.400 0.323 -14.387	2 0.674 0.544 0.017 -11.275	3 0.280 0.363 -0.267 -15.011	4 -0.676 -0.525 -0.153 7.380
59 0 1 -0.280 -0.391 0.289 -14.941	2 0.676 0.545 0.040 -11.178	3 0.280 0.355 -0.255 -14.431	4 -0.677 -0.529 -0.165 8.075
60 0 1 -0.274 -0.382 0.335 -15.846	2 0.677 0.547 0.074 -11.398	3 0.274 0.346 -0.289 -13.578	4 -0.677 -0.532 -0.119 8.303
60 0 1 -0.274 -0.374 0.210 -16.989	2 0.679 0.551 0.131 -11.670	3 0.268 0.339 -0.278 -13.332	4 -0.679 -0.536 -0.165 8.813
61 0 1 -0.268 -0.366 0.289 -17.385	2 0.679 0.554 0.119 -12.224	3 0.263 0.330 -0.278 -12.119 4 -0.681 -0.540 -0.006 9.226
62 0 1 -0.263 -0.358 0.289 17.833	2 0.681 0.558 0.096 -12.470	3 0.263 0.322 -0.244 -11.459	4 -0.684 -0.545 -0.199 10.062
63 0 1 -0.257 -0.348 0.346 16.963	2 0.684 0.561 0.176 -12.778	3 0.257 0.314 -0.312 -10.501	4 -0.684 -0.550 -0.165 10.431
63 0 1 -0.257 -0.340 0.255 15.662	2 0.686 0.565 0.210 -13.376	3 0.252 0.306 -0.301 -10.105	4 -0.686 -0.554 -0.199 10.958
64 0 1 -0.252 -0.332 0.267 15.037	2 0.686 0.568 0.108 -13.666	3 0.247 0.298 -0.289 -8.971	4 -0.688 -0.559 -0.006 11.336
65 0 1 -0.247 -0.323 0.278 14.229	2 0.688 0.572 0.131 -13.912	3 0.247 0.289 -0.323 -7.987	4 -0.691 -0.563 -0.165 12.242
66 0 1 -0.243 -0.315 0.312 13.402	2 0.691 0.576 0.153 -14.211	3 0.243 0.281 -0.312 -7.081	4 -0.691 -0.569 -0.210 12.892
66 0 1 -0.243 -0.306 0.267 12.013	2 0.694 0.580 0.176 -14.844	3 0.238 0.273 -0.301 -6.369	4 -0.694 -0.574 -0.199 13.156
67 0 1 -0.238 -0.298 0.255 11.327	2 0.694 0.585 0.131 -15.152	3 0.234 0.265 -0.244 -5.411	4 -0.696 -0.578 -0.006 13.763
68 0 1 -0.234 -0.289 0.289 10.378	2 0.696 0.589 0.165 -15.530	3 0.234 0.257 -0.267 -4.321	4 -0.699 -0.583 -0.006 14.695
69 0 1 -0.230 -0.281 0.278 9.429	2 0.699 0.593 0.210 -16.189	3 0.230 0.249 -0.267 -3.538	4 -0.699 -0.589 -0.210 15.380
69 0 1 -0.230 -0.273 0.267 8.022	2 0.702 0.599 0.006 -16.884	3 0.226 0.242 -0.221 -2.651	4 -0.702 -0.596 -0.255 15.837
70 0 1 -0.226 -0.265 0.267 7.380	2 0.702 0.603 0.165 -17.508	3 0.223 0.235 -0.210 -1.921	4 -0.704 -0.601 -0.210 16.725
71 0 1 -0.223 -0.257 0.244 6.492	2 0.704 0.609 0.165 -17.842	3 0.223 0.228 -0.187 -1.262	4 -0.707 -0.607 -0.233 17.569
72 0 1 -0.219 -0.249 0.255 5.402	2 0.707 0.614 0.187 17.578	3 0.219 0.224 -0.119 -0.901	4 -0.707 -0.613 -0.199 -17.798
72 0 1 -0.219 -0.242 0.221 4.391	2 0.710 0.619 0.187 16.884	3 0.216 0.220 -0.187 -0.497	4 -0.710 -0.619 -0.187 -17.007
73 0 1 -0.216 -0.235 0.221 3.556	2 0.710 0.623 0.119 16.558	3 0.213 0.212 -0.278 0.479	4 -0.712 -0.624 -0.176 -16.725
74 0 1 -0.213 -0.226 0.335 2.325	2 0.712 0.628 0.153 16.075	3 0.213 0.204 -0.199 0.567	4 -0.715 -0.629 -0.176 -15.864
75 0 1 -0.211 -0.219 0.289 1.182	2 0.715 0.631 0.142 15.723	3 0.211 0.199 -0.176 2.149	4 -0.715 -0.633 -0.119 -15.547
75 0 1 -0.211 -0.211 0.233 0.127	2 0.717 0.635 0.085 15.380	3 0.208 0.195 -0.267 2.712	4 -0.717 -0.637 -0.119 -15.178
76 0 1 -0.208 -0.204 0.210 -0.848	2 0.717 0.639 0.142 14.791	3 0.206 0.188 -0.199 3.732	4 -0.719 -0.641 -0.176 -14.853
77 0 1 -0.206 -0.197 0.199 -1.745	2 0.719 0.643 0.142 14.545	3 0.206 0.182 -0.165 4.558	4 -0.722 -0.645 -0.153 -14.035
78 0 1 -0.204 -0.190 0.244 -2.765	2 0.722 0.647 0.153 13.965	3 0.204 0.176 -0.267 5.402	4 -0.722 -0.650 -0.153 -13.560
78 0 1 -0.204 -0.183 0.221 -4.031	2 0.724 0.651 0.096 13.587	3 0.202 0.170 -0.176 6.079	4 -0.724 -0.656 -0.187 -12.901
79 0 1 -0.202 -0.177 0.187 -4.840	2 0.724 0.655 0.119 13.015	3 0.200 0.165 -0.199 6.923	4 -0.726 -0.661 -0.187 -12.286
80 0 1 -0.200 -0.170 0.210 -5.807	2 0.726 0.659 0.142 12.576	3 0.200 0.159 -0.244 7.793	4 -0.728 -0.666 -0.187 -11.327
81 0 1 -0.198 -0.165 0.187 -6.519	2 0.728 0.664 0.176 11.916	3 0.198 0.153 -0.187 8.488	4 -0.728 -0.672 -0.187 -10.826
81 0 1 -0.198 -0.159 0.119 -7.160	2 0.730 0.668 0.074 11.591	3 0.197 0.147 -0.165 9.147	4 -0.730 -0.676 -0.165 -10.273
82 0 1 -0.197 -0.154 0.131 -8.242	2 0.730 0.672 0.131 10.905	3 0.195 0.143 -0.187 10.158	4 -0.731 -0.680 -0.165 -9.727
83 0 1 -0.195 -0.149 0.187 -9.068	2 0.731 0.676 0.085 10.677	3 0.195 0.138 -0.187 11.037	4 -0.733 -0.684 -0.153 -8.910
84 0 1 -0.194 -0.143 0.176 -9.912	2 0.733 0.678 0.119 10.396	3 0.194 0.133 -0.119 11.662	4 -0.733 -0.688 -0.119 -8.655
84 0 1 -0.194 -0.138 0.131 -10.703	2 0.734 0.681 0.028 9.947	3 0.193 0.129 -0.153 12.286	4 -0.734 -0.691 -0.131 -8.154
85 0 1 -0.193 -0.133 0.142 -11.336	2 0.734 0.684 0.074 9.684	3 0.192 0.125 -0.153 12.954	4 -0.735 -0.694 -0.108 -7.793
86 0 1 -0.192 -0.129 0.176 -11.908	2 0.735 0.686 0.074 9.429	3 0.192 0.120 -0.131 13.587	4 -0.737 -0.696 -0.074 -7.398
87 0 1 -0.191 -0.125 0.142 -12.752	2 0.737 0.687 0.062 9.226	3 0.191 0.117 -0.142 14.246	4 -0.737 -0.699 -0.028 -7.319
87 0 1 -0.191 -0.121 0.085 -13.393	2 0.738 0.689 0.051 9.103	3 0.191 0.113 -0.142 14.809	4 -0.738 -0.700 -0.085 -7.108
88 0 1 -0.191 -0.118 0.153 -13.938	2 0.738 0.690 0.017 9.103	3 0.190 0.109 -0.153 15.389	4 -0.738 -0.701 -0.017 -7.134
89 0 1 -0.190 -0.114 0.108 -14.501	2 0.738 0.691 0.028 8.971	3 0.190 0.106 -0.119 15.996	4 -0.739 -0.702 -0.040 -6.985
90 0 1 -0.190 -0.111 0.108 -15.037	2 0.739 0.691 0.006 9.112	3 0.190 0.103 -0.062 16.251	4 -0.739 -0.703 -0.096 -6.932
90 0 1 -0.190 -0.108 0.119 -15.486	2 0.740 0.691 -0.017 9.156	3 0.189 0.102 -0.108 16.716	4 -0.740 -0.704 0.028 -6.958
91 0 1 -0.189 -0.106 0.074 -15.890	2 0.740 0.691 -0.006 9.156	3 0.189 0.100 -0.074 16.971	4 -0.740 -0.704 -0.085 -6.738
92 0 1 -0.189 -0.104 0.028 -16.092	2 0.740 0.692 0.017 9.165	3 0.189 0.099 -0.017 16.980	4 -0.741 -0.706 -0.017 -6.615
93 0 1 -0.188 -0.104 0.040 -16.171	2 0.741 0.693 0.051 8.998	3 0.188 0.098 -0.028 17.068	4 -0.741 -0.706 -0.006 -6.519
93 0 1 -0.188 -0.103 0.006 -16.163	2 0.741 0.694 0.006 8.927	3 0.188 0.098 -0.040 17.095	4 -0.741 -0.707 -0.040 -6.431
94 0 1 -0.188 -0.104 -0.017 -16.171	2 0.741 0.694 0.006 8.866	3 0.188 0.099 0.017 17.015	4 -0.741 -0.708 -0.017 -6.378
95 0 1 -0.188 -0.104 0.028 -16.084	2 0.741 0.694 0.006 8.884	3 0.188 0.099 0.006 16.936	4 -0.741 -0.708 -0.028 -6.290
96 0 1 -0.188 -0.104 -0.028 -16.040	2 0.741 0.695 0.028 8.840	3 0.188 0.099 0.028 16.884	4 -0.741 -0.709 -0.017 -6.273
96 0 1 -0.188 -0.104 -0.028 -15.987	2 0.742 0.695 -0.006 8.796	3 0.188 0.099 0.006 16.796	4 -0.742 -0.709 -0.017 -6.290
97 0 1 -0.188 -0.104 -0.017 -15.881	2 0.742 0.696 -0.006 8.752	3 0.188 0.100 0.017 16.673	4 -0.742 -0.709 -0.006 -6.273
98 0 1 -0.188 -0.105 -0.017 -15.776	2 0.742 0.696 0.017 8.708	3 0.188 0.101 -0.017 16.549	4 -0.742 -0.709 -0.028 -6.281
99 0 1 -0.188 -0.105 -0.028 -15.697	2 0.742 0.696 0.006 8.673	3 0.188 0.101 0.017 16.470	4 -0.742 -0.709 -0.006 -6.308
99 0 1 -0.188 -0.106 -0.040 -15.618	2 0.742 0.696 -0.006 8.637	3 0.188 0.101 0.017 16.400	4 -0.742 -0.709 -0.017 -6.308
0 1 1 -0.188 -0.107 -0.028 -15.486	2 0.742 0.696 -0.017 8.585	3 0.188 0.102 -0.006 16.312	4 -0.742 -0.709 -0.006 -6.316
1 1 1 -0.188 -0.107 -0.006 -15.433	2 0.742 0.696 -0.006 8.585	3 0.188 0.102 0.006 16.259	4 -0.742 -0.709 0.006 -6.316
2 1 1 -0.188 -0.107 -0.028 -15.354	2 0.742 0.697 -0.006 8.558	3 0.188 0.103 0.017 16.154	4 -0.742 -0.709 0.006 -6.299
2 1 1 -0.188 -0.108 0.017 -15.292	2 0.742 0.697 -0.006 8.558	3 0.188 0.103 0.017 16.110	4 -0.742 -0.709 0.028 -6.325
3 1 1 -0.188 -0.108 -0.006 -15.257	2 0.742 0.697 0.006 8.567	3 0.188 0.103 0.006 16.075	4 -0.742 -0.709 -0.017 -6.316
4 1 1 -0.188 -0.108 -0.040 -15.222	2 0.742 0.697 0.017 8.558	3 0.188 0.103 -0.062 16.066	4 -0.742 -0.709 -0.028 -6.316
5 1 1 -0.188 -0.108 -0.017 -15.204	2 0.742 0.696 -0.017 8.567	3 0.188 0.103 -0.017 16.040	4 -0.742 -0.709 0.006 -6.316
5 1 1 -0.188 -0.108 -0.017 -15.204	2 0.741 0.697 0.006 8.549	3 0.188 0.103 -0.028 16.048	4 -0.741 -0.709 -0.006 -6.229
6 1 1 -0.188 -0.108 0.006 -15.187	2 0.741 0.697 -0.028 8.488	3 0.188 0.103 -0.006 16.040	4 -0.741 -0.709 -0.028 -6.246
7 1 1 -0.188 -0.108 0.006 -15.187	2 0.741 0.696 -0.017 8.497	3 0.188 0.103 0.006 16.048	4 -0.741 -0.709 -0.006 -6.246
8 1 1 -0.188 -0.108 -0.006 -15.266	2 0.741 0.697 0.017 8.444	3 0.188 0.103 -0.017 16.136	4 -0.741 -0.709 -0.006 -6.185
8 1 1 -0.188 -0.108 0.017 -15.266	2 0.741 0.696 -0.017 8.391	3 0.188 0.103 -0.017 16.145	4 -0.741 -0.709 0.028 -6.123
9 1 1 -0.188 -0.108 -0.006 -15.284	2 0.741 0.696 -0.006 8.356	3 0.189 0.103 -0.006 16.154	4 -0.740 -0.709 -0.006 -6.053
10 1 1 -0.189 -0.108 0.017 -15.327	2 0.740 0.696 -0.017 8.277	3 0.189 0.103 -0.006 16.207	4 -0.740 -0.709 -0.028 -6.035
11 1 1 -0.189 -0.108 -0.006 -15.407	2 0.740 0.696 -0.028 8.215	3 0.189 0.103 -0.040 16.277	4 -0.740 -0.709 0.017 -5.974
11 1 1 -0.189 -0.108 -0.028 -15.424	2 0.739 0.697 0.006 8.163	3 0.190 0.103 -0.028 16.356	4 -0.739 -0.709 0.006 -5.824
12 1 1 -0.190 -0.108 -0.028 -15.495	2 0.739 0.696 -0.006 8.066	3 0.190 0.103 -0.028 16.418	4 -0.738 -0.709 -0.006 -5.719
13 1 1 -0.190 -0.108 -0.017 -15.626	2 0.738 0.696 -0.006 7.934	3 0.190 0.103 0.006 16.488	4 -0.738 -0.709 -0.017 -5.701
14 1 1 -0.191 -0.108 -0.017 -15.670	2 0.738 0.696 0.006 7.820	3 0.191 0.103 -0.017 16.593	4 -0.738 -0.709 -0.017 -5.578
14 1 1 -0.191 -0.108 -0.017 -15.697	2 0.737 0.696 -0.017 7.714	3 0.191 0.103 -0.017 16.708	4 -0.737 -0.709 -0.028 -5.358
15 1 1 -0.191 -0.108 -0.006 -15.855	2 0.737 0.696 -0.006 7.618	3 0.192 0.104 0.006 16.743	4 -0.735 -0.708 -0.017 -5.200
16 1 1 -0.192 -0.108 0.017 -15.996	2 0.735 0.696 -0.006 7.380	3 0.192 0.103 -0.006 16.848	4 -0.734 -0.708 -0.006 -5.174
17 1 1 -0.193 -0.108 0.006 -16.127	2 0.734 0.696 -0.006 7.204	3 0.193 0.104 0.006 17.051	4 -0.734 -0.708 -0.006 -4.980
17 1 1 -0.193 -0.108 -0.017 -16.207	2 0.733 0.696 -0.006 7.125	3 0.194 0.104 -0.006 17.253	4 -0.733 -0.708 -0.028 -4.760
18 1 1 -0.194 -0.108 0.006 -16.400	2 0.733 0.696 -0.006 7.020	3 0.195 0.104 -0.017 17.341	4 -0.731 -0.708 -0.006 -4.567
19 1 1 -0.195 -0.108 -0.028 -16.620	2 0.731 0.696 -0.017 6.747	3 0.195 0.104 -0.006 17.499	4 -0.730 -0.708 -0.017 -4.514
20 1 1 -0.197 -0.108 0.006 -16.769	2 0.730 0.695 -0.062 6.554	3 0.197 0.103 -0.028 17.701	4 -0.730 -0.707 0.028 -4.251
20 1 1 -0.197 -0.108 0.006 -16.831	2 0.728 0.695 -0.040 6.431	3 0.198 0.104 -0.006 17.974	4 -0.728 -0.707 0.028 -4.092
21 1 1 -0.198 -0.109 -0.017 -17.112	2 0.728 0.695 0.006 6.299	3 0.200 0.103 -0.176 -17.877	4 -0.726 -0.707 0.017 -3.837
22 1 1 -0.200 -0.108 -0.028 -17.490	2 0.726 0.694 -0.028 5.982	3 0.200 0.103 -0.006 -17.640	4 -0.724 -0.706 -0.006 -3.820
23 1 1 -0.202 -0.109 -0.028 -17.701	2 0.724 0.694 -0.051 5.666	3 0.202 0.104 0.017 -17.349	4 -0.724 -0.706 0.028 -3.433
23 1 1 -0.202 -0.109 -0.040 -17.763	2 0.722 0.694 -0.006 5.534	3 0.204 0.104 -0.006 -17.024	4 -0.722 -0.706 0.006 -3.143
24 1 1 -0.204 -0.109 -0.017 17.895	2 0.722 0.693 -0.017 5.314	3 0.206 0.104 0.017 -16.884	4 -0.719 -0.705 0.028 -2.862
25 1 1 -0.206 -0.109 -0.040 17.481	2 0.719 0.693 -0.006 5.051	3 0.206 0.104 0.017 -16.585	4 -0.717 -0.704 0.028 -2.976
26 1 1 -0.208 -0.109 -0.017 17.209	2 0.717 0.692 -0.051 4.752	3 0.208 0.104 -0.006 -16.171	4 -0.717 -0.702 0.085 -2.651
26 1 1 -0.208 -0.109 -0.028 17.121	2 0.715 0.691 -0.040 4.585	3 0.211 0.104 -0.006 -15.741	4 -0.715 -0.702 0.040 -2.475
27 1 1 -0.211 -0.109 -0.028 16.690	2 0.715 0.691 -0.017 4.462	3 0.213 0.104 -0.006 -15.521	4 -0.712 -0.700 0.085 -2.387