L 58 1 1 -0.307 -0.355 0.085 16.514	2 0.670 0.575 -0.051 -2.598	R 48 0 3 0.015 0.007 0.062 0.374	4 -0.184 -0.192 0.085 2.782
L 59 1 1 -0.305 -0.353 0.085 16.611	2 0.671 0.574 -0.085 -1.771	R 48 0 3 0.015 0.018 0.255 -0.884	4 -0.182 -0.190 0.028 2.132
L 60 1 1 -0.302 -0.350 0.074 16.813	2 0.671 0.572 -0.074 -1.745	R 49 0 3 0.025 0.024 0.301 0.084	4 -0.182 -0.189 0.017 2.571
L 60 1 1 -0.302 -0.348 0.074 16.110	2 0.672 0.569 -0.040 -1.991	R 50 0 3 0.035 0.028 0.221 1.719	4 -0.180 -0.188 0.017 2.686
L 61 1 1 -0.299 -0.345 0.085 16.198	2 0.672 0.567 -0.096 -1.868	R 51 0 3 0.046 0.037 0.165 0.673	4 -0.179 -0.188 0.006 3.169
L 62 1 1 -0.296 -0.342 0.119 16.189	2 0.672 0.564 -0.074 -2.035	R 51 0 3 0.046 0.045 0.187 0.224	4 -0.178 -0.188 -0.017 3.090
L 63 1 1 -0.293 -0.339 0.119 15.697	2 0.673 0.562 -0.062 -1.745	R 52 0 3 0.057 0.054 0.392 0.734	4 -0.178 -0.187 0.006 3.292
L 63 1 1 -0.293 -0.336 0.131 14.774	2 0.673 0.559 -0.051 -2.360	R 53 0 3 0.068 0.061 0.335 1.455	4 -0.177 -0.186 0.074 3.002
L 64 1 1 -0.290 -0.332 0.096 14.589	2 0.673 0.559 0.051 -2.791	R 54 0 3 0.079 0.068 0.085 1.279	4 -0.177 -0.186 -0.040 3.055
L 65 1 1 -0.288 -0.331 0.017 15.266	2 0.674 0.560 0.040 -1.684	R 54 0 3 0.079 0.080 0.437 -0.426	4 -0.178 -0.186 -0.028 3.064
L 66 1 1 -0.285 -0.329 0.062 15.363	2 0.674 0.560 -0.176 -1.516	R 55 0 3 0.090 0.090 0.414 0.075	4 -0.178 -0.186 -0.017 2.835
L 66 1 1 -0.285 -0.327 0.096 14.888	2 0.675 0.560 -0.176 -1.587	R 56 0 3 0.102 0.096 0.346 1.095	4 -0.179 -0.186 -0.006 2.264
L 67 1 1 -0.282 -0.325 0.074 14.993	2 0.675 0.560 0.017 -1.613	R 57 0 3 0.114 0.106 0.153 0.031	4 -0.182 -0.186 -0.040 1.719
L 68 1 1 -0.279 -0.323 0.108 15.275	2 0.676 0.560 0.017 -1.349	R 57 0 3 0.114 0.118 0.358 -1.446	4 -0.185 -0.189 -0.051 2.334
L 69 1 1 -0.277 -0.321 0.085 15.310	2 0.677 0.560 -0.176 -1.578	R 58 0 3 0.127 0.126 0.392 0.207	4 -0.185 -0.191 0.006 1.868
L 69 1 1 -0.277 -0.319 0.062 14.800	2 0.677 0.559 -0.017 -1.947	R 59 0 3 0.140 0.131 0.323 1.895	4 -0.190 -0.192 -0.062 0.936
L 70 1 1 -0.274 -0.318 0.062 15.248	2 0.677 0.559 0.017 -2.070	R 60 0 3 0.153 0.141 0.108 1.262	4 -0.195 -0.195 -0.210 0.180
L 71 1 1 -0.271 -0.315 0.108 15.143	2 0.678 0.559 0.028 -2.009	R 60 0 3 0.153 0.150 0.233 1.024	4 -0.202 -0.199 -0.108 1.235
L 72 1 1 -0.269 -0.313 0.096 15.231	2 0.679 0.559 -0.176 -1.930	R 61 0 3 0.166 0.160 0.289 2.053	4 -0.202 -0.203 -0.165 0.435
L 72 1 1 -0.269 -0.312 0.040 14.958	2 0.680 0.560 -0.176 -1.815	R 62 0 3 0.180 0.169 0.437 2.325	4 -0.210 -0.209 -0.380 0.119
L 73 1 1 -0.266 -0.309 0.051 15.134	2 0.680 0.560 0.017 -1.851	R 63 0 3 0.194 0.181 0.289 0.892	4 -0.219 -0.220 -0.380 1.613
L 74 1 1 -0.264 -0.307 0.085 15.345	2 0.681 0.560 0.017 -1.569	R 63 0 3 0.194 0.196 0.312 -0.101	4 -0.230 -0.230 -0.119 3.275
L 75 1 1 -0.261 -0.306 0.119 15.240	2 0.682 0.560 0.017 -1.842	R 64 0 3 0.208 0.204 0.482 0.919	4 -0.230 -0.234 0.028 1.516
L 75 1 1 -0.261 -0.303 0.040 14.782	2 0.683 0.559 -0.176 -2.009	R 65 0 3 0.223 0.213 0.426 1.815	4 -0.242 -0.238 -0.448 -1.051
L 76 1 1 -0.258 -0.302 0.040 15.257	2 0.683 0.559 -0.006 -1.886	R 66 0 3 0.237 0.223 0.176 1.578	4 -0.255 -0.250 -0.437 0.409
L 77 1 1 -0.256 -0.300 0.085 15.240	2 0.684 0.559 0.028 -1.903	R 66 0 3 0.237 0.236 0.403 0.514	4 -0.269 -0.265 -0.369 1.692
L 78 1 1 -0.253 -0.298 0.074 15.266	2 0.685 0.560 0.017 -1.807	R 67 0 3 0.252 0.249 0.687 0.233	4 -0.269 -0.273 -0.289 1.288
L 78 1 1 -0.253 -0.296 0.062 14.958	2 0.687 0.560 0.028 -1.789	R 68 0 3 0.267 0.258 0.380 1.947	4 -0.285 -0.282 -0.539 0.514
L 79 1 1 -0.251 -0.294 0.040 15.143	2 0.687 0.560 0.017 -1.789	R 69 0 3 0.283 0.271 0.244 0.549	4 -0.302 -0.295 -0.392 -1.103
L 80 1 1 -0.249 -0.292 0.085 15.169	2 0.688 0.560 0.028 -1.754	R 69 0 3 0.283 0.286 0.528 -1.024	4 -0.319 -0.307 -0.278 1.112
L 81 1 1 -0.246 -0.290 0.074 15.240	2 0.689 0.560 -0.006 -1.815	R 70 0 3 0.298 0.297 0.426 0.330	4 -0.319 -0.324 -0.619 1.121
L 81 1 1 -0.246 -0.289 0.028 14.888	2 0.690 0.560 -0.006 -1.736	R 71 0 3 0.313 0.305 0.528 1.077	4 -0.338 -0.333 -0.403 -1.165
L 82 1 1 -0.244 -0.286 0.062 15.020	2 0.690 0.559 -0.176 -2.070	R 72 0 3 0.328 0.319 0.142 -0.110	4 -0.358 -0.343 -0.562 -2.703
L 83 1 1 -0.241 -0.285 0.051 15.204	2 0.692 0.560 0.028 -1.868	R 72 0 3 0.328 0.331 0.369 -0.840	4 -0.378 -0.365 -0.426 1.103
L 84 1 1 -0.239 -0.283 0.085 15.020	2 0.693 0.560 0.040 -1.613	R 73 0 3 0.343 0.344 0.573 -0.356	4 -0.378 -0.377 -0.460 -0.303
L 84 1 1 -0.239 -0.281 0.017 14.668	2 0.694 0.560 0.040 -1.640	R 74 0 3 0.358 0.354 0.585 -0.022	4 -0.399 -0.392 -0.766 -1.560
L 85 1 1 -0.237 -0.279 0.028 14.897	2 0.694 0.559 0.017 -1.868	R 75 0 3 0.373 0.367 0.278 -1.253	4 -0.420 -0.405 -0.448 -3.670
L 86 1 1 -0.234 -0.276 0.131 14.563	2 0.696 0.559 0.017 -2.009	R 75 0 3 0.373 0.380 0.346 -2.993	4 -0.442 -0.422 -0.460 0.251
L 87 1 1 -0.232 -0.274 0.028 14.659	2 0.697 0.559 -0.176 -1.780	R 76 0 3 0.387 0.394 0.312 -2.677	4 -0.442 -0.440 -0.516 -1.165
L 87 1 1 -0.232 -0.273 0.051 14.325	2 0.699 0.560 -0.176 -1.807	R 77 0 3 0.401 0.402 0.494 -1.059	4 -0.464 -0.453 -0.687 -2.756
L 88 1 1 -0.230 -0.271 0.017 14.369	2 0.699 0.559 -0.176 -1.851	R 78 0 3 0.415 0.411 0.278 -1.982	4 -0.486 -0.469 -0.516 -4.796
L 89 1 1 -0.227 -0.269 0.085 14.343	2 0.701 0.559 0.017 -1.886	R 78 0 3 0.415 0.423 0.210 -3.187	4 -0.508 -0.487 -0.516 0.110
L 90 1 1 -0.225 -0.266 0.142 14.018	2 0.702 0.560 0.017 -1.780	R 79 0 3 0.428 0.434 0.255 -2.220	4 -0.508 -0.507 -0.585 -0.857
L 90 1 1 -0.225 -0.265 0.085 13.692	2 0.704 0.560 -0.176 -1.684	R 80 0 3 0.440 0.440 0.392 -0.620	4 -0.530 -0.520 -0.619 -2.360
L 91 1 1 -0.223 -0.262 0.051 13.921	2 0.704 0.559 -0.176 -2.018	R 81 0 3 0.452 0.449 0.255 -1.604	4 -0.551 -0.533 -0.471 -4.945
L 92 1 1 -0.221 -0.260 0.096 13.631	2 0.706 0.559 0.017 -2.062	R 81 0 3 0.452 0.458 0.187 -2.281	4 -0.571 -0.551 -0.585 0.233
L 93 1 1 -0.219 -0.258 0.119 13.411	2 0.707 0.560 -0.176 -1.675	R 82 0 3 0.463 0.467 0.221 -1.692	4 -0.571 -0.571 -0.448 -1.121
L 93 1 1 -0.219 -0.257 0.051 13.130	2 0.709 0.560 -0.006 -1.640	R 83 0 3 0.474 0.475 0.335 -0.813	4 -0.591 -0.579 -0.573 -2.941
L 94 1 1 -0.217 -0.254 0.062 13.174	2 0.709 0.559 -0.028 -1.886	R 84 0 3 0.484 0.482 0.221 -1.789	4 -0.610 -0.595 -0.482 -4.655
L 95 1 1 -0.215 -0.252 0.062 13.200	2 0.711 0.560 0.062 -1.780	R 84 0 3 0.484 0.487 -0.051 -1.156	4 -0.627 -0.598 0.017 -4.198
L 96 1 1 -0.212 -0.251 0.062 13.367	2 0.713 0.560 -0.006 -1.244	R 85 0 3 0.492 0.489 0.176 0.804	4 -0.627 -0.606 -0.165 -7.723
L 96 1 1 -0.212 -0.250 0.006 13.209	2 0.715 0.560 0.062 -1.903	R 86 0 3 0.500 0.491 0.210 2.492	4 -0.643 -0.614 -0.471 -9.613
L 97 1 1 -0.210 -0.249 -0.017 13.604	2 0.715 0.562 0.131 -2.079	R 87 0 3 0.507 0.495 -0.028 3.073	4 -0.658 -0.621 -0.505 -11.530
L 98 1 1 -0.208 -0.249 -0.006 14.308	2 0.717 0.567 0.199 -1.727	R 87 0 3 0.507 0.499 0.028 2.774	4 -0.671 -0.628 -0.187 -10.343
L 99 1 1 -0.206 -0.251 -0.062 15.442	2 0.719 0.575 0.255 -2.079	R 88 0 3 0.513 0.502 0.142 3.609	4 -0.671 -0.638 -0.199 -11.820
L 99 1 1 -0.206 -0.253 -0.153 16.567	2 0.721 0.586 0.426 -1.499	R 89 0 3 0.517 0.505 0.210 3.855	4 -0.683 -0.650 -0.482 -11.371
L 100 1 1 -0.204 -0.257 -0.108 -17.516	2 0.721 0.596 0.289 -1.253	R 90 0 3 0.521 0.509 0.131 3.090	4 -0.693 -0.661 -0.585 -10.484
L 101 1 1 -0.202 -0.260 -0.085 -15.820	2 0.723 0.607 0.471 -1.596	R 90 0 3 0.521 0.514 0.074 2.536	4 -0.701 -0.671 -0.289 -7.688
L 102 1 1 -0.200 -0.264 -0.142 -14.044	2 0.725 0.620 0.471 -1.367	R 91 0 3 0.523 0.517 0.119 2.088	4 -0.701 -0.683 -0.221 -6.545
L 102 1 1 -0.200 -0.268 -0.119 -12.277	2 0.727 0.630 0.221 -2.123	R 92 0 3 0.525 0.519 0.040 1.807	4 -0.708 -0.692 -0.323 -5.736
L 103 1 1 -0.199 -0.269 -0.017 -11.301	2 0.727 0.639 0.221 -4.400	R 93 0 3 0.525 0.520 0.028 1.657	4 -0.713 -0.696 -0.199 -5.604
L 104 1 1 -0.197 -0.270 -0.017 -10.519	2 0.730 0.643 0.119 -5.851	R 93 0 3 0.525 0.521 -0.017 1.710	4 -0.717 -0.699 0.028 -5.305
L 105 1 1 -0.195 -0.269 0.040 -10.132	2 0.732 0.646 0.062 -5.657	R 94 0 3 0.525 0.520 -0.074 1.877	4 -0.717 -0.699 0.085 -6.519
L 105 1 1 -0.195 -0.268 0.040 -10.325	2 0.734 0.645 -0.017 -5.147	R 95 0 3 0.524 0.517 -0.085 2.440	4 -0.719 -0.697 0.040 -7.969
L 106 1 1 -0.193 -0.266 0.074 -10.563	2 0.734 0.644 -0.040 -4.127	R 96 0 3 0.522 0.514 -0.074 2.932	4 -0.721 -0.695 0.028 -9.015
L 107 1 1 -0.191 -0.263 0.131 -10.809	2 0.737 0.642 -0.062 -2.695	R 96 0 3 0.522 0.512 -0.040 3.345	4 -0.721 -0.694 0.040 -9.525
L 108 1 1 -0.189 -0.261 0.085 -11.134	2 0.739 0.642 0.017 -2.000	R 97 0 3 0.519 0.510 -0.085 3.213	4 -0.721 -0.693 0.028 -9.657
L 108 1 1 -0.189 -0.259 0.074 -11.582	2 0.742 0.643 0.062 -2.149	R 98 0 3 0.516 0.508 -0.153 3.178	4 -0.720 -0.693 -0.028 -9.446
L 109 1 1 -0.188 -0.258 0.062 -11.565	2 0.742 0.645 0.131 -2.440	R 99 0 3 0.512 0.505 -0.074 3.152	4 -0.719 -0.694 -0.006 -8.866
L 110 1 1 -0.186 -0.257 0.051 -11.266	2 0.744 0.649 0.096 -2.246	R 99 0 3 0.512 0.503 -0.108 3.371	4 -0.717 -0.695 -0.040 -8.418
L 111 1 1 -0.184 -0.255 0.062 -11.433	2 0.747 0.652 0.085 -2.659	R 0 1 3 0.509 0.500 -0.085 3.081	4 -0.717 -0.695 -0.051 -7.732
L 111 1 1 -0.184 -0.254 0.028 -11.653	2 0.749 0.654 0.096 -3.222	R 1 1 3 0.505 0.498 -0.142 2.624	4 -0.715 -0.695 -0.006 -7.090
L 112 1 1 -0.183 -0.252 0.085 -11.644	2 0.749 0.656 -0.176 -3.081	R 2 1 3 0.501 0.494 -0.085 3.002	4 -0.713 -0.698 0.006 -5.877
L 113 1 1 -0.181 -0.249 0.142 -12.400	2 0.752 0.656 -0.006 -2.229	R 2 1 3 0.501 0.491 -0.028 3.266	4 -0.711 -0.698 -0.006 -5.393
L 114 1 1 -0.179 -0.247 0.040 -12.558	2 0.755 0.657 0.074 -2.404	R 3 1 3 0.497 0.488 -0.119 2.923	4 -0.711 -0.697 0.017 -5.007
L 114 1 1 -0.179 -0.245 0.017 -12.954	2 0.758 0.659 0.040 -1.543	R 4 1 3 0.493 0.485 -0.210 2.774	4 -0.709 -0.696 0.017 -4.743
L 115 1 1 -0.178 -0.244 0.074 -13.165	2 0.758 0.661 0.074 -1.982	R 5 1 3 0.489 0.482 -0.119 3.099	4 -0.707 -0.696 0.017 -4.268
L 116 1 1 -0.176 -0.241 0.085 -13.402	2 0.760 0.662 0.040 -1.895	R 5 1 3 0.489 0.480 -0.074 3.284	4 -0.706 -0.696 -0.006 -4.057
L 117 1 1 -0.175 -0.239 0.085 -13.868	2 0.763 0.663 0.051 -1.815	R 6 1 3 0.485 0.476 -0.187 3.187	4 -0.706 -0.695 0.051 -3.670
L 117 1 1 -0.175 -0.236 0.119 -14.651	2 0.766 0.665 0.119 -1.789	R 7 1 3 0.481 0.472 -0.187 3.415	4 -0.704 -0.694 0.028 -3.530
L 118 1 1 -0.173 -0.234 0.051 -14.607	2 0.766 0.669 0.142 -2.018	R 8 1 3 0.477 0.469 -0.051 3.565	4 -0.702 -0.694 0.028 -2.993
L 119 1 1 -0.172 -0.233 0.085 -14.712	2 0.769 0.672 0.142 -1.886	R 8 1 3 0.477 0.466 -0.051 3.820	4 -0.701 -0.695 -0.062 -2.651
L 0 0 1 -0.170 -0.231 0.051 -14.879	2 0.772 0.675 0.176 -2.510	R 9 1 3 0.473 0.463 -0.085 3.635	4 -0.701 -0.695 -0.028 -1.912
L 0 0 1 -0.170 -0.230 0.051 -15.134	2 0.775 0.680 0.006 -3.407	R 10 1 3 0.469 0.461 -0.187 3.275	4 -0.699 -0.696 -0.028 -1.367
L 1 0 1 -0.169 -0.229 0.040 -14.914	2 0.775 0.684 0.074 -3.521	R 11 1 3 0.465 0.458 -0.131 3.459	4 -0.697 -0.695 -0.006 -1.042
L 2 0 1 -0.168 -0.226 0.131 -15.495	2 0.778 0.685 0.017 -3.073	R 11 1 3 0.465 0.453 -0.119 4.277	4 -0.696 -0.695 0.006 -0.910
L 3 0 1 -0.166 -0.222 0.006 -16.576	2 0.781 0.685 -0.176 -2.211	R 12 1 3 0.462 0.450 -0.096 4.127	4 -0.696 -0.694 0.028 -0.769
L 3 0 1 -0.166 -0.219 0.142 -17.604	2 0.784 0.685 -0.176 -2.026	R 13 1 3 0.458 0.445 -0.244 4.681	4 -0.694 -0.691 0.119 -1.305
L 4 0 1 -0.165 -0.215 0.119 17.534	2 0.784 0.685 -0.176 -1.815	R 14 1 3 0.454 0.440 -0.165 5.807	4 -0.693 -0.688 0.096 -1.930
L 5 0 1 -0.163 -0.212 0.142 17.007	2 0.786 0.685 -0.176 -1.736	R 14 1 3 0.454 0.435 -0.119 6.703	4 -0.692 -0.686 0.017 -2.308
L 6 0 1 -0.160 -0.208 0.142 16.312	2 0.786 0.686 0.028 -1.824	R 15 1 3 0.450 0.431 -0.142 6.738	4 -0.692 -0.686 -0.006 -2.000
L 6 0 1 -0.160 -0.204 0.096 15.319	2 0.786 0.688 0.119 -1.771	R 16 1 3 0.447 0.428 -0.176 6.809	4 -0.690 -0.686 -0.017 -1.490
L 7 0 1 -0.158 -0.202 0.062 15.257	2 0.786 0.690 0.119 -2.897	R 17 1 3 0.443 0.424 -0.096 7.415	4 -0.689 -0.686 0.006 -1.095
L 8 0 1 -0.154 -0.199 0.108 15.204	2 0.784 0.693 0.085 -3.934	R 17 1 3 0.443 0.421 -0.119 7.793	4 -0.688 -0.686 0.006 -0.901
L 9 0 1 -0.150 -0.195 0.153 15.213	2 0.781 0.695 0.028 -5.640	R 18 1 3 0.439 0.417 -0.153 8.048	4 -0.688 -0.686 -0.006 -0.532
L 9 0 1 -0.150 -0.191 0.142 14.185	2 0.776 0.696 0.074 -6.958	R 19 1 3 0.436 0.412 -0.210 8.637	4 -0.687 -0.685 0.085 -0.813
L 10 0 1 -0.146 -0.187 0.142 14.343	2 0.776 0.697 0.040 -8.198	R 20 1 3 0.432 0.406 -0.176 9.780	4 -0.685 -0.682 0.165 -1.675
L 11 0 1 -0.141 -0.182 0.165 14.404	2 0.770 0.696 0.017 -10.369	R 20 1 3 0.432 0.401 -0.187 10.932	4 -0.684 -0.678 0.131 -2.571
L 12 0 1 -0.135 -0.178 0.176 14.396	2 0.761 0.695 -0.165 -12.233	R 21 1 3 0.428 0.395 -0.199 11.591	4 -0.684 -0.675 0.108 -3.301
L 12 0 1 -0.135 -0.173 0.153 13.332	2 0.751 0.693 -0.040 -13.332	R 22 1 3 0.425 0.390 -0.176 12.180	4 -0.683 -0.671 0.153 -4.418
L 13 0 1 -0.128 -0.167 0.153 13.842	2 0.751 0.690 -0.062 -14.607	R 23 1 3 0.421 0.386 -0.119 12.875	4 -0.682 -0.667 0.142 -5.402
L 14 0 1 -0.121 -0.162 0.176 14.510	2 0.739 0.685 -0.085 -17.613	R 23 1 3 0.421 0.382 -0.176 13.657	4 -0.681 -0.664 0.131 -6.501
L 15 0 1 -0.112 -0.156 0.187 14.747	2 0.725 0.680 -0.335 15.873	R 24 1 3 0.418 0.378 -0.176 14.009	4 -0.681 -0.660 0.142 -7.609
L 15 0 1 -0.112 -0.150 0.165 13.270	2 0.709 0.677 -0.108 14.958	R 25 1 3 0.414 0.375 -0.119 13.868	4 -0.680 -0.656 0.153 -8.585
L 16 0 1 -0.104 -0.144 0.233 13.736	2 0.709 0.670 -0.210 13.560	R 26 1 3 0.410 0.371 -0.153 14.633	4 -0.679 -0.652 0.165 -9.798
L 17 0 1 -0.095 -0.136 0.358 14.325	2 0.692 0.661 -0.244 10.738	R 26 1 3 0.410 0.368 -0.119 15.108	4 -0.678 -0.647 0.119 -11.327
L 18 0 1 -0.085 -0.128 0.210 14.193	2 0.673 0.651 -0.448 8.259	R 27 1 3 0.407 0.365 -0.119 14.932	4 -0.678 -0.641 0.187 -12.971
L 18 0 1 -0.085 -0.118 0.323 11.574	2 0.653 0.643 -0.244 7.785	R 28 1 3 0.403 0.361 -0.165 15.310	4 -0.677 -0.636 0.187 -14.475
L 19 0 1 -0.075 -0.110 0.346 11.785	2 0.653 0.636 -0.028 5.701	R 29 1 3 0.400 0.357 -0.062 15.785	4 -0.677 -0.632 0.199 -16.163
L 20 0 1 -0.065 -0.097 0.505 10.993	2 0.632 0.625 -0.619 2.958	R 29 1 3 0.400 0.353 -0.142 16.215	4 -0.676 -0.625 0.187 17.982
L 21 0 1 -0.054 -0.081 0.528 8.075	2 0.610 0.612 -0.653 0.699	R 30 1 3 0.397 0.350 -0.119 16.189	4 -0.676 -0.620 0.142 16.505
L 21 0 1 -0.054 -0.064 0.550 3.204	2 0.588 0.596 -0.369 2.422	R 31 1 3 0.393 0.348 -0.074 15.881	4 -0.675 -0.617 0.028 15.837
L 22 0 1 -0.044 -0.052 0.380 2.651	2 0.588 0.582 -0.346 1.314	R 32 1 3 0.390 0.346 -0.040 15.890	4 -0.674 -0.617 -0.028 15.609
L 23 0 1 -0.034 -0.044 0.153 3.670	2 0.565 0.572 -0.403 -2.484	R 32 1 3 0.390 0.345 -0.006 15.451	4 -0.674 -0.617 0.176 15.670
L 24 0 1 -0.024 -0.038 0.221 3.767	2 0.541 0.559 -0.789 -4.901	R 33 1 3 0.386 0.345 -0.028 14.369	4 -0.674 -0.617 -0.028 16.013
L 24 0 1 -0.024 -0.028 0.358 1.473	2 0.517 0.544 -0.165 -4.444	R 34 1 3 0.383 0.345 0.017 13.226	4 -0.673 -0.617 -0.028 16.338
L 25 0 1 -0.014 -0.018 0.335 1.393	2 0.517 0.525 -0.641 -2.554	R 35 1 3 0.379 0.345 0.040 12.549	4 -0.673 -0.617 -0.017 16.453
L 26 0 1 -0.004 -0.007 0.471 0.470	2 0.494 0.506 -0.789 -3.987	R 35 1 3 0.379 0.346 -0.006 11.820	4 -0.672 -0.617 -0.017 16.497
L 27 0 1 0.005 0.001 0.312 0.031	2 0.470 0.492 -0.755 -6.149	R 36 1 3 0.376 0.347 0.017 10.440	4 -0.672 -0.617 0.006 16.778
L 27 0 1 0.005 0.009 0.301 -2.062	2 0.447 0.476 -0.199 -5.481	R 37 1 3 0.373 0.347 -0.040 9.270	4 -0.672 -0.617 0.006 16.664
L 28 0 1 0.013 0.014 0.074 -0.558	2 0.447 0.457 -0.539 -3.960	R 38 1 3 0.370 0.347 0.028 8.488	4 -0.671 -0.616 0.085 16.277
L 29 0 1 0.020 0.019 0.176 0.277	2 0.424 0.437 -0.823 -4.180	R 38 1 3 0.370 0.347 -0.040 7.829	4 -0.671 -0.614 0.051 15.688
L 30 0 1 0.027 0.021 0.165 1.464	2 0.402 0.422 -0.653 -5.833	R 39 1 3 0.366 0.347 0.017 6.431	4 -0.671 -0.611 0.051 15.029
L 30 0 1 0.027 0.025 0.153 0.787	2 0.381 0.406 -0.233 -4.409	R 40 1 3 0.363 0.347 -0.051 5.578	4 -0.670 -0.609 0.051 14.378
L 31 0 1 0.033 0.027 0.142 1.886	2 0.381 0.389 -0.516 -3.125	R 41 1 3 0.360 0.348 0.006 4.875	4 -0.670 -0.606 0.096 13.560
L 32 0 1 0.038 0.033 0.176 1.921	2 0.360 0.375 -0.630 -4.699	R 41 1 3 0.360 0.347 0.006 4.163	4 -0.670 -0.603 0.085 12.629
L 33 0 1 0.042 0.039 0.176 0.769	2 0.341 0.360 -0.687 -5.842	R 42 1 3 0.356 0.347 -0.062 3.486	4 -0.670 -0.601 0.062 11.776
L 33 0 1 0.042 0.043 0.028 -0.110	2 0.322 0.347 -0.108 -4.954	R 43 1 3 0.353 0.346 -0.062 2.624	4 -0.669 -0.598 0.051 11.064
L 34 0 1 0.046 0.045 -0.040 0.347	2 0.322 0.334 -0.437 -4.286	R 44 1 3 0.350 0.346 -0.017 1.974	4 -0.669 -0.596 0.176 10.369
L 35 0 1 0.048 0.045 0.006 0.822	2 0.305 0.319 -0.573 -4.804	R 44 1 3 0.350 0.345 0.017 1.534	4 -0.669 -0.596 0.006 10.141
L 36 0 1 0.049 0.045 0.006 1.130	2 0.288 0.306 -0.539 -5.437	R 45 1 3 0.347 0.345 0.017 0.418	4 -0.669 -0.596 0.006 10.220
L 36 0 1 0.049 0.045 -0.017 1.253	2 0.273 0.293 -0.244 -3.864	R 46 1 3 0.344 0.346 -0.074 -0.541	4 -0.669 -0.595 -0.017 10.141
L 37 0 1 0.049 0.045 -0.017 1.332	2 0.273 0.281 -0.335 -3.143	R 47 1 3 0.341 0.346 -0.017 -1.262	4 -0.669 -0.595 0.028 10.105
L 38 0 1 0.047 0.045 -0.006 0.954	2 0.259 0.272 -0.482 -4.145	R 47 1 3 0.341 0.346 0.051 -2.009	4 -0.669 -0.595 -0.028 10.018
L 39 0 1 0.045 0.045 -0.040 0.365	2 0.246 0.264 -0.426 -5.305	R 48 1 3 0.337 0.347 -0.040 -3.099	4 -0.669 -0.595 0.176 10.009
L 39 0 1 0.045 0.044 0.028 0.154	2 0.235 0.255 -0.244 -4.470	R 49 1 3 0.334 0.347 0.006 -4.479	4 -0.669 -0.595 0.176 9.851
L 40 0 1 0.042 0.043 -0.017 -0.444	2 0.235 0.245 -0.210 -3.873	R 50 1 3 0.331 0.348 0.028 -5.305	4 -0.669 -0.595 0.006 9.710
L 41 0 1 0.038 0.042 -0.085 -0.831	2 0.225 0.237 -0.437 -3.749	R 50 1 3 0.331 0.348 0.040 -6.202	4 -0.669 -0.593 0.017 9.349
L 42 0 1 0.033 0.041 -0.062 -2.404	2 0.216 0.230 -0.255 -4.567	R 51 1 3 0.328 0.349 0.017 -7.301	4 -0.669 -0.591 0.062 8.743
L 42 0 1 0.033 0.039 -0.108 -2.229	2 0.208 0.225 -0.074 -4.295	R 52 1 3 0.325 0.348 -0.051 -8.048	4 -0.669 -0.590 0.051 8.048
L 43 0 1 0.027 0.036 -0.074 -3.398	2 0.208 0.220 -0.119 -4.207	R 53 1 3 0.322 0.348 -0.017 -8.549	4 -0.669 -0.587 0.074 7.248
L 44 0 1 0.020 0.032 -0.142 -4.505	2 0.201 0.215 -0.131 -4.796	R 53 1 3 0.322 0.348 -0.028 -9.147	4 -0.669 -0.585 0.074 6.536
L 45 0 1 0.012 0.028 -0.221 -4.796	2 0.196 0.211 -0.187 -5.165	R 54 1 3 0.319 0.347 -0.051 -9.912	4 -0.669 -0.583 0.074 5.534
L 45 0 1 0.012 0.022 -0.210 -3.451	2 0.191 0.207 -0.142 -4.778	R 55 1 3 0.316 0.346 -0.074 -10.492	4 -0.669 -0.581 0.062 4.848
L 46 0 1 0.004 0.015 -0.187 -4.163	2 0.191 0.203 -0.187 -3.969	R 56 1 3 0.313 0.345 -0.017 -10.730	4 -0.670 -0.579 0.017 3.925
L 47 0 1 -0.005 0.007 -0.312 -4.031	2 0.187 0.197 -0.153 -3.714	R 56 1 3 0.313 0.344 -0.074 -10.870	4 -0.670 -0.577 0.051 3.292
L 48 0 1 -0.015 -0.002 -0.346 -3.723	2 0.184 0.196 -0.085 -3.943	R 57 1 3 0.310 0.342 -0.028 -11.310	4 -0.670 -0.575 0.017 2.659
L 48 0 1 -0.015 -0.010 -0.267 -1.666	2 0.182 0.195 0.017 -4.066	R 58 1 3 0.307 0.341 -0.074 -11.653	4 -0.670 -0.574 0.017 2.070
L 49 0 1 -0.025 -0.018 -0.199 -2.721	2 0.182 0.194 0.017 -4.444	R 59 1 3 0.305 0.340 -0.051 -11.873	4 -0.671 -0.573 0.017 1.789
L 50 0 1 -0.035 -0.025 -0.255 -3.705	2 0.180 0.193 -0.028 -4.611	R 59 1 3 0.305 0.339 -0.017 -12.040	4 -0.671 -0.572 0.028 1.798
L 51 0 1 -0.046 -0.030 -0.267 -4.365	2 0.179 0.191 -0.040 -4.497	R 60 1 3 0.302 0.337 -0.028 -12.576	4 -0.671 -0.572 -0.028 1.895
L 51 0 1 -0.046 -0.038 -0.267 -2.809	2 0.178 0.191 -0.040 -4.470	R 61 1 3 0.299 0.336 -0.108 -12.690	4 -0.672 -0.572 0.176 1.842
L 52 0 1 -0.057 -0.045 -0.255 -4.066	2 0.178 0.191 -0.017 -4.602	R 62 1 3 0.296 0.334 -0.040 -12.831	4 -0.672 -0.572 0.176 1.789
L 53 0 1 -0.068 -0.054 -0.346 -4.505	2 0.177 0.190 -0.028 -4.558	R 62 1 3 0.296 0.332 -0.074 -12.752	4 -0.673 -0.572 -0.040 1.798
L 54 0 1 -0.079 -0.063 -0.346 -4.541	2 0.177 0.189 -0.006 -4.400	R 63 1 3 0.293 0.329 -0.074 -12.971	4 -0.673 -0.571 -0.028 1.886
L 54 0 1 -0.079 -0.073 -0.312 -2.149	2 0.178 0.189 -0.040 -4.154	R 64 1 3 0.290 0.328 -0.108 -12.945	4 -0.673 -0.571 0.176 1.842
L 55 0 1 -0.090 -0.082 -0.255 -2.879	2 0.178 0.190 0.017 -4.136	R 65 1 3 0.288 0.326 -0.096 -12.743	4 -0.674 -0.570 0.176 1.798
L 56 0 1 -0.102 -0.091 -0.346 -3.635	2 0.179 0.190 0.074 -3.908	R 65 1 3 0.288 0.324 -0.040 -12.787	4 -0.674 -0.570 -0.017 1.833
L 57 0 1 -0.114 -0.099 -0.312 -3.969	2 0.182 0.191 0.017 -3.424	R 66 1 3 0.285 0.321 -0.062 -12.831	4 -0.674 -0.570 -0.017 1.886
L 57 0 1 -0.114 -0.108 -0.278 -2.132	2 0.185 0.192 -0.028 -3.178	R 67 1 3 0.282 0.318 -0.096 -12.637	4 -0.675 -0.569 0.028 1.833
L 58 0 1 -0.127 -0.117 -0.312 -3.521	2 0.185 0.194 0.108 -3.451	R 68 1 3 0.279 0.317 -0.062 -12.400	4 -0.676 -0.568 0.051 1.727
L 59 0 1 -0.140 -0.126 -0.358 -4.620	2 0.190 0.198 0.165 -3.169	R 68 1 3 0.279 0.314 -0.096 -11.899	4 -0.677 -0.567 0.028 1.736
L 60 0 1 -0.153 -0.135 -0.380 -4.945	2 0.195 0.200 0.074 -2.185	R 69 1 3 0.277 0.311 -0.096 -12.048	4 -0.677 -0.566 0.051 1.859
L 60 0 1 -0.153 -0.146 -0.358 -2.369	2 0.202 0.204 0.051 -2.062	R 70 1 3 0.274 0.308 -0.142 -11.591	4 -0.677 -0.564 0.017 1.815
L 61 0 1 -0.166 -0.157 -0.369 -3.380	2 0.202 0.210 0.301 -3.169	R 71 1 3 0.271 0.305 -0.096 -11.196	4 -0.678 -0.563 0.062 1.719
L 62 0 1 -0.180 -0.168 -0.392 -4.233	2 0.210 0.220 0.346 -3.846	R 71 1 3 0.271 0.302 -0.165 -10.642	4 -0.679 -0.561 0.040 1.719
L 63 0 1 -0.194 -0.177 -0.312 -4.400	2 0.219 0.226 0.233 -2.651	R 72 1 3 0.269 0.299 -0.062 -10.791	4 -0.679 -0.560 0.176 2.000
L 63 0 1 -0.194 -0.187 -0.380 -2.009	2 0.230 0.231 0.108 -2.431	R 73 1 3 0.266 0.297 -0.131 -10.554	4 -0.680 -0.558 0.051 1.763
L 64 0 1 -0.208 -0.198 -0.335 -3.688	2 0.230 0.239 0.210 -3.389	R 74 1 3 0.264 0.294 -0.187 -9.780	4 -0.681 -0.557 0.051 1.648
L 65 0 1 -0.223 -0.208 -0.403 -4.646	2 0.242 0.249 0.471 -3.090	R 74 1 3 0.264 0.291 -0.062 -9.692	4 -0.682 -0.556 0.028 1.727
L 66 0 1 -0.237 -0.221 -0.482 -4.171	2 0.255 0.260 0.482 -2.281	R 75 1 3 0.261 0.288 -0.051 -9.622	4 -0.682 -0.554 0.176 2.000
L 66 0 1 -0.237 -0.233 -0.414 -1.516	2 0.269 0.268 0.187 -2.308	R 76 1 3 0.258 0.284 -0.176 -9.042	4 -0.683 -0.553 0.006 1.842
L 67 0 1 -0.252 -0.243 -0.312 -3.011	2 0.269 0.278 0.244 -3.345	R 77 1 3 0.256 0.282 -0.108 -8.558	4 -0.684 -0.552 0.051 1.727
L 68 0 1 -0.267 -0.255 -0.482 -3.829	2 0.285 0.292 0.494 -2.598	R 77 1 3 0.256 0.280 -0.074 -8.453	4 -0.685 -0.551 0.017 1.736
L 69 0 1 -0.283 -0.268 -0.403 -3.890	2 0.302 0.302 0.630 -1.051	R 78 1 3 0.253 0.276 -0.096 -8.198	4 -0.685 -0.550 0.017 1.886
L 69 0 1 -0.283 -0.280 -0.426 -0.804	2 0.319 0.311 0.255 -1.455	R 79 1 3 0.251 0.273 -0.165 -7.916	4 -0.687 -0.549 0.176 1.965
L 70 0 1 -0.298 -0.292 -0.482 -1.684	2 0.319 0.326 0.221 -2.440	R 80 1 3 0.249 0.273 -0.096 -7.802	4 -0.688 -0.548 0.176 1.771
L 71 0 1 -0.313 -0.305 -0.403 -2.659	2 0.338 0.340 0.414 -0.892	R 80 1 3 0.249 0.270 -0.085 -7.424	4 -0.689 -0.548 0.006 1.912
L 72 0 1 -0.328 -0.316 -0.414 -2.158	2 0.358 0.352 0.800 0.488	R 81 1 3 0.246 0.267 -0.006 -7.688	4 -0.689 -0.548 -0.040 1.815
L 72 0 1 -0.328 -0.331 -0.528 0.330	2 0.378 0.365 0.244 -0.110	R 82 1 3 0.244 0.266 -0.153 -7.609	4 -0.690 -0.548 -0.062 1.736
L 73 0 1 -0.343 -0.342 -0.369 -0.602	2 0.378 0.381 0.255 -0.725	R 83 1 3 0.241 0.264 -0.062 -7.512	4 -0.692 -0.548 -0.017 1.727
L 74 0 1 -0.358 -0.354 -0.641 -0.338	2 0.399 0.396 0.585 1.077	R 83 1 3 0.241 0.262 -0.040 -7.459	4 -0.693 -0.548 -0.040 1.815
L 75 0 1 -0.373 -0.367 -0.199 -0.426	2 0.420 0.411 0.812 1.789	R 84 1 3 0.239 0.260 -0.108 -7.301	4 -0.693 -0.548 0.176 1.851
L 75 0 1 -0.373 -0.379 -0.369 2.141	2 0.442 0.423 0.119 1.930	R 85 1 3 0.237 0.258 -0.153 -7.284	4 -0.694 -0.548 -0.051 1.798
L 76 0 1 -0.387 -0.390 -0.403 1.226	2 0.442 0.438 0.369 1.622	R 86 1 3 0.234 0.257 -0.051 -7.371	4 -0.696 -0.548 -0.051 1.780
L 77 0 1 -0.401 -0.403 -0.437 0.875	2 0.464 0.456 0.687 2.712	R 86 1 3 0.234 0.255 -0.062 -7.143	4 -0.697 -0.548 -0.028 1.833
L 78 0 1 -0.415 -0.415 -0.323 1.912	2 0.486 0.469 0.585 4.892	R 87 1 3 0.232 0.252 -0.040 -7.327	4 -0.697 -0.548 0.176 1.833
L 78 0 1 -0.415 -0.427 -0.460 3.644	2 0.508 0.482 0.267 3.996	R 88 1 3 0.230 0.250 -0.142 -7.169	4 -0.699 -0.548 0.176 1.824
L 79 0 1 -0.428 -0.438 -0.346 3.837	2 0.508 0.500 0.528 2.985	R 89 1 3 0.227 0.248 -0.119 -6.589	4 -0.701 -0.548 0.006 1.807
L 80 0 1 -0.440 -0.449 -0.346 3.213	2 0.530 0.516 0.709 4.013	R 89 1 3 0.227 0.246 -0.085 -6.369	4 -0.702 -0.548 -0.028 1.754
L 81 0 1 -0.452 -0.458 -0.301 2.607	2 0.551 0.532 0.596 5.446	R 90 1 3 0.225 0.243 -0.028 -6.475	4 -0.702 -0.548 0.006 1.842
L 81 0 1 -0.452 -0.465 -0.244 4.637	2 0.571 0.546 0.187 4.312	R 91 1 3 0.223 0.241 -0.119 -6.167	4 -0.704 -0.548 -0.040 1.815
L 82 0 1 -0.463 -0.468 -0.096 1.701	2 0.571 0.560 0.346 4.409	R 92 1 3 0.221 0.239 -0.085 -5.859	4 -0.706 -0.549 0.006 1.771
L 83 0 1 -0.474 -0.474 -0.210 0.031	2 0.591 0.570 0.460 7.002	R 92 1 3 0.221 0.237 -0.074 -5.560	4 -0.707 -0.550 -0.074 1.930
L 84 0 1 -0.484 -0.479 -0.028 0.066	2 0.610 0.577 0.358 10.229	R 93 1 3 0.219 0.237 0.017 -6.360	4 -0.707 -0.553 -0.131 1.974
L 84 0 1 -0.484 -0.482 -0.187 -0.259	2 0.627 0.582 0.176 11.178	R 94 1 3 0.217 0.237 -0.028 -7.143	4 -0.709 -0.558 -0.233 2.070
L 85 0 1 -0.492 -0.487 -0.165 -1.956	2 0.627 0.593 0.187 12.207	R 95 1 3 0.215 0.239 0.142 -8.497	4 -0.711 -0.567 -0.403 1.895
L 86 0 1 -0.500 -0.490 -0.187 -3.029	2 0.643 0.605 0.494 13.393	R 95 1 3 0.215 0.242 0.187 -10.088	4 -0.713 -0.579 -0.437 1.745
L 87 0 1 -0.507 -0.495 -0.153 -3.644	2 0.658 0.618 0.653 12.804	R 96 1 3 0.212 0.247 0.187 -12.470	4 -0.713 -0.594 -0.630 1.991
L 87 0 1 -0.507 -0.500 -0.165 -2.475	2 0.671 0.630 0.312 10.914	R 97 1 3 0.210 0.253 0.108 -14.536	4 -0.715 -0.612 -0.641 1.640
L 88 0 1 -0.513 -0.505 -0.187 -2.589	2 0.671 0.649 0.460 7.916	R 98 1 3 0.208 0.253 0.074 -15.398	4 -0.717 -0.630 -0.789 5.842
L 89 0 1 -0.517 -0.511 -0.199 -2.334	2 0.683 0.664 0.460 6.633	R 98 1 3 0.208 0.258 0.142 -17.235	4 -0.719 -0.644 -0.460 10.290
L 90 0 1 -0.521 -0.515 -0.176 -1.719	2 0.693 0.677 0.562 4.602	R 99 1 3 0.206 0.260 0.074 17.059	4 -0.719 -0.654 -0.323 13.429
L 90 0 1 -0.521 -0.519 -0.119 -0.840	2 0.701 0.686 0.108 3.574	R 100 1 3 0.204 0.261 -0.017 16.233	4 -0.721 -0.661 -0.142 14.193
L 91 0 1 -0.523 -0.521 -0.051 -1.182	2 0.701 0.691 0.131 3.758	R 101 1 3 0.202 0.260 -0.040 16.180	4 -0.723 -0.661 -0.040 14.132
L 92 0 1 -0.525 -0.521 0.085 -1.780	2 0.708 0.691 -0.142 6.334	R 101 1 3 0.202 0.259 -0.040 16.242	4 -0.725 -0.659 0.096 13.349
L 93 0 1 -0.525 -0.518 0.119 -2.730	2 0.713 0.688 -0.040 8.734	R 102 1 3 0.200 0.255 -0.142 16.778	4 -0.725 -0.655 0.108 11.037
L 93 0 1 -0.525 -0.516 0.131 -3.670	2 0.717 0.685 -0.062 10.352	R 103 1 3 0.199 0.252 -0.153 17.191	4 -0.727 -0.652 0.051 9.385
L 94 0 1 -0.525 -0.514 0.074 -4.048	2 0.717 0.683 -0.051 11.776	R 104 1 3 0.197 0.251 -0.085 17.341	4 -0.730 -0.652 -0.051 8.927
L 95 0 1 -0.524 -0.512 0.062 -4.198	2 0.719 0.683 0.006 12.743	R 104 1 3 0.197 0.249 -0.062 17.508	4 -0.732 -0.654 -0.119 9.481
L 96 0 1 -0.522 -0.511 0.062 -4.321	2 0.721 0.684 0.085 12.611	R 105 1 3 0.195 0.249 -0.028 17.095	4 -0.732 -0.658 -0.142 9.807
L 96 0 1 -0.522 -0.509 0.028 -4.338	2 0.721 0.687 0.074 11.978	R 106 1 3 0.193 0.248 -0.040 16.655	4 -0.734 -0.662 -0.006 10.774
L 97 0 1 -0.519 -0.508 0.051 -3.899	2 0.721 0.689 0.040 11.152	R 107 1 3 0.191 0.248 -0.028 16.444	4 -0.737 -0.667 -0.165 11.547
L 98 0 1 -0.516 -0.506 0.028 -3.451	2 0.720 0.690 0.040 10.360	R 107 1 3 0.191 0.248 -0.028 16.154	4 -0.739 -0.670 -0.131 12.549
L 99 0 1 -0.512 -0.505 0.085 -3.152	2 0.719 0.691 -0.017 9.833	R 108 1 3 0.189 0.247 -0.085 15.837	4 -0.739 -0.672 -0.051 12.338
L 99 0 1 -0.512 -0.503 0.074 -3.582	2 0.717 0.690 -0.017 9.763	R 109 1 3 0.188 0.245 -0.062 15.749	4 -0.742 -0.673 -0.017 11.670
L 0 1 1 -0.509 -0.500 0.074 -3.108	2 0.717 0.688 -0.028 10.026	R 110 1 3 0.186 0.244 -0.085 16.163	4 -0.744 -0.673 -0.040 11.020
L 1 1 1 -0.505 -0.497 0.108 -2.721	2 0.715 0.686 -0.017 9.684	R 110 1 3 0.186 0.241 -0.153 16.734	4 -0.747 -0.673 0.176 10.730
L 2 1 1 -0.501 -0.494 0.119 -2.862	2 0.713 0.688 -0.040 9.165	R 111 1 3 0.184 0.238 -0.131 17.103	4 -0.747 -0.673 0.176 10.000
L 2 1 1 -0.501 -0.492 0.017 -3.002	2 0.711 0.688 0.028 8.611	R 112 1 3 0.183 0.237 -0.051 16.901	4 -0.749 -0.674 -0.074 9.569
L 3 1 1 -0.497 -0.490 0.085 -2.352	2 0.711 0.688 -0.017 8.180	R 113 1 3 0.181 0.236 -0.051 17.068	4 -0.752 -0.677 -0.119 9.552
L 4 1 1 -0.493 -0.487 0.108 -2.009	2 0.709 0.687 0.006 7.591	R 113 1 3 0.181 0.235 -0.017 16.971	4 -0.755 -0.680 -0.108 10.527
L 5 1 1 -0.489 -0.485 0.040 -1.727	2 0.707 0.688 -0.006 6.923	R 114 1 3 0.179 0.234 -0.062 16.725	4 -0.755 -0.682 -0.085 10.422
L 5 1 1 -0.489 -0.484 0.085 -2.044	2 0.706 0.689 0.028 6.378	R 115 1 3 0.178 0.233 -0.096 16.831	4 -0.758 -0.685 -0.108 10.273
L 6 1 1 -0.485 -0.481 0.096 -1.437	2 0.706 0.688 -0.028 6.035	R 116 1 3 0.176 0.231 -0.051 17.007	4 -0.760 -0.687 -0.142 10.413
L 7 1 1 -0.481 -0.478 0.085 -1.218	2 0.704 0.688 -0.017 5.719	R 116 1 3 0.176 0.231 -0.051 17.024	4 -0.763 -0.690 -0.119 11.152
L 8 1 1 -0.477 -0.475 0.131 -1.402	2 0.702 0.686 -0.085 5.490	R 117 1 3 0.175 0.229 -0.096 16.971	4 -0.763 -0.692 -0.165 10.897
L 8 1 1 -0.477 -0.472 0.096 -2.035	2 0.701 0.686 -0.017 5.385	R 118 1 3 0.173 0.228 -0.119 17.007	4 -0.766 -0.695 -0.131 10.905
L 9 1 1 -0.473 -0.469 0.119 -1.798	2 0.701 0.686 -0.040 5.235	R 119 1 3 0.172 0.226 -0.119 17.305	4 -0.769 -0.697 -0.165 10.941
L 10 1 1 -0.469 -0.465 0.153 -1.648	2 0.699 0.685 -0.051 5.042	R 119 1 3 0.172 0.224 -0.074 17.446	4 -0.772 -0.700 -0.085 11.688
L 11 1 1 -0.465 -0.462 0.142 -1.780	2 0.697 0.683 -0.040 4.866	R 0 0 3 0.170 0.223 -0.062 17.288	4 -0.772 -0.702 -0.085 11.556
L 11 1 1 -0.465 -0.459 0.062 -2.343	2 0.696 0.683 -0.006 4.752	R 1 0 3 0.169 0.222 -0.028 17.385	4 -0.775 -0.706 -0.131 11.451
L 12 1 1 -0.462 -0.456 0.096 -2.185	2 0.696 0.683 0.017 4.681	R 2 0 3 0.168 0.220 -0.119 17.938	4 -0.778 -0.707 -0.051 10.941
L 13 1 1 -0.458 -0.452 0.131 -2.352	2 0.694 0.681 -0.017 4.453	R 2 0 3 0.168 0.216 -0.187 -16.936	4 -0.781 -0.707 -0.017 10.782
L 14 1 1 -0.454 -0.447 0.131 -2.888	2 0.693 0.680 -0.040 4.549	R 3 0 3 0.166 0.212 -0.096 -16.382	4 -0.781 -0.707 -0.040 9.754
L 14 1 1 -0.454 -0.443 0.119 -3.978	2 0.692 0.678 -0.119 5.270	R 4 0 3 0.165 0.209 -0.142 -15.618	4 -0.784 -0.707 0.017 8.998
L 15 1 1 -0.450 -0.439 0.176 -4.453	2 0.692 0.674 -0.153 6.202	R 5 0 3 0.163 0.205 -0.142 -14.431	4 -0.786 -0.707 -0.028 8.356
L 16 1 1 -0.447 -0.433 0.108 -4.831	2 0.690 0.671 -0.006 6.545	R 5 0 3 0.163 0.202 -0.096 -13.815	4 -0.786 -0.708 -0.062 8.611
L 17 1 1 -0.443 -0.429 0.131 -5.244	2 0.689 0.670 -0.074 6.712	R 6 0 3 0.160 0.200 -0.096 -13.701	4 -0.786 -0.709 -0.062 8.840
L 17 1 1 -0.443 -0.426 0.153 -6.079	2 0.688 0.669 -0.051 6.721	R 7 0 3 0.158 0.197 -0.142 -13.701	4 -0.786 -0.712 -0.142 10.070
L 18 1 1 -0.439 -0.422 0.085 -6.097	2 0.688 0.669 0.006 6.510	R 8 0 3 0.154 0.196 -0.028 -13.851	4 -0.784 -0.715 -0.119 11.503
L 19 1 1 -0.436 -0.419 0.108 -5.991	2 0.687 0.669 0.006 6.132	R 8 0 3 0.154 0.194 -0.074 -13.868	4 -0.781 -0.719 -0.108 12.980
L 20 1 1 -0.432 -0.415 0.176 -6.396	2 0.685 0.669 -0.040 5.895	R 9 0 3 0.150 0.191 -0.108 -14.211	4 -0.781 -0.721 -0.096 14.870
L 20 1 1 -0.432 -0.411 0.176 -7.635	2 0.684 0.668 -0.074 6.114	R 10 0 3 0.146 0.188 -0.142 -14.545	4 -0.776 -0.722 0.176 16.884
L 21 1 1 -0.428 -0.407 0.142 -7.802	2 0.684 0.666 -0.040 6.466	R 11 0 3 0.141 0.184 -0.131 -14.343	4 -0.770 -0.722 0.108 -17.560
L 22 1 1 -0.425 -0.402 0.176 -8.145	2 0.683 0.662 -0.108 7.284	R 11 0 3 0.141 0.180 -0.131 -13.895	4 -0.761 -0.720 0.040 -17.631
L 23 1 1 -0.421 -0.398 0.176 -8.567	2 0.682 0.659 -0.165 8.400	R 12 0 3 0.135 0.175 -0.176 -14.193	4 -0.761 -0.716 0.085 -16.048
L 23 1 1 -0.421 -0.393 0.142 -9.824	2 0.681 0.655 -0.119 9.534	R 13 0 3 0.128 0.170 -0.244 -14.229	4 -0.751 -0.711 0.176 -14.132
L 24 1 1 -0.418 -0.389 0.153 -10.299	2 0.681 0.651 -0.119 10.448	R 14 0 3 0.121 0.164 -0.187 -13.622	4 -0.739 -0.706 0.346 -12.593
L 25 1 1 -0.414 -0.384 0.176 -10.695	2 0.680 0.646 -0.165 11.582	R 14 0 3 0.121 0.158 -0.187 -13.218	4 -0.725 -0.701 0.165 -13.552
L 26 1 1 -0.410 -0.380 0.131 -11.029	2 0.679 0.642 -0.187 13.174	R 15 0 3 0.112 0.152 -0.244 -13.771	4 -0.725 -0.693 0.142 -10.914
L 26 1 1 -0.410 -0.376 0.176 -12.365	2 0.678 0.638 -0.131 14.545	R 16 0 3 0.104 0.146 -0.289 -14.325	4 -0.709 -0.686 0.346 -8.453
L 27 1 1 -0.407 -0.372 0.131 -12.470	2 0.678 0.633 -0.187 15.969	R 17 0 3 0.095 0.139 -0.244 -13.349	4 -0.692 -0.682 0.358 -5.042
L 28 1 1 -0.403 -0.368 0.085 -12.462	2 0.677 0.630 -0.096 16.734	R 17 0 3 0.095 0.127 -0.528 -11.055	4 -0.673 -0.681 -0.244 -3.292
L 29 1 1 -0.400 -0.366 0.085 -12.251	2 0.677 0.627 -0.142 17.736	R 18 0 3 0.085 0.107 -0.834 -7.046	4 -0.673 -0.675 0.471 0.136
L 29 1 1 -0.400 -0.364 0.096 -12.804	2 0.676 0.622 -0.165 -16.971	R 19 0 3 0.075 0.084 -0.800 -2.563	4 -0.653 -0.660 0.743 1.349
L 30 1 1 -0.397 -0.361 0.096 -12.716	2 0.676 0.618 -0.142 -15.829	R 20 0 3 0.065 0.068 -0.358 0.813	4 -0.632 -0.645 0.596 2.580
L 31 1 1 -0.393 -0.357 0.119 -12.927	2 0.675 0.614 -0.085 -14.738	R 20 0 3 0.065 0.056 -0.323 1.815	4 -0.610 -0.630 0.278 -0.374
L 32 1 1 -0.390 -0.355 0.062 -12.453	2 0.674 0.612 -0.006 -14.176	R 21 0 3 0.054 0.051 -0.096 1.226	4 -0.610 -0.616 0.482 1.657
L 32 1 1 -0.390 -0.355 -0.006 -12.251	2 0.674 0.612 0.028 -14.440	R 22 0 3 0.044 0.050 -0.142 -1.587	4 -0.588 -0.599 0.834 3.108
L 33 1 1 -0.386 -0.355 -0.028 -10.870	2 0.674 0.614 0.062 -14.949	R 23 0 3 0.034 0.047 0.108 -1.437	4 -0.565 -0.580 0.812 3.248
L 34 1 1 -0.383 -0.356 -0.040 -9.323	2 0.673 0.615 0.028 -15.609	R 23 0 3 0.034 0.044 -0.131 -3.609	4 -0.541 -0.556 0.482 -2.809
L 35 1 1 -0.379 -0.357 0.017 -8.312	2 0.673 0.615 -0.006 -15.793	R 24 0 3 0.024 0.039 -0.187 -5.807	4 -0.541 -0.537 0.607 -0.945
L 35 1 1 -0.379 -0.357 -0.028 -8.013	2 0.672 0.615 -0.017 -15.899	R 25 0 3 0.014 0.034 -0.323 -6.457	4 -0.517 -0.527 0.789 1.736
L 36 1 1 -0.376 -0.357 0.006 -6.765	2 0.672 0.614 -0.074 -15.793	R 26 0 3 0.004 0.023 -0.426 -4.259	4 -0.494 -0.510 0.653 3.662
L 37 1 1 -0.373 -0.358 -0.028 -5.385	2 0.672 0.613 -0.051 -15.459	R 26 0 3 0.004 0.009 -0.437 -1.499	4 -0.470 -0.490 0.346 -0.585
L 38 1 1 -0.370 -0.358 0.017 -4.444	2 0.671 0.611 -0.119 -14.466	R 27 0 3 -0.005 -0.004 -0.392 -0.409	4 -0.470 -0.472 0.482 0.945
L 38 1 1 -0.370 -0.358 -0.017 -4.163	2 0.671 0.608 -0.119 -13.552	R 28 0 3 -0.013 -0.010 -0.176 -0.462	4 -0.447 -0.457 0.800 2.571
L 39 1 1 -0.366 -0.358 -0.051 -2.835	2 0.671 0.605 -0.062 -12.760	R 29 0 3 -0.020 -0.016 -0.199 -0.040	4 -0.424 -0.442 0.732 4.154
L 40 1 1 -0.363 -0.358 -0.028 -1.824	2 0.670 0.603 -0.096 -12.268	R 29 0 3 -0.020 -0.020 -0.108 -0.286	4 -0.402 -0.423 0.414 0.101
L 41 1 1 -0.360 -0.358 -0.040 -0.919	2 0.670 0.601 -0.062 -11.670	R 30 0 3 -0.027 -0.023 -0.210 -1.200	4 -0.402 -0.403 0.709 0.330
L 41 1 1 -0.360 -0.359 -0.006 -0.382	2 0.670 0.598 -0.085 -10.958	R 31 0 3 -0.033 -0.023 -0.096 -2.985	4 -0.381 -0.390 0.675 1.938
L 42 1 1 -0.356 -0.358 0.119 0.224	2 0.670 0.597 -0.051 -10.519	R 32 0 3 -0.038 -0.025 -0.028 -3.442	4 -0.360 -0.374 0.562 2.985
L 43 1 1 -0.353 -0.358 0.028 1.385	2 0.669 0.595 -0.074 -9.991	R 32 0 3 -0.038 -0.030 -0.165 -2.862	4 -0.341 -0.356 0.301 -1.182
L 44 1 1 -0.350 -0.358 -0.017 2.633	2 0.669 0.593 -0.085 -9.200	R 33 0 3 -0.042 -0.035 -0.176 -2.624	4 -0.341 -0.342 0.471 0.549
L 44 1 1 -0.350 -0.358 -0.062 2.914	2 0.669 0.591 -0.074 -8.725	R 34 0 3 -0.046 -0.039 -0.142 -2.097	4 -0.322 -0.331 0.641 1.991
L 45 1 1 -0.347 -0.359 -0.051 4.330	2 0.669 0.590 -0.028 -8.338	R 35 0 3 -0.048 -0.042 -0.119 -1.411	4 -0.305 -0.320 0.426 4.013
L 46 1 1 -0.344 -0.360 -0.017 5.631	2 0.669 0.589 -0.028 -8.031	R 35 0 3 -0.048 -0.045 -0.108 -1.051	4 -0.288 -0.307 0.358 0.831
L 47 1 1 -0.341 -0.361 -0.028 6.941	2 0.669 0.588 -0.176 -7.776	R 36 0 3 -0.049 -0.046 -0.006 -1.191	4 -0.288 -0.292 0.437 1.349
L 47 1 1 -0.341 -0.362 -0.006 7.495	2 0.669 0.588 -0.017 -7.600	R 37 0 3 -0.049 -0.045 0.006 -1.376	4 -0.273 -0.282 0.460 2.396
L 48 1 1 -0.337 -0.362 -0.017 8.725	2 0.669 0.587 -0.028 -7.380	R 38 0 3 -0.047 -0.044 -0.006 -1.490	4 -0.259 -0.270 0.471 2.519
L 49 1 1 -0.334 -0.363 -0.017 9.789	2 0.669 0.587 -0.028 -7.231	R 38 0 3 -0.047 -0.044 -0.017 -1.402	4 -0.246 -0.260 0.108 0.488
L 50 1 1 -0.331 -0.363 0.006 10.730	2 0.669 0.586 -0.028 -7.055	R 39 0 3 -0.045 -0.043 0.006 -0.857	4 -0.246 -0.251 0.392 1.349
L 50 1 1 -0.331 -0.363 -0.006 11.046	2 0.669 0.585 -0.028 -6.809	R 40 0 3 -0.042 -0.042 0.074 -0.435	4 -0.235 -0.244 0.244 2.721
L 51 1 1 -0.328 -0.363 0.017 12.084	2 0.669 0.585 -0.028 -6.571	R 41 0 3 -0.038 -0.041 -0.006 -0.646	4 -0.225 -0.236 0.426 2.677
L 52 1 1 -0.325 -0.363 -0.017 13.103	2 0.669 0.584 -0.017 -6.343	R 41 0 3 -0.038 -0.039 0.142 0.259	4 -0.216 -0.227 0.165 0.796
L 53 1 1 -0.322 -0.363 -0.006 13.859	2 0.669 0.583 -0.040 -5.974	R 42 0 3 -0.033 -0.035 0.119 0.866	4 -0.216 -0.221 0.176 1.745
L 53 1 1 -0.322 -0.362 0.028 14.009	2 0.669 0.582 -0.028 -5.710	R 43 0 3 -0.027 -0.033 0.221 1.719	4 -0.208 -0.217 0.278 2.782
L 54 1 1 -0.319 -0.361 0.017 14.914	2 0.669 0.582 -0.040 -5.349	R 44 0 3 -0.020 -0.027 0.028 1.174	4 -0.201 -0.211 0.289 2.686
L 55 1 1 -0.316 -0.361 0.028 15.512	2 0.669 0.581 -0.051 -5.051	R 44 0 3 -0.020 -0.020 0.199 0.110	4 -0.196 -0.205 0.074 1.297
L 56 1 1 -0.313 -0.360 0.074 15.890	2 0.670 0.580 -0.040 -4.523	R 45 0 3 -0.012 -0.013 0.255 0.110	4 -0.196 -0.202 0.017 2.158
L 56 1 1 -0.313 -0.358 0.040 15.600	2 0.670 0.579 -0.051 -3.969	R 46 0 3 -0.004 -0.008 0.255 1.015	4 -0.191 -0.199 0.210 2.290
L 57 1 1 -0.310 -0.356 0.074 16.110	2 0.670 0.577 -0.028 -3.284	R 47 0 3 0.005 -0.002 -0.040 0.488	4 -0.187 -0.194 0.131 2.343
L 58 1 1 -0.307 -0.355 0.085 16.356	2 0.670 0.575 -0.028 -2.651	R 47 0 3 0.005 0.006 0.142 -0.154	4 -0.184 -0.192 -0.017 1.807
L 59 1 1 -0.305 -0.353 0.096 16.435	2 0.671 0.574 -0.062 -1.851	R 48 0 3 0.015 0.014 0.414 -0.092	4 -0.184 -0.191 0.017 2.264
L 59 1 1 -0.305 -0.350 0.062 15.996	2 0.671 0.572 -0.062 -1.754	R 49 0 3 0.025 0.021 0.244 0.769	4 -0.182 -0.190 0.096 2.659
L 60 1 1 -0.302 -0.348 0.108 16.075	2 0.671 0.570 -0.074 -2.000	R 50 0 3 0.035 0.026 -0.006 1.103	4 -0.180 -0.187 0.028 2.448
L 61 1 1 -0.299 -0.345 0.085 16.101	2 0.672 0.567 -0.074 -1.877	R 50 0 3 0.035 0.035 0.267 0.066	4 -0.179 -0.187 0.017 2.141
L 62 1 1 -0.296 -0.342 0.119 15.793	2 0.672 0.564 -0.085 -2.026	R 51 0 3 0.046 0.042 0.471 0.813	4 -0.179 -0.185 0.062 2.114
L 62 1 1 -0.296 -0.338 0.176 14.677	2 0.673 0.562 -0.096 -1.798	R 52 0 3 0.057 0.050 0.392 1.323	4 -0.178 -0.184 0.006 2.325
L 63 1 1 -0.293 -0.335 0.108 14.598	2 0.673 0.559 -0.028 -2.431	R 53 0 3 0.068 0.059 0.153 0.796	4 -0.177 -0.184 0.051 2.167
L 64 1 1 -0.290 -0.332 0.108 14.501	2 0.673 0.559 0.051 -2.756	R 53 0 3 0.068 0.067 0.142 0.215	4 -0.177 -0.183 -0.006 1.833
L 65 1 1 -0.288 -0.331 0.040 14.932	2 0.674 0.559 0.017 -1.824	R 54 0 3 0.079 0.075 0.505 0.769	4 -0.177 -0.183 -0.040 1.921
L 65 1 1 -0.288 -0.329 0.017 14.686	2 0.674 0.560 -0.006 -1.411	R 55 0 3 0.090 0.086 0.392 0.479	4 -0.178 -0.183 -0.006 1.675
L 66 1 1 -0.285 -0.327 0.108 14.791	2 0.674 0.560 -0.176 -1.833	R 56 0 3 0.102 0.094 -0.017 0.453	4 -0.179 -0.183 -0.040 1.156
L 67 1 1 -0.282 -0.325 0.085 14.932	2 0.675 0.560 -0.006 -1.684	R 56 0 3 0.102 0.104 0.176 -0.479	4 -0.182 -0.183 -0.006 1.182
L 68 1 1 -0.279 -0.323 0.074 15.081	2 0.676 0.560 0.017 -1.077	R 57 0 3 0.114 0.113 0.494 -0.127	4 -0.182 -0.184 -0.051 0.848
L 68 1 1 -0.279 -0.321 0.051 14.598	2 0.677 0.560 0.017 -1.684	R 58 0 3 0.127 0.121 0.244 1.156	4 -0.185 -0.188 -0.210 1.182
L 69 1 1 -0.277 -0.319 0.085 14.818	2 0.677 0.559 -0.006 -1.956	R 59 0 3 0.140 0.129 0.017 1.279	4 -0.190 -0.192 -0.187 0.989
L 70 1 1 -0.274 -0.317 0.085 15.125	2 0.677 0.559 0.040 -1.895	R 59 0 3 0.140 0.138 0.255 0.549	4 -0.195 -0.194 -0.108 1.789
L 71 1 1 -0.271 -0.316 0.074 15.152	2 0.678 0.559 -0.006 -1.877	R 60 0 3 0.153 0.147 0.448 1.455	4 -0.195 -0.199 -0.199 1.525
L 71 1 1 -0.271 -0.313 0.028 14.765	2 0.679 0.560 0.040 -1.912	R 61 0 3 0.166 0.157 0.550 2.202	4 -0.202 -0.205 -0.267 1.349
L 72 1 1 -0.269 -0.311 0.028 15.125	2 0.679 0.559 -0.017 -2.009	R 62 0 3 0.180 0.166 0.153 1.833	4 -0.210 -0.210 -0.210 0.338
L 73 1 1 -0.266 -0.309 0.040 15.081	2 0.680 0.560 -0.006 -1.710	R 62 0 3 0.180 0.180 0.426 -0.004	4 -0.219 -0.215 -0.040 1.473
L 74 1 1 -0.264 -0.308 0.017 15.292	2 0.681 0.560 -0.176 -1.596	R 63 0 3 0.194 0.193 0.460 0.602	4 -0.219 -0.224 -0.403 1.859
L 74 1 1 -0.264 -0.306 0.062 14.853	2 0.682 0.560 -0.006 -1.807	R 64 0 3 0.208 0.199 0.335 2.167	4 -0.230 -0.232 -0.312 1.156
L 75 1 1 -0.261 -0.303 0.062 14.738	2 0.682 0.560 0.028 -1.780	R 65 0 3 0.223 0.211 0.267 0.593	4 -0.242 -0.240 -0.335 0.646
L 76 1 1 -0.258 -0.302 0.051 15.178	2 0.683 0.560 0.040 -1.666	R 65 0 3 0.223 0.223 0.153 0.163	4 -0.255 -0.250 -0.233 2.774
L 77 1 1 -0.256 -0.300 0.096 15.029	2 0.684 0.559 -0.176 -2.079	R 66 0 3 0.237 0.232 0.403 1.789	4 -0.255 -0.259 -0.267 1.367
L 77 1 1 -0.256 -0.298 -0.017 14.862	2 0.685 0.560 0.017 -1.692	R 67 0 3 0.252 0.239 0.426 3.310	4 -0.269 -0.270 -0.460 0.576
L 78 1 1 -0.253 -0.296 0.062 14.888	2 0.685 0.560 0.040 -1.631	R 68 0 3 0.267 0.253 0.312 1.525	4 -0.285 -0.282 -0.539 0.426
L 79 1 1 -0.251 -0.294 0.108 15.029	2 0.687 0.560 0.017 -1.868	R 68 0 3 0.267 0.265 0.289 0.804	4 -0.302 -0.294 -0.380 2.774
L 80 1 1 -0.249 -0.292 0.142 14.870	2 0.688 0.559 -0.006 -2.044	R 69 0 3 0.283 0.278 0.687 0.567	4 -0.302 -0.307 -0.426 1.534
L 80 1 1 -0.249 -0.290 -0.017 14.791	2 0.689 0.560 0.017 -1.552	R 70 0 3 0.298 0.291 0.505 1.218	4 -0.319 -0.318 -0.460 0.040
L 81 1 1 -0.246 -0.289 0.119 14.756	2 0.689 0.559 -0.006 -1.859	R 71 0 3 0.313 0.299 -0.040 1.613	4 -0.338 -0.330 -0.482 -0.664
L 82 1 1 -0.244 -0.286 0.085 14.853	2 0.690 0.559 -0.176 -1.824	R 71 0 3 0.313 0.315 0.607 -0.708	4 -0.358 -0.345 -0.312 1.367
L 83 1 1 -0.241 -0.285 0.028 15.125	2 0.692 0.559 -0.017 -1.763	R 72 0 3 0.328 0.328 0.528 0.031	4 -0.358 -0.360 -0.607 0.374
L 83 1 1 -0.241 -0.282 0.119 14.413	2 0.693 0.560 0.017 -1.903	R 73 0 3 0.343 0.334 0.528 1.473	4 -0.378 -0.373 -0.607 -0.919
L 84 1 1 -0.239 -0.280 0.028 14.554	2 0.693 0.560 0.040 -1.895	R 74 0 3 0.358 0.349 0.323 -0.585	4 -0.399 -0.387 -0.505 -2.079
L 85 1 1 -0.237 -0.279 0.062 14.730	2 0.694 0.560 -0.176 -1.754	R 74 0 3 0.358 0.364 0.176 -1.807	4 -0.420 -0.405 -0.346 0.743
L 86 1 1 -0.234 -0.277 0.096 14.457	2 0.696 0.559 -0.176 -2.044	R 75 0 3 0.373 0.376 0.516 -1.587	4 -0.420 -0.419 -0.414 -0.787
L 86 1 1 -0.234 -0.274 -0.017 14.088	2 0.697 0.560 0.040 -1.789	R 76 0 3 0.387 0.387 0.585 -0.804	4 -0.442 -0.432 -0.743 -2.290
L 87 1 1 -0.232 -0.273 0.028 14.290	2 0.697 0.560 -0.006 -1.754	R 77 0 3 0.401 0.397 0.221 -1.596	4 -0.464 -0.448 -0.550 -4.101
L 88 1 1 -0.230 -0.270 0.096 14.079	2 0.699 0.559 -0.017 -1.877	R 77 0 3 0.401 0.409 0.312 -3.073	4 -0.486 -0.465 -0.460 -0.084
L 89 1 1 -0.227 -0.269 0.085 14.053	2 0.701 0.560 -0.006 -1.780	R 78 0 3 0.415 0.422 0.380 -2.826	4 -0.486 -0.485 -0.596 -0.963
L 89 1 1 -0.227 -0.267 0.074 13.771	2 0.702 0.560 -0.176 -1.798	R 79 0 3 0.428 0.429 0.437 -1.147	4 -0.508 -0.496 -0.687 -2.941
L 90 1 1 -0.225 -0.264 0.074 13.622	2 0.702 0.559 -0.176 -1.895	R 80 0 3 0.440 0.436 0.210 -1.270	4 -0.530 -0.513 -0.596 -4.655
L 91 1 1 -0.223 -0.262 0.062 13.798	2 0.704 0.560 0.017 -1.763	R 80 0 3 0.440 0.447 0.289 -2.624	4 -0.551 -0.530 -0.414 -0.391
L 92 1 1 -0.221 -0.260 0.119 13.376	2 0.706 0.559 -0.006 -1.938	R 81 0 3 0.452 0.458 0.221 -2.097	4 -0.551 -0.550 -0.675 -0.681
L 92 1 1 -0.221 -0.258 0.096 12.945	2 0.707 0.560 -0.006 -1.719	R 82 0 3 0.463 0.464 0.346 -0.980	4 -0.571 -0.562 -0.471 -2.651
L 93 1 1 -0.219 -0.256 0.028 13.200	2 0.707 0.559 -0.017 -1.815	R 83 0 3 0.474 0.470 0.153 -0.963	4 -0.591 -0.574 -0.528 -4.813
L 94 1 1 -0.217 -0.254 0.074 13.130	2 0.709 0.559 0.017 -1.851	R 83 0 3 0.474 0.476 0.119 -0.945	4 -0.610 -0.585 -0.062 -2.949
L 95 1 1 -0.215 -0.253 0.085 13.112	2 0.711 0.560 -0.006 -1.833	R 84 0 3 0.484 0.483 0.346 -0.233	4 -0.610 -0.596 -0.460 -4.725
L 95 1 1 -0.215 -0.252 0.017 13.103	2 0.713 0.560 -0.176 -1.095	R 85 0 3 0.492 0.488 0.199 0.866	4 -0.627 -0.605 -0.392 -7.530
L 96 1 1 -0.212 -0.250 0.040 13.446	2 0.713 0.561 0.051 -1.851	R 86 0 3 0.500 0.490 0.028 1.982	4 -0.643 -0.610 -0.437 -10.132
L 97 1 1 -0.210 -0.250 -0.006 13.789	2 0.715 0.563 0.108 -1.947	R 86 0 3 0.500 0.494 -0.040 2.193	4 -0.658 -0.617 -0.085 -9.455
L 98 1 1 -0.208 -0.250 -0.017 14.448	2 0.717 0.567 0.006 -1.657	R 87 0 3 0.507 0.498 0.119 3.319	4 -0.658 -0.626 -0.142 -11.820
L 98 1 1 -0.208 -0.252 -0.142 15.301	2 0.719 0.574 0.278 -1.895	R 88 0 3 0.513 0.500 0.233 3.943	4 -0.671 -0.636 -0.437 -12.347
L 99 1 1 -0.206 -0.253 -0.096 16.602	2 0.719 0.583 0.403 -2.079	R 89 0 3 0.517 0.503 0.074 3.864	4 -0.683 -0.644 -0.596 -12.549
L 100 1 1 -0.204 -0.256 -0.085 -17.736	2 0.721 0.592 0.187 -3.125	R 89 0 3 0.517 0.508 0.040 3.495	4 -0.693 -0.654 -0.358 -9.701
L 101 1 1 -0.202 -0.260 -0.119 -15.943	2 0.723 0.603 0.460 -2.009	R 90 0 3 0.521 0.513 0.131 2.774	4 -0.693 -0.668 -0.289 -9.077
L 101 1 1 -0.202 -0.264 -0.358 -14.308	2 0.725 0.616 0.494 -2.334	R 91 0 3 0.523 0.516 0.199 2.308	4 -0.701 -0.679 -0.426 -7.943
L 102 1 1 -0.200 -0.268 -0.119 -12.286	2 0.725 0.627 0.448 -1.156	R 92 0 3 0.525 0.519 -0.006 1.903	4 -0.708 -0.686 -0.346 -6.818
L 103 1 1 -0.199 -0.270 -0.028 -11.081	2 0.727 0.636 0.323 -3.635	R 92 0 3 0.525 0.521 0.006 1.516	4 -0.713 -0.694 -0.131 -5.156
L 104 1 1 -0.197 -0.271 0.017 -10.176	2 0.730 0.642 0.176 -5.622	R 93 0 3 0.525 0.521 0.006 1.420	4 -0.713 -0.699 -0.074 -5.481
L 104 1 1 -0.197 -0.271 0.017 -9.930	2 0.732 0.645 0.085 -6.079	R 94 0 3 0.525 0.521 -0.051 1.481	4 -0.717 -0.700 -0.074 -6.097
L 105 1 1 -0.195 -0.271 0.028 -9.525	2 0.732 0.646 -0.176 -5.569	R 95 0 3 0.524 0.520 -0.074 1.780	4 -0.719 -0.699 0.006 -7.240
L 106 1 1 -0.193 -0.269 0.074 -9.534	2 0.734 0.645 -0.006 -4.549	R 95 0 3 0.524 0.517 -0.074 2.431	4 -0.721 -0.697 0.062 -8.101
L 107 1 1 -0.191 -0.267 0.096 -9.833	2 0.737 0.644 -0.028 -3.477	R 96 0 3 0.522 0.515 -0.062 2.404	4 -0.721 -0.696 0.028 -8.945
L 107 1 1 -0.191 -0.265 0.062 -10.422	2 0.739 0.643 -0.040 -2.809	R 97 0 3 0.519 0.513 -0.096 2.334	4 -0.721 -0.695 0.017 -9.130
L 108 1 1 -0.189 -0.263 0.108 -10.422	2 0.739 0.643 0.040 -2.598	R 98 0 3 0.516 0.511 -0.108 2.510	4 -0.720 -0.695 0.006 -9.051
L 109 1 1 -0.188 -0.261 0.040 -10.519	2 0.742 0.646 0.085 -2.440	R 98 0 3 0.516 0.508 -0.096 3.064	4 -0.719 -0.695 -0.006 -8.945
L 110 1 1 -0.186 -0.259 0.062 -10.475	2 0.744 0.648 0.108 -2.334	R 99 0 3 0.512 0.505 -0.074 2.633	4 -0.719 -0.695 -0.051 -8.163
L 110 1 1 -0.186 -0.258 0.062 -10.677	2 0.747 0.651 0.051 -2.879	R 0 1 3 0.509 0.503 -0.165 2.281	4 -0.717 -0.696 0.006 -7.600
L 111 1 1 -0.184 -0.257 0.074 -10.580	2 0.747 0.654 0.051 -3.292	R 1 1 3 0.505 0.500 -0.085 2.369	4 -0.715 -0.696 0.028 -7.116
L 112 1 1 -0.183 -0.255 0.051 -10.527	2 0.749 0.656 -0.176 -3.011	R 1 1 3 0.505 0.496 -0.131 2.879	4 -0.713 -0.698 -0.210 -5.921
L 113 1 1 -0.181 -0.253 0.074 -10.993	2 0.752 0.656 -0.176 -2.202	R 2 1 3 0.501 0.493 -0.074 2.730	4 -0.713 -0.698 0.006 -5.332
L 113 1 1 -0.181 -0.250 0.119 -12.057	2 0.755 0.656 0.040 -2.158	R 3 1 3 0.497 0.491 -0.210 2.176	4 -0.711 -0.698 -0.006 -4.655
L 114 1 1 -0.179 -0.248 0.074 -12.066	2 0.755 0.658 0.165 -3.459	R 4 1 3 0.493 0.488 -0.119 2.299	4 -0.709 -0.697 0.074 -4.541
L 115 1 1 -0.178 -0.247 0.017 -11.916	2 0.758 0.660 0.028 -1.701	R 4 1 3 0.493 0.485 -0.096 2.730	4 -0.707 -0.697 -0.051 -4.286
L 116 1 1 -0.176 -0.245 0.119 -12.171	2 0.760 0.662 0.074 -2.000	R 5 1 3 0.489 0.482 -0.108 2.396	4 -0.707 -0.698 -0.051 -3.477
L 116 1 1 -0.176 -0.242 0.108 -13.033	2 0.763 0.664 0.074 -1.991	R 6 1 3 0.485 0.479 -0.199 2.097	4 -0.706 -0.698 -0.017 -2.782
L 117 1 1 -0.175 -0.240 0.085 -13.226	2 0.763 0.667 0.131 -2.026	R 7 1 3 0.481 0.476 -0.142 2.598	4 -0.704 -0.697 0.085 -2.703
L 118 1 1 -0.173 -0.238 0.062 -13.367	2 0.766 0.671 0.108 -2.167	R 7 1 3 0.481 0.471 -0.131 3.679	4 -0.702 -0.696 -0.017 -2.782
L 119 1 1 -0.172 -0.236 0.074 -13.719	2 0.769 0.673 0.131 -2.686	R 8 1 3 0.477 0.467 -0.085 3.477	4 -0.702 -0.696 -0.028 -2.088
L 119 1 1 -0.172 -0.234 0.108 -14.404	2 0.772 0.676 0.096 -3.011	R 9 1 3 0.473 0.464 -0.187 3.222	4 -0.701 -0.696 -0.028 -1.543
L 0 0 1 -0.170 -0.232 0.062 -14.571	2 0.772 0.680 0.142 -3.723	R 10 1 3 0.469 0.461 -0.085 3.486	4 -0.699 -0.696 0.062 -1.332
L 1 0 1 -0.169 -0.230 0.017 -14.580	2 0.775 0.685 0.165 -3.864	R 10 1 3 0.469 0.458 -0.108 4.189	4 -0.697 -0.696 0.006 -1.270
L 2 0 1 -0.168 -0.228 0.131 -15.090	2 0.778 0.686 0.051 -3.591	R 11 1 3 0.465 0.454 -0.153 4.215	4 -0.697 -0.696 0.006 -0.760
L 2 0 1 -0.168 -0.223 0.199 -16.470	2 0.781 0.686 0.017 -3.301	R 12 1 3 0.462 0.450 -0.153 4.303	4 -0.696 -0.695 0.051 -0.497
L 3 0 1 -0.166 -0.219 0.176 -17.490	2 0.781 0.686 -0.176 -2.642	R 13 1 3 0.458 0.446 -0.165 4.927	4 -0.694 -0.693 0.176 -1.051
L 4 0 1 -0.165 -0.216 0.131 17.692	2 0.784 0.687 -0.176 -2.053	R 13 1 3 0.458 0.440 -0.244 6.554	4 -0.693 -0.688 0.085 -2.176
L 5 0 1 -0.163 -0.212 0.131 17.033	2 0.786 0.687 0.017 -1.824	R 14 1 3 0.454 0.434 -0.153 7.125	4 -0.693 -0.685 0.028 -2.651
L 5 0 1 -0.163 -0.208 0.153 15.820	2 0.786 0.687 -0.017 -1.851	R 15 1 3 0.450 0.430 -0.142 7.319	4 -0.692 -0.684 0.062 -2.870
L 6 0 1 -0.160 -0.204 0.131 15.231	2 0.786 0.688 0.028 -1.842	R 16 1 3 0.447 0.427 -0.131 7.829	4 -0.690 -0.683 0.028 -2.826
L 7 0 1 -0.158 -0.200 0.119 14.941	2 0.786 0.689 0.074 -2.097	R 16 1 3 0.447 0.422 -0.131 8.365	4 -0.689 -0.682 0.006 -2.844
L 8 0 1 -0.154 -0.197 0.119 14.712	2 0.784 0.692 0.040 -3.090	R 17 1 3 0.443 0.419 -0.153 8.532	4 -0.689 -0.682 0.028 -2.475
L 8 0 1 -0.154 -0.195 0.131 14.026	2 0.781 0.694 0.119 -4.769	R 18 1 3 0.439 0.415 -0.187 8.655	4 -0.688 -0.682 -0.017 -2.018
L 9 0 1 -0.150 -0.191 0.176 14.167	2 0.781 0.695 0.085 -6.070	R 19 1 3 0.436 0.411 -0.153 9.508	4 -0.687 -0.682 0.051 -1.921
L 10 0 1 -0.146 -0.187 0.074 14.448	2 0.776 0.696 0.051 -8.163	R 19 1 3 0.436 0.406 -0.153 10.229	4 -0.685 -0.680 0.074 -2.255
L 11 0 1 -0.141 -0.184 0.153 14.492	2 0.770 0.697 -0.040 -10.202	R 20 1 3 0.432 0.402 -0.165 10.782	4 -0.685 -0.678 0.062 -2.589
L 11 0 1 -0.141 -0.179 0.165 13.437	2 0.761 0.697 0.040 -11.424	R 21 1 3 0.428 0.397 -0.176 11.204	4 -0.684 -0.675 0.017 -3.081
L 12 0 1 -0.135 -0.175 0.142 13.851	2 0.761 0.694 -0.006 -12.646	R 22 1 3 0.425 0.392 -0.142 12.075	4 -0.683 -0.672 0.062 -3.811
L 13 0 1 -0.128 -0.170 0.176 14.308	2 0.751 0.691 -0.051 -15.187	R 22 1 3 0.425 0.389 -0.119 12.690	4 -0.682 -0.669 0.119 -4.927
L 14 0 1 -0.121 -0.164 0.199 14.475	2 0.739 0.687 -0.210 -17.508	R 23 1 3 0.421 0.385 -0.187 12.567	4 -0.682 -0.665 0.119 -6.176
L 14 0 1 -0.121 -0.159 0.187 13.270	2 0.725 0.685 -0.085 17.288	R 24 1 3 0.418 0.383 -0.131 12.497	4 -0.681 -0.661 0.131 -7.160
L 15 0 1 -0.112 -0.152 0.221 13.956	2 0.725 0.679 -0.131 15.987	R 25 1 3 0.414 0.379 -0.119 13.209	4 -0.680 -0.657 0.221 -8.453
L 16 0 1 -0.104 -0.146 0.255 14.378	2 0.709 0.672 -0.142 13.015	R 25 1 3 0.414 0.375 -0.142 13.877	4 -0.679 -0.652 0.176 -9.956
L 17 0 1 -0.095 -0.140 0.233 14.923	2 0.692 0.664 -0.448 10.334	R 26 1 3 0.410 0.370 -0.165 14.158	4 -0.679 -0.647 0.142 -11.433
L 17 0 1 -0.095 -0.130 0.301 12.418	2 0.673 0.656 -0.221 10.378	R 27 1 3 0.407 0.366 -0.165 14.615	4 -0.678 -0.641 0.153 -12.954
L 18 0 1 -0.085 -0.122 0.312 12.936	2 0.673 0.646 -0.289 9.481	R 28 1 3 0.403 0.361 -0.131 15.538	4 -0.677 -0.636 0.176 -14.510
L 19 0 1 -0.075 -0.113 0.335 12.831	2 0.653 0.635 -0.108 5.842	R 28 1 3 0.403 0.357 -0.096 16.207	4 -0.677 -0.632 0.142 -16.224
L 20 0 1 -0.065 -0.102 0.471 11.670	2 0.632 0.632 -0.596 0.936	R 29 1 3 0.400 0.355 -0.108 16.004	4 -0.677 -0.627 0.176 -17.640
L 20 0 1 -0.065 -0.086 0.607 6.949	2 0.610 0.619 -0.165 2.422	R 30 1 3 0.397 0.351 -0.085 16.084	4 -0.676 -0.622 0.085 17.165
L 21 0 1 -0.054 -0.069 0.562 4.866	2 0.610 0.602 -0.562 2.712	R 31 1 3 0.393 0.348 -0.051 16.347	4 -0.675 -0.619 0.062 16.295
L 22 0 1 -0.044 -0.055 0.369 3.785	2 0.588 0.587 -0.482 0.048	R 31 1 3 0.393 0.346 -0.028 16.356	4 -0.674 -0.618 -0.040 15.969
L 23 0 1 -0.034 -0.045 0.267 3.108	2 0.565 0.577 -0.505 -2.923	R 32 1 3 0.390 0.346 -0.040 15.407	4 -0.674 -0.618 -0.028 16.136
L 23 0 1 -0.034 -0.038 0.187 1.349	2 0.541 0.566 -0.187 -3.662	R 33 1 3 0.386 0.345 -0.028 14.440	4 -0.674 -0.618 0.176 16.488
L 24 0 1 -0.024 -0.031 0.255 2.343	2 0.541 0.548 -0.585 -2.448	R 34 1 3 0.383 0.345 -0.006 13.921	4 -0.673 -0.619 0.176 16.769
L 25 0 1 -0.014 -0.020 0.380 2.088	2 0.517 0.531 -0.800 -3.987	R 34 1 3 0.383 0.345 0.006 13.358	4 -0.673 -0.619 -0.028 16.813
L 26 0 1 -0.004 -0.011 0.233 1.209	2 0.494 0.514 -0.732 -5.675	R 35 1 3 0.379 0.345 0.006 11.925	4 -0.673 -0.619 -0.017 16.919
L 26 0 1 -0.004 -0.001 0.142 -1.314	2 0.470 0.498 -0.142 -4.813	R 36 1 3 0.376 0.345 0.017 10.879	4 -0.672 -0.618 0.006 17.138
L 27 0 1 0.005 0.006 0.187 -0.725	2 0.470 0.482 -0.550 -3.873	R 37 1 3 0.373 0.346 0.051 10.079	4 -0.672 -0.618 0.017 17.077
L 28 0 1 0.013 0.013 0.176 -0.277	2 0.447 0.462 -0.812 -4.945	R 37 1 3 0.373 0.346 -0.017 9.429	4 -0.671 -0.617 0.040 16.673
L 29 0 1 0.020 0.018 0.096 0.198	2 0.424 0.443 -0.823 -5.402	R 38 1 3 0.370 0.346 0.006 8.066	4 -0.671 -0.615 0.040 16.286
L 29 0 1 0.020 0.020 0.006 0.031	2 0.402 0.428 -0.096 -4.734	R 39 1 3 0.366 0.346 -0.040 7.160	4 -0.671 -0.613 0.085 15.609
L 30 0 1 0.027 0.023 0.051 1.569	2 0.402 0.412 -0.630 -3.196	R 40 1 3 0.363 0.346 0.017 6.484	4 -0.670 -0.611 0.085 14.932
L 31 0 1 0.033 0.026 0.096 2.492	2 0.381 0.393 -0.687 -4.198	R 40 1 3 0.363 0.346 0.006 5.833	4 -0.670 -0.609 0.028 14.378
L 32 0 1 0.038 0.032 0.176 1.763	2 0.360 0.380 -0.596 -5.604	R 41 1 3 0.360 0.346 0.006 4.576	4 -0.670 -0.606 0.074 13.481
L 32 0 1 0.038 0.038 0.119 0.092	2 0.341 0.365 -0.187 -4.655	R 42 1 3 0.356 0.346 -0.062 3.758	4 -0.670 -0.603 0.062 12.593
L 33 0 1 0.042 0.042 0.096 0.259	2 0.341 0.350 -0.448 -3.873	R 43 1 3 0.353 0.346 0.006 3.248	4 -0.669 -0.600 0.028 11.697
L 34 0 1 0.046 0.044 0.176 0.330	2 0.322 0.337 -0.573 -5.349	R 43 1 3 0.353 0.344 0.017 3.240	4 -0.669 -0.598 0.051 11.011
L 35 0 1 0.048 0.045 0.119 0.444	2 0.305 0.324 -0.619 -5.613	R 44 1 3 0.350 0.344 -0.028 2.237	4 -0.669 -0.597 0.176 10.580
L 35 0 1 0.048 0.045 -0.017 0.716	2 0.288 0.311 -0.187 -4.620	R 45 1 3 0.347 0.344 -0.017 1.235	4 -0.669 -0.596 0.006 10.387
L 36 0 1 0.049 0.045 0.006 1.165	2 0.288 0.297 -0.437 -3.231	R 46 1 3 0.344 0.344 -0.006 0.681	4 -0.669 -0.596 0.176 10.211
L 37 0 1 0.049 0.045 0.028 1.174	2 0.273 0.284 -0.550 -3.591	R 46 1 3 0.344 0.344 0.096 -0.013	4 -0.669 -0.595 0.006 10.105
L 38 0 1 0.047 0.046 -0.017 0.787	2 0.259 0.275 -0.358 -4.980	R 47 1 3 0.341 0.342 -0.108 -0.576	4 -0.669 -0.595 -0.028 10.079
L 38 0 1 0.047 0.046 0.006 0.673	2 0.246 0.269 -0.108 -5.165	R 48 1 3 0.337 0.343 -0.062 -1.763	4 -0.669 -0.595 -0.017 10.062
L 39 0 1 0.045 0.044 -0.017 0.154	2 0.246 0.260 -0.312 -4.567	R 49 1 3 0.334 0.344 0.040 -1.543	4 -0.669 -0.595 -0.040 10.105
L 40 0 1 0.042 0.044 -0.051 -0.637	2 0.235 0.248 -0.437 -4.347	R 49 1 3 0.334 0.345 0.040 -3.837	4 -0.669 -0.595 0.176 10.044
L 41 0 1 0.038 0.044 -0.006 -0.585	2 0.225 0.239 -0.358 -4.629	R 50 1 3 0.331 0.345 0.006 -4.919	4 -0.669 -0.595 0.028 9.727
L 41 0 1 0.038 0.042 -0.074 -1.473	2 0.216 0.233 -0.017 -4.251	R 51 1 3 0.328 0.345 -0.051 -5.930	4 -0.669 -0.593 0.040 9.367
L 42 0 1 0.033 0.039 -0.085 -2.422	2 0.216 0.229 -0.142 -4.787	R 52 1 3 0.325 0.346 0.017 -6.519	4 -0.669 -0.591 0.062 8.813
L 43 0 1 0.027 0.037 -0.096 -3.697	2 0.208 0.222 -0.255 -4.743	R 52 1 3 0.325 0.345 0.028 -7.152	4 -0.669 -0.590 0.028 8.180
L 44 0 1 0.020 0.035 -0.108 -4.752	2 0.201 0.214 -0.267 -4.224	R 53 1 3 0.322 0.345 -0.028 -8.180	4 -0.669 -0.588 0.074 7.371
L 44 0 1 0.020 0.031 -0.210 -3.626	2 0.196 0.211 -0.017 -4.303	R 54 1 3 0.319 0.345 -0.062 -8.848	4 -0.669 -0.586 0.040 6.571
L 45 0 1 0.012 0.024 -0.187 -4.198	2 0.196 0.209 -0.085 -4.822	R 55 1 3 0.316 0.344 -0.017 -9.086	4 -0.669 -0.584 0.051 5.771
L 46 0 1 0.004 0.016 -0.267 -4.426	2 0.191 0.205 -0.176 -4.910	R 55 1 3 0.316 0.343 -0.040 -9.437	4 -0.670 -0.582 0.017 5.165
L 47 0 1 -0.005 0.009 -0.289 -4.163	2 0.187 0.200 -0.199 -4.303	R 56 1 3 0.313 0.341 -0.062 -9.877	4 -0.670 -0.579 0.074 4.198
L 47 0 1 -0.005 0.001 -0.255 -2.149	2 0.184 0.197 -0.062 -4.031	R 57 1 3 0.310 0.340 -0.096 -10.308	4 -0.670 -0.577 0.108 3.389
L 48 0 1 -0.015 -0.007 -0.267 -2.853	2 0.184 0.196 0.006 -4.462	R 58 1 3 0.307 0.339 -0.028 -10.536	4 -0.670 -0.576 0.006 2.914
L 49 0 1 -0.025 -0.015 -0.267 -3.503	2 0.182 0.196 -0.062 -4.910	R 58 1 3 0.307 0.338 -0.028 -10.730	4 -0.671 -0.575 0.017 2.448
L 50 0 1 -0.035 -0.021 -0.233 -3.925	2 0.180 0.193 -0.062 -4.602	R 59 1 3 0.305 0.336 -0.074 -11.134	4 -0.671 -0.574 -0.028 2.035
L 50 0 1 -0.035 -0.028 -0.233 -2.598	2 0.179 0.191 -0.074 -4.163	R 60 1 3 0.302 0.335 -0.096 -11.530	4 -0.671 -0.574 0.176 1.868
L 51 0 1 -0.046 -0.035 -0.244 -3.881	2 0.179 0.191 -0.017 -4.268	R 61 1 3 0.299 0.334 -0.074 -11.705	4 -0.672 -0.574 -0.028 1.815
L 52 0 1 -0.057 -0.043 -0.289 -4.409	2 0.178 0.190 -0.040 -4.312	R 61 1 3 0.299 0.332 -0.074 -11.688	4 -0.672 -0.574 -0.051 1.842
L 53 0 1 -0.068 -0.052 -0.369 -4.330	2 0.177 0.189 -0.017 -4.092	R 62 1 3 0.296 0.330 -0.062 -12.180	4 -0.672 -0.574 -0.028 1.833
L 53 0 1 -0.068 -0.062 -0.335 -2.158	2 0.177 0.189 -0.028 -4.004	R 63 1 3 0.293 0.328 -0.108 -12.163	4 -0.673 -0.574 -0.028 1.824
L 54 0 1 -0.079 -0.071 -0.278 -2.905	2 0.177 0.189 -0.028 -4.110	R 64 1 3 0.290 0.326 -0.062 -11.960	4 -0.673 -0.574 0.006 1.815
L 55 0 1 -0.090 -0.079 -0.301 -3.873	2 0.178 0.189 0.017 -4.004	R 64 1 3 0.290 0.324 -0.062 -11.846	4 -0.674 -0.574 0.006 1.824
L 56 0 1 -0.102 -0.087 -0.289 -4.312	2 0.179 0.189 0.006 -3.547	R 65 1 3 0.288 0.321 -0.074 -12.048	4 -0.674 -0.573 -0.028 1.842
L 56 0 1 -0.102 -0.095 -0.255 -2.607	2 0.182 0.189 -0.028 -3.240	R 66 1 3 0.285 0.319 -0.142 -11.846	4 -0.674 -0.573 0.028 1.824
L 57 0 1 -0.114 -0.104 -0.278 -3.468	2 0.182 0.191 0.085 -3.336	R 67 1 3 0.282 0.317 -0.096 -11.732	4 -0.675 -0.573 -0.017 1.771
L 58 0 1 -0.127 -0.114 -0.392 -4.145	2 0.185 0.194 0.153 -3.503	R 67 1 3 0.282 0.315 -0.096 -11.407	4 -0.676 -0.572 -0.017 1.780
L 59 0 1 -0.140 -0.124 -0.392 -4.233	2 0.190 0.198 0.153 -3.292	R 68 1 3 0.279 0.312 -0.051 -11.670	4 -0.676 -0.572 0.176 1.903
L 59 0 1 -0.140 -0.134 -0.323 -1.912	2 0.195 0.201 -0.006 -3.134	R 69 1 3 0.277 0.310 -0.096 -11.424	4 -0.677 -0.571 0.051 1.842
L 60 0 1 -0.153 -0.144 -0.267 -3.081	2 0.195 0.204 0.142 -3.284	R 70 1 3 0.274 0.307 -0.131 -11.011	4 -0.677 -0.570 -0.017 1.807
L 61 0 1 -0.166 -0.154 -0.323 -4.277	2 0.202 0.212 0.335 -3.451	R 70 1 3 0.274 0.305 -0.074 -10.659	4 -0.678 -0.570 0.040 1.754
L 62 0 1 -0.180 -0.162 -0.323 -4.734	2 0.210 0.217 0.153 -2.949	R 71 1 3 0.271 0.302 -0.062 -10.888	4 -0.678 -0.569 0.028 1.895
L 62 0 1 -0.180 -0.172 -0.312 -2.712	2 0.219 0.221 0.028 -2.695	R 72 1 3 0.269 0.300 -0.131 -10.607	4 -0.679 -0.568 0.006 1.789
L 63 0 1 -0.194 -0.182 -0.346 -3.978	2 0.219 0.228 0.301 -3.354	R 73 1 3 0.266 0.298 -0.108 -10.325	4 -0.680 -0.567 0.017 1.754
L 64 0 1 -0.208 -0.194 -0.448 -4.611	2 0.230 0.239 0.414 -3.723	R 73 1 3 0.266 0.295 -0.074 -10.211	4 -0.681 -0.567 0.017 1.815
L 65 0 1 -0.223 -0.206 -0.392 -4.391	2 0.242 0.247 0.312 -2.325	R 74 1 3 0.264 0.293 -0.040 -10.563	4 -0.681 -0.566 0.176 1.868
L 65 0 1 -0.223 -0.218 -0.380 -1.824	2 0.255 0.253 0.108 -2.053	R 75 1 3 0.261 0.291 -0.108 -10.264	4 -0.682 -0.566 0.017 1.763
L 66 0 1 -0.237 -0.228 -0.369 -3.178	2 0.255 0.264 0.278 -3.275	R 76 1 3 0.258 0.289 -0.096 -9.974	4 -0.683 -0.565 0.028 1.763
L 67 0 1 -0.252 -0.240 -0.448 -3.908	2 0.269 0.277 0.426 -2.747	R 76 1 3 0.258 0.287 -0.062 -9.771	4 -0.684 -0.564 -0.028 1.815
L 68 0 1 -0.267 -0.252 -0.392 -3.829	2 0.285 0.287 0.460 -1.569	R 77 1 3 0.256 0.283 -0.108 -9.921	4 -0.684 -0.564 -0.017 1.938
L 68 0 1 -0.267 -0.264 -0.392 -1.165	2 0.302 0.295 0.176 -1.578	R 78 1 3 0.253 0.281 -0.119 -9.429	4 -0.685 -0.563 0.176 1.815
L 69 0 1 -0.283 -0.275 -0.426 -2.211	2 0.302 0.309 0.221 -2.668	R 79 1 3 0.251 0.279 -0.051 -9.402	4 -0.687 -0.563 0.006 1.780
L 70 0 1 -0.298 -0.288 -0.414 -3.213	2 0.319 0.323 0.346 -1.393	R 79 1 3 0.251 0.277 -0.085 -9.121	4 -0.688 -0.562 0.006 1.798
L 71 0 1 -0.313 -0.300 -0.414 -2.932	2 0.338 0.334 0.732 -0.048	R 80 1 3 0.249 0.274 0.017 -9.226	4 -0.688 -0.562 -0.074 1.965
L 71 0 1 -0.313 -0.314 -0.528 0.048	2 0.358 0.348 0.323 -0.971	R 81 1 3 0.246 0.272 -0.153 -8.884	4 -0.689 -0.562 0.176 1.745
L 72 0 1 -0.328 -0.326 -0.392 -0.796	2 0.358 0.361 0.244 -1.033	R 82 1 3 0.244 0.270 -0.085 -8.541	4 -0.690 -0.561 0.006 1.771
L 73 0 1 -0.343 -0.337 -0.596 -1.051	2 0.378 0.377 0.630 0.549	R 82 1 3 0.244 0.268 -0.051 -8.549	4 -0.692 -0.562 -0.040 1.859
L 74 0 1 -0.358 -0.351 -0.278 -0.760	2 0.399 0.391 0.868 1.007	R 83 1 3 0.241 0.265 -0.108 -8.514	4 -0.692 -0.562 -0.040 1.842
L 74 0 1 -0.358 -0.363 -0.437 1.508	2 0.420 0.404 0.187 0.637	R 84 1 3 0.239 0.263 -0.176 -8.233	4 -0.693 -0.562 0.176 1.754
L 75 0 1 -0.373 -0.374 -0.358 0.620	2 0.420 0.419 0.267 0.787	R 85 1 3 0.237 0.262 -0.085 -8.048	4 -0.694 -0.562 0.006 1.763
L 76 0 1 -0.387 -0.387 -0.414 0.066	2 0.442 0.435 0.732 1.930	R 85 1 3 0.237 0.259 -0.074 -7.802	4 -0.696 -0.562 -0.028 1.807
L 77 0 1 -0.401 -0.399 -0.482 1.077	2 0.464 0.449 0.732 3.688	R 86 1 3 0.234 0.257 0.006 -8.075	4 -0.696 -0.562 -0.028 1.877
L 77 0 1 -0.401 -0.412 -0.437 2.888	2 0.486 0.463 0.187 3.116	R 87 1 3 0.232 0.255 -0.096 -7.767	4 -0.697 -0.562 -0.017 1.798
L 78 0 1 -0.415 -0.423 -0.414 2.114	2 0.486 0.479 0.460 2.677	R 88 1 3 0.230 0.253 -0.085 -7.451	4 -0.699 -0.563 -0.017 1.807
L 79 0 1 -0.428 -0.434 -0.426 2.615	2 0.508 0.494 0.641 4.277	R 88 1 3 0.230 0.250 -0.074 -7.222	4 -0.701 -0.563 -0.040 1.798
L 80 0 1 -0.440 -0.445 -0.392 3.407	2 0.530 0.511 0.755 5.525	R 89 1 3 0.227 0.247 -0.051 -7.116	4 -0.701 -0.563 -0.028 1.868
L 80 0 1 -0.440 -0.456 -0.278 5.481	2 0.551 0.527 0.267 3.820	R 90 1 3 0.225 0.244 -0.176 -6.580	4 -0.702 -0.563 0.017 1.780
L 81 0 1 -0.452 -0.462 -0.176 3.424	2 0.551 0.542 0.539 2.853	R 91 1 3 0.223 0.242 -0.119 -6.167	4 -0.704 -0.564 -0.028 1.798
L 82 0 1 -0.463 -0.468 -0.221 1.868	2 0.571 0.558 0.641 3.837	R 91 1 3 0.223 0.240 -0.096 -5.859	4 -0.706 -0.564 -0.017 1.754
L 83 0 1 -0.474 -0.474 -0.187 0.769	2 0.591 0.573 0.585 5.640	R 92 1 3 0.221 0.237 -0.017 -5.807	4 -0.706 -0.564 -0.040 1.851
L 83 0 1 -0.474 -0.481 -0.187 2.484	2 0.610 0.583 0.142 5.402	R 93 1 3 0.219 0.235 -0.142 -5.569	4 -0.707 -0.566 -0.040 1.851
L 84 0 1 -0.484 -0.485 -0.096 0.268	2 0.610 0.590 0.028 7.125	R 94 1 3 0.217 0.234 -0.017 -5.912	4 -0.709 -0.568 -0.153 2.044
L 85 0 1 -0.492 -0.485 -0.165 -1.473	2 0.627 0.597 0.289 10.369	R 94 1 3 0.217 0.234 0.006 -6.316	4 -0.711 -0.572 -0.006 1.877
L 86 0 1 -0.500 -0.489 -0.040 -3.099	2 0.643 0.604 0.550 12.681	R 95 1 3 0.215 0.235 0.074 -7.345	4 -0.711 -0.580 -0.335 2.756
L 86 0 1 -0.500 -0.493 -0.085 -2.624	2 0.658 0.612 0.278 12.119	R 96 1 3 0.212 0.237 0.051 -8.857	4 -0.713 -0.592 -0.516 2.475
L 87 0 1 -0.507 -0.496 -0.187 -3.591	2 0.658 0.626 0.289 11.415	R 97 1 3 0.210 0.242 0.199 -10.985	4 -0.715 -0.607 -0.607 2.009
L 88 0 1 -0.513 -0.501 -0.187 -3.837	2 0.671 0.642 0.596 10.396	R 97 1 3 0.210 0.247 0.153 -12.866	4 -0.717 -0.622 -0.505 3.890
L 89 0 1 -0.517 -0.506 -0.131 -3.705	2 0.683 0.656 0.755 8.699	R 98 1 3 0.208 0.248 -0.006 -13.947	4 -0.717 -0.640 -0.426 8.567
L 89 0 1 -0.517 -0.511 -0.165 -2.308	2 0.693 0.670 0.369 5.815	R 99 1 3 0.206 0.251 0.108 -15.837	4 -0.719 -0.653 -0.392 13.007
L 90 0 1 -0.521 -0.514 -0.096 -2.264	2 0.693 0.683 0.233 4.013	R 100 1 3 0.204 0.253 0.051 -16.936	4 -0.721 -0.663 -0.289 15.477
L 91 0 1 -0.523 -0.517 -0.096 -2.413	2 0.701 0.690 0.278 3.829	R 100 1 3 0.204 0.253 -0.028 -17.323	4 -0.723 -0.667 -0.096 16.769
L 92 0 1 -0.525 -0.518 0.006 -2.633	2 0.708 0.692 0.006 5.420	R 101 1 3 0.202 0.253 -0.051 -17.789	4 -0.723 -0.667 0.028 16.127
L 92 0 1 -0.525 -0.517 0.051 -3.125	2 0.713 0.691 -0.085 6.862	R 102 1 3 0.200 0.251 -0.108 -17.560	4 -0.725 -0.664 0.131 14.369
L 93 0 1 -0.525 -0.514 0.085 -4.022	2 0.713 0.688 -0.096 9.200	R 103 1 3 0.199 0.247 -0.119 -16.734	4 -0.727 -0.661 0.051 12.541
L 94 0 1 -0.525 -0.511 0.017 -4.787	2 0.717 0.685 -0.085 11.178	R 103 1 3 0.199 0.245 -0.096 -16.303	4 -0.730 -0.659 0.028 11.987
L 95 0 1 -0.524 -0.510 0.051 -5.156	2 0.719 0.683 0.017 12.541	R 104 1 3 0.197 0.243 -0.085 -16.180	4 -0.730 -0.659 -0.040 11.371
L 95 0 1 -0.524 -0.508 0.062 -5.710	2 0.721 0.683 0.028 12.716	R 105 1 3 0.195 0.241 -0.074 -16.251	4 -0.732 -0.662 -0.119 11.248
L 96 0 1 -0.522 -0.506 0.028 -5.429	2 0.721 0.685 0.085 12.382	R 106 1 3 0.193 0.241 -0.006 -16.453	4 -0.734 -0.665 -0.199 11.916
L 97 0 1 -0.519 -0.506 0.051 -4.769	2 0.721 0.687 0.074 11.837	R 106 1 3 0.193 0.241 -0.040 -16.760	4 -0.737 -0.669 -0.142 12.936
L 98 0 1 -0.516 -0.505 0.028 -4.338	2 0.720 0.689 0.028 10.985	R 107 1 3 0.191 0.241 -0.006 -17.376	4 -0.737 -0.672 -0.119 13.349
L 98 0 1 -0.516 -0.503 0.040 -4.479	2 0.719 0.690 0.040 10.255	R 108 1 3 0.189 0.241 -0.028 -17.868	4 -0.739 -0.675 -0.096 13.508
L 99 0 1 -0.512 -0.501 0.051 -3.996	2 0.719 0.690 -0.006 9.912	R 109 1 3 0.188 0.239 -0.062 -17.763	4 -0.742 -0.677 -0.096 13.226
L 0 1 1 -0.509 -0.500 0.096 -3.433	2 0.717 0.690 -0.040 9.684	R 109 1 3 0.188 0.238 -0.074 -17.534	4 -0.744 -0.678 -0.051 13.420
L 1 1 1 -0.505 -0.497 0.085 -3.090	2 0.715 0.688 -0.051 9.552	R 110 1 3 0.186 0.237 -0.051 -17.675	4 -0.744 -0.678 0.006 12.505
L 1 1 1 -0.505 -0.494 0.119 -3.829	2 0.713 0.689 0.006 8.936	R 111 1 3 0.184 0.233 -0.142 -17.165	4 -0.747 -0.677 -0.017 11.644
L 2 1 1 -0.501 -0.491 0.096 -3.389	2 0.713 0.688 -0.028 8.611	R 112 1 3 0.183 0.232 -0.006 -16.910	4 -0.749 -0.678 -0.085 11.143
L 3 1 1 -0.497 -0.490 0.040 -2.571	2 0.711 0.688 -0.017 8.013	R 112 1 3 0.183 0.231 -0.051 -16.866	4 -0.752 -0.680 -0.062 11.442
L 4 1 1 -0.493 -0.487 0.108 -2.536	2 0.709 0.687 -0.119 7.820	R 113 1 3 0.181 0.229 -0.028 -17.007	4 -0.752 -0.682 -0.062 11.160
L 4 1 1 -0.493 -0.484 0.028 -2.993	2 0.707 0.687 -0.017 7.591	R 114 1 3 0.179 0.229 -0.017 -17.314	4 -0.755 -0.685 -0.119 11.371
L 5 1 1 -0.489 -0.482 0.074 -2.387	2 0.707 0.687 -0.028 7.240	R 115 1 3 0.178 0.227 -0.085 -17.015	4 -0.758 -0.687 -0.153 11.284
L 6 1 1 -0.485 -0.479 0.131 -2.026	2 0.706 0.686 -0.006 6.580	R 115 1 3 0.178 0.226 -0.051 -16.945	4 -0.760 -0.689 -0.142 12.075
L 7 1 1 -0.481 -0.477 0.085 -1.710	2 0.704 0.686 -0.028 6.149	R 116 1 3 0.176 0.226 -0.051 -17.279	4 -0.760 -0.693 -0.153 12.066
L 7 1 1 -0.481 -0.475 0.085 -2.246	2 0.702 0.686 0.017 5.877	R 117 1 3 0.175 0.224 -0.051 -17.358	4 -0.763 -0.695 -0.131 12.040
L 8 1 1 -0.477 -0.472 0.085 -1.965	2 0.702 0.686 -0.006 5.587	R 118 1 3 0.173 0.223 -0.040 -17.314	4 -0.766 -0.698 -0.165 12.163
L 9 1 1 -0.473 -0.470 0.074 -1.411	2 0.701 0.686 -0.028 5.156	R 118 1 3 0.173 0.223 -0.062 -17.262	4 -0.769 -0.700 -0.108 12.752
L 10 1 1 -0.469 -0.467 0.085 -1.534	2 0.699 0.685 -0.085 5.051	R 119 1 3 0.172 0.221 -0.062 -17.253	4 -0.769 -0.702 -0.085 12.453
L 10 1 1 -0.469 -0.463 0.096 -2.246	2 0.697 0.683 -0.040 5.235	R 0 0 3 0.170 0.220 -0.074 -17.323	4 -0.772 -0.704 -0.062 12.013
L 11 1 1 -0.465 -0.460 0.165 -2.167	2 0.697 0.682 -0.006 5.305	R 1 0 3 0.169 0.218 -0.051 -17.033	4 -0.775 -0.707 -0.108 12.040
L 12 1 1 -0.462 -0.456 0.165 -2.053	2 0.696 0.681 -0.051 5.121	R 1 0 3 0.169 0.217 -0.085 -16.699	4 -0.778 -0.708 -0.028 12.224
L 13 1 1 -0.458 -0.453 0.096 -2.018	2 0.694 0.680 -0.051 5.042	R 2 0 3 0.168 0.213 -0.153 -15.978	4 -0.778 -0.708 -0.017 11.354
L 13 1 1 -0.458 -0.449 0.131 -3.248	2 0.693 0.679 -0.062 5.297	R 3 0 3 0.166 0.209 -0.131 -15.029	4 -0.781 -0.708 -0.017 10.316
L 14 1 1 -0.454 -0.445 0.131 -3.204	2 0.693 0.677 -0.028 5.481	R 4 0 3 0.165 0.206 -0.085 -14.352	4 -0.784 -0.708 -0.028 9.552
L 15 1 1 -0.450 -0.442 0.131 -3.231	2 0.692 0.674 -0.096 6.053	R 4 0 3 0.165 0.203 -0.119 -13.332	4 -0.786 -0.708 0.176 9.446
L 16 1 1 -0.447 -0.437 0.187 -3.916	2 0.690 0.672 -0.074 6.519	R 5 0 3 0.163 0.200 -0.119 -13.059	4 -0.786 -0.709 -0.062 8.980
L 16 1 1 -0.447 -0.433 0.108 -4.778	2 0.689 0.670 -0.028 6.677	R 6 0 3 0.160 0.197 -0.119 -12.892	4 -0.786 -0.710 -0.074 9.200
L 17 1 1 -0.443 -0.429 0.165 -4.989	2 0.689 0.670 -0.017 6.800	R 7 0 3 0.158 0.195 -0.096 -12.655	4 -0.786 -0.712 -0.074 10.079
L 18 1 1 -0.439 -0.426 0.119 -4.822	2 0.688 0.669 -0.051 6.413	R 7 0 3 0.158 0.194 -0.040 -12.620	4 -0.784 -0.716 -0.096 11.240
L 19 1 1 -0.436 -0.422 0.085 -5.024	2 0.687 0.669 -0.040 6.176	R 8 0 3 0.154 0.192 -0.108 -13.182	4 -0.784 -0.719 -0.085 12.884
L 19 1 1 -0.436 -0.419 0.096 -5.912	2 0.685 0.669 -0.017 6.018	R 9 0 3 0.150 0.190 -0.085 -13.657	4 -0.781 -0.720 -0.040 14.659
L 20 1 1 -0.432 -0.416 0.153 -5.807	2 0.685 0.668 -0.051 6.035	R 10 0 3 0.146 0.187 -0.085 -13.420	4 -0.776 -0.722 0.040 16.444
L 21 1 1 -0.428 -0.412 0.153 -6.035	2 0.684 0.666 -0.074 6.299	R 10 0 3 0.146 0.184 -0.119 -13.385	4 -0.770 -0.722 -0.074 16.936
L 22 1 1 -0.425 -0.408 0.131 -6.580	2 0.683 0.663 -0.131 7.002	R 11 0 3 0.141 0.180 -0.131 -13.771	4 -0.770 -0.720 0.040 -17.437
L 22 1 1 -0.425 -0.403 0.142 -7.670	2 0.682 0.660 -0.108 8.057	R 12 0 3 0.135 0.176 -0.176 -14.000	4 -0.761 -0.717 0.165 -15.908
L 23 1 1 -0.421 -0.399 0.176 -7.881	2 0.682 0.656 -0.119 9.288	R 13 0 3 0.128 0.170 -0.199 -13.156	4 -0.751 -0.712 0.267 -14.211
L 24 1 1 -0.418 -0.394 0.131 -8.400	2 0.681 0.652 -0.153 10.158	R 13 0 3 0.128 0.164 -0.187 -12.804	4 -0.739 -0.708 0.108 -14.835
L 25 1 1 -0.414 -0.389 0.176 -9.156	2 0.680 0.647 -0.187 11.547	R 14 0 3 0.121 0.159 -0.187 -13.376	4 -0.739 -0.702 0.153 -12.927
L 25 1 1 -0.414 -0.385 0.153 -10.369	2 0.679 0.642 -0.187 13.191	R 15 0 3 0.112 0.153 -0.255 -13.798	4 -0.725 -0.695 0.289 -10.633
L 26 1 1 -0.410 -0.381 0.131 -10.404	2 0.679 0.638 -0.153 14.563	R 16 0 3 0.104 0.147 -0.153 -13.349	4 -0.709 -0.689 0.448 -8.523
L 27 1 1 -0.407 -0.377 0.142 -10.668	2 0.678 0.633 -0.187 15.785	R 16 0 3 0.104 0.140 -0.255 -12.576	4 -0.692 -0.683 -0.006 -8.822
L 28 1 1 -0.403 -0.373 0.131 -11.125	2 0.677 0.630 -0.119 16.681	R 17 0 3 0.095 0.132 -0.358 -12.681	4 -0.692 -0.676 0.165 -5.604
L 28 1 1 -0.403 -0.370 0.096 -11.873	2 0.677 0.626 -0.142 -17.851	R 18 0 3 0.085 0.119 -0.528 -11.354	4 -0.673 -0.664 0.074 -3.231
L 29 1 1 -0.400 -0.367 0.119 -11.943	2 0.677 0.622 -0.051 -16.927	R 19 0 3 0.075 0.103 -0.653 -6.905	4 -0.653 -0.665 0.085 2.185
L 30 1 1 -0.397 -0.364 0.051 -11.477	2 0.676 0.620 -0.074 -16.418	R 19 0 3 0.075 0.083 -0.596 -2.879	4 -0.632 -0.649 0.460 -1.349
L 31 1 1 -0.393 -0.363 0.074 -11.240	2 0.675 0.617 -0.085 -15.653	R 20 0 3 0.065 0.066 -0.653 -0.251	4 -0.632 -0.632 0.619 0.180
L 31 1 1 -0.393 -0.360 0.108 -11.855	2 0.674 0.614 -0.062 -14.756	R 21 0 3 0.054 0.056 -0.153 0.022	4 -0.610 -0.617 0.755 1.191
L 32 1 1 -0.390 -0.358 -0.006 -11.134	2 0.674 0.612 -0.006 -14.343	R 22 0 3 0.044 0.050 -0.165 0.497	4 -0.588 -0.605 0.653 4.092
L 33 1 1 -0.386 -0.357 -0.006 -10.211	2 0.674 0.612 0.017 -14.510	R 22 0 3 0.044 0.045 -0.187 -0.207	4 -0.565 -0.587 0.414 0.163
L 34 1 1 -0.383 -0.358 -0.017 -9.138	2 0.673 0.613 0.017 -15.090	R 23 0 3 0.034 0.040 -0.142 -2.149	4 -0.565 -0.564 0.800 0.180
L 34 1 1 -0.383 -0.358 -0.006 -8.725	2 0.673 0.614 0.017 -15.363	R 24 0 3 0.024 0.038 -0.221 -4.145	4 -0.541 -0.550 0.687 1.886
L 35 1 1 -0.379 -0.359 -0.040 -7.240	2 0.673 0.614 -0.176 -15.486	R 25 0 3 0.014 0.033 -0.165 -4.295	4 -0.517 -0.530 0.743 2.571
L 36 1 1 -0.376 -0.359 0.006 -6.114	2 0.672 0.614 -0.017 -15.626	R 25 0 3 0.014 0.024 -0.278 -3.644	4 -0.494 -0.511 0.255 -1.736
L 37 1 1 -0.373 -0.360 -0.040 -4.954	2 0.672 0.613 -0.040 -15.468	R 26 0 3 0.004 0.015 -0.323 -3.618	4 -0.494 -0.494 0.607 0.338
L 37 1 1 -0.373 -0.360 -0.017 -4.629	2 0.671 0.612 -0.051 -14.958	R 27 0 3 -0.005 0.006 -0.414 -3.020	4 -0.470 -0.481 0.709 2.615
L 38 1 1 -0.370 -0.360 0.006 -3.556	2 0.671 0.609 -0.096 -14.088	R 28 0 3 -0.013 -0.004 -0.244 -1.297	4 -0.447 -0.464 0.834 4.092
L 39 1 1 -0.366 -0.360 -0.017 -2.308	2 0.671 0.606 -0.085 -13.147	R 28 0 3 -0.013 -0.013 -0.221 -0.497	4 -0.424 -0.443 0.414 -0.602
L 40 1 1 -0.363 -0.360 -0.017 -1.578	2 0.670 0.603 -0.096 -12.532	R 29 0 3 -0.020 -0.019 -0.221 -0.699	4 -0.424 -0.426 0.573 0.611
L 40 1 1 -0.363 -0.360 -0.006 -1.191	2 0.670 0.601 -0.040 -11.723	R 30 0 3 -0.027 -0.021 -0.108 -1.684	4 -0.402 -0.414 0.709 2.941
L 41 1 1 -0.360 -0.360 -0.017 -0.075	2 0.670 0.599 -0.096 -11.002	R 31 0 3 -0.033 -0.023 -0.051 -2.132	4 -0.381 -0.398 0.789 4.040
L 42 1 1 -0.356 -0.360 0.085 0.655	2 0.670 0.597 -0.074 -10.510	R 31 0 3 -0.033 -0.027 -0.051 -2.360	4 -0.360 -0.376 0.426 -1.130
L 43 1 1 -0.353 -0.358 -0.040 1.525	2 0.669 0.595 -0.040 -9.965	R 32 0 3 -0.038 -0.031 -0.108 -2.791	4 -0.360 -0.360 0.505 0.215
L 43 1 1 -0.353 -0.358 0.017 1.727	2 0.669 0.593 -0.062 -9.297	R 33 0 3 -0.042 -0.033 -0.085 -3.213	4 -0.341 -0.348 0.607 1.780
L 44 1 1 -0.350 -0.359 -0.040 3.178	2 0.669 0.592 -0.040 -8.857	R 34 0 3 -0.046 -0.036 -0.165 -2.501	4 -0.322 -0.337 0.448 3.785
L 45 1 1 -0.347 -0.360 -0.028 4.374	2 0.669 0.590 -0.062 -8.549	R 34 0 3 -0.046 -0.041 -0.131 -1.798	4 -0.305 -0.323 0.323 0.391
L 46 1 1 -0.344 -0.361 -0.028 5.569	2 0.669 0.590 -0.051 -8.277	R 35 0 3 -0.048 -0.044 -0.131 -1.262	4 -0.305 -0.307 0.426 1.262
L 46 1 1 -0.344 -0.361 -0.017 6.114	2 0.669 0.589 -0.006 -8.031	R 36 0 3 -0.049 -0.046 -0.040 -1.121	4 -0.288 -0.298 0.516 2.659
L 47 1 1 -0.341 -0.362 -0.062 7.609	2 0.669 0.588 -0.017 -7.785	R 37 0 3 -0.049 -0.045 -0.017 -1.270	4 -0.273 -0.287 0.448 3.582
L 48 1 1 -0.337 -0.363 -0.017 8.769	2 0.669 0.588 -0.017 -7.635	R 37 0 3 -0.049 -0.045 0.006 -1.358	4 -0.259 -0.273 0.335 0.391
L 49 1 1 -0.334 -0.363 -0.017 9.754	2 0.669 0.587 -0.006 -7.459	R 38 0 3 -0.047 -0.044 0.028 -1.218	4 -0.259 -0.262 0.289 1.051
L 49 1 1 -0.334 -0.363 -0.006 10.035	2 0.669 0.587 -0.040 -7.178	R 39 0 3 -0.045 -0.044 0.040 -0.875	4 -0.246 -0.256 0.392 2.440
L 50 1 1 -0.331 -0.363 -0.006 11.143	2 0.669 0.586 0.017 -6.853	R 40 0 3 -0.042 -0.042 0.028 -0.760	4 -0.235 -0.246 0.278 3.064
L 51 1 1 -0.328 -0.363 -0.028 12.171	2 0.669 0.585 -0.028 -6.527	R 40 0 3 -0.042 -0.042 -0.006 -0.189	4 -0.225 -0.237 0.176 0.787
L 52 1 1 -0.325 -0.363 0.028 12.936	2 0.669 0.583 -0.062 -6.070	R 41 0 3 -0.038 -0.040 0.176 0.365	4 -0.225 -0.230 0.165 1.807
L 52 1 1 -0.325 -0.363 -0.006 13.182	2 0.669 0.582 -0.040 -5.727	R 42 0 3 -0.033 -0.036 0.119 0.927	4 -0.216 -0.225 0.323 2.633
L 53 1 1 -0.322 -0.363 -0.028 14.132	2 0.669 0.581 -0.040 -5.349	R 43 0 3 -0.027 -0.033 0.062 1.112	4 -0.208 -0.218 0.346 2.554
L 54 1 1 -0.319 -0.362 0.017 15.011	2 0.669 0.580 -0.006 -4.901	R 43 0 3 -0.027 -0.028 0.176 0.418	4 -0.201 -0.210 0.142 0.646
L 55 1 1 -0.316 -0.362 0.040 15.679	2 0.669 0.580 -0.028 -4.655	R 44 0 3 -0.020 -0.023 0.358 0.585	4 -0.201 -0.206 0.062 1.578
L 55 1 1 -0.316 -0.360 0.040 15.468	2 0.670 0.579 -0.017 -4.303	R 45 0 3 -0.012 -0.015 0.221 0.523	4 -0.196 -0.205 0.142 3.002
L 56 1 1 -0.313 -0.359 0.028 16.013	2 0.670 0.578 -0.040 -3.855	R 46 0 3 -0.004 -0.009 0.006 0.171	4 -0.191 -0.200 0.176 2.976
L 57 1 1 -0.310 -0.358 0.085 16.479	2 0.670 0.577 -0.051 -3.169	R 46 0 3 -0.004 -0.002 0.176 -0.602	4 -0.187 -0.196 0.085 1.578
L 58 1 1 -0.307 -0.356 0.017 16.884	2 0.670 0.576 -0.051 -2.800	R 47 0 3 0.005 0.005 0.323 0.110	4 -0.187 -0.193 0.017 1.991
L 58 1 1 -0.307 -0.354 0.051 16.462	2 0.671 0.574 -0.051 -2.158	R 48 0 3 0.015 0.009 0.335 1.138	4 -0.184 -0.192 0.142 2.352
L 59 1 1 -0.305 -0.352 0.074 16.664	2 0.671 0.573 -0.085 -1.701	R 49 0 3 0.025 0.018 0.131 0.365	4 -0.182 -0.189 0.096 2.343
L 60 1 1 -0.302 -0.350 0.085 16.989	2 0.671 0.571 -0.108 -1.824	R 49 0 3 0.025 0.025 0.153 0.040	4 -0.180 -0.187 0.028 1.912
L 61 1 1 -0.299 -0.347 0.142 16.453	2 0.672 0.569 -0.096 -1.930	R 50 0 3 0.035 0.032 0.426 0.866	4 -0.180 -0.186 0.017 2.018
L 61 1 1 -0.299 -0.344 0.142 15.653	2 0.672 0.566 -0.119 -1.921	R 51 0 3 0.046 0.038 0.199 2.053	4 -0.179 -0.185 0.074 1.965
L 62 1 1 -0.296 -0.340 0.108 15.582	2 0.672 0.562 -0.142 -1.754	R 52 0 3 0.057 0.046 0.142 1.033	4 -0.178 -0.183 0.006 1.789
L 63 1 1 -0.293 -0.337 0.142 15.152	2 0.673 0.559 -0.119 -2.035	R 52 0 3 0.057 0.057 0.244 0.092	4 -0.177 -0.183 0.040 1.666
L 64 1 1 -0.290 -0.334 0.119 14.923	2 0.673 0.559 0.040 -2.949	R 53 0 3 0.068 0.066 0.380 0.549	4 -0.177 -0.182 0.028 1.692
L 64 1 1 -0.290 -0.332 -0.028 14.651	2 0.674 0.560 -0.176 -1.631	R 54 0 3 0.079 0.071 0.346 1.666	4 -0.177 -0.182 -0.006 1.622
L 65 1 1 -0.288 -0.331 0.051 15.116	2 0.674 0.560 -0.017 -1.596	R 55 0 3 0.090 0.084 0.255 -0.242	4 -0.178 -0.182 -0.040 1.516
L 66 1 1 -0.285 -0.329 0.051 15.565	2 0.674 0.560 -0.006 -1.622	R 55 0 3 0.090 0.094 0.278 -1.138	4 -0.179 -0.182 0.017 1.367
L 67 1 1 -0.282 -0.327 0.119 15.327	2 0.675 0.560 0.040 -1.956	R 56 0 3 0.102 0.103 0.414 -0.303	4 -0.179 -0.183 -0.040 0.998
L 67 1 1 -0.282 -0.325 0.017 15.046	2 0.676 0.560 -0.006 -1.262	R 57 0 3 0.114 0.109 0.414 0.655	4 -0.182 -0.183 -0.074 0.462
L 68 1 1 -0.279 -0.323 0.006 15.442	2 0.676 0.560 0.017 -1.499	R 58 0 3 0.127 0.119 0.153 -0.127	4 -0.185 -0.185 -0.187 0.048
L 69 1 1 -0.277 -0.321 0.096 15.451	2 0.677 0.559 -0.006 -1.851	R 58 0 3 0.127 0.127 0.176 -0.057	4 -0.190 -0.189 -0.108 1.323
L 70 1 1 -0.274 -0.319 0.074 15.363	2 0.677 0.559 -0.006 -2.220	R 59 0 3 0.140 0.135 0.482 1.182	4 -0.190 -0.193 -0.131 1.209
L 70 1 1 -0.274 -0.317 0.028 14.985	2 0.678 0.559 -0.006 -1.921	R 60 0 3 0.153 0.142 0.358 2.484	4 -0.195 -0.197 -0.199 0.769
L 71 1 1 -0.271 -0.315 0.074 15.020	2 0.678 0.559 -0.006 -1.930	R 61 0 3 0.166 0.152 0.312 1.420	4 -0.202 -0.203 -0.289 1.437
L 72 1 1 -0.269 -0.312 0.074 15.222	2 0.679 0.559 0.017 -1.982	R 61 0 3 0.166 0.165 0.323 0.576	4 -0.210 -0.210 -0.142 2.756
L 73 1 1 -0.266 -0.311 0.131 15.099	2 0.680 0.560 -0.176 -1.921	R 62 0 3 0.180 0.177 0.562 0.611	4 -0.210 -0.214 -0.040 1.270
L 73 1 1 -0.266 -0.308 0.028 14.826	2 0.681 0.560 -0.176 -1.692	R 63 0 3 0.194 0.186 0.403 1.534	4 -0.219 -0.218 -0.312 -0.330
L 74 1 1 -0.264 -0.307 0.017 15.213	2 0.681 0.560 0.017 -1.560	R 64 0 3 0.208 0.198 0.119 0.716	4 -0.230 -0.227 -0.335 0.567
L 75 1 1 -0.261 -0.305 0.085 15.081	2 0.682 0.559 0.028 -1.965	R 64 0 3 0.208 0.208 0.380 -0.145	4 -0.242 -0.238 -0.289 1.622
L 76 1 1 -0.258 -0.303 0.062 15.187	2 0.683 0.559 -0.006 -1.859	R 65 0 3 0.223 0.221 0.585 0.171	4 -0.242 -0.248 -0.301 1.156
L 76 1 1 -0.258 -0.301 0.017 14.958	2 0.684 0.560 0.028 -1.842	R 66 0 3 0.237 0.227 0.312 2.422	4 -0.255 -0.256 -0.255 0.567
L 77 1 1 -0.256 -0.299 0.028 15.081	2 0.684 0.559 -0.176 -1.991	R 67 0 3 0.252 0.237 0.096 2.273	4 -0.269 -0.264 -0.380 0.198
L 78 1 1 -0.253 -0.297 0.074 15.204	2 0.685 0.560 -0.176 -1.833	R 67 0 3 0.252 0.250 0.448 0.787	4 -0.285 -0.278 -0.346 2.105
L 79 1 1 -0.251 -0.296 0.096 15.407	2 0.687 0.560 -0.006 -1.807	R 68 0 3 0.267 0.263 0.392 1.560	4 -0.285 -0.290 -0.255 0.796
L 79 1 1 -0.251 -0.294 0.085 14.914	2 0.688 0.560 -0.176 -1.604	R 69 0 3 0.283 0.272 0.414 2.325	4 -0.302 -0.300 -0.505 0.470
L 80 1 1 -0.249 -0.292 0.051 15.125	2 0.688 0.560 -0.017 -1.604	R 70 0 3 0.298 0.287 0.312 0.031	4 -0.319 -0.313 -0.482 -0.479
L 81 1 1 -0.246 -0.290 0.040 15.336	2 0.689 0.559 -0.017 -1.798	R 70 0 3 0.298 0.300 0.221 -0.813	4 -0.338 -0.326 -0.278 1.341
L 82 1 1 -0.244 -0.288 0.096 15.143	2 0.690 0.559 -0.006 -2.044	R 71 0 3 0.313 0.310 0.596 0.338	4 -0.338 -0.341 -0.562 0.488
L 82 1 1 -0.244 -0.286 0.017 15.002	2 0.692 0.560 -0.176 -1.604	R 72 0 3 0.328 0.321 0.346 1.182	4 -0.358 -0.354 -0.471 -0.725
L 83 1 1 -0.241 -0.284 0.074 15.020	2 0.692 0.559 -0.176 -2.018	R 73 0 3 0.343 0.332 0.153 0.470	4 -0.378 -0.366 -0.585 -2.000
L 84 1 1 -0.239 -0.282 0.108 14.844	2 0.693 0.559 -0.176 -2.088	R 73 0 3 0.343 0.346 0.437 -1.156	4 -0.399 -0.385 -0.335 0.637
L 85 1 1 -0.237 -0.280 0.051 14.932	2 0.694 0.560 -0.017 -1.648	R 74 0 3 0.358 0.361 0.585 -0.822	4 -0.399 -0.399 -0.619 0.180
L 85 1 1 -0.237 -0.278 0.051 14.510	2 0.696 0.560 -0.017 -1.596	R 75 0 3 0.373 0.369 0.539 0.251	4 -0.420 -0.412 -0.585 -2.237
L 86 1 1 -0.234 -0.276 0.085 14.466	2 0.696 0.559 -0.176 -1.930	R 76 0 3 0.387 0.382 0.301 -1.666	4 -0.442 -0.426 -0.709 -3.284
L 87 1 1 -0.232 -0.273 0.085 14.475	2 0.697 0.559 -0.017 -1.833	R 76 0 3 0.387 0.395 0.210 -3.037	4 -0.464 -0.445 -0.369 -0.207
L 88 1 1 -0.230 -0.272 0.131 14.158	2 0.699 0.559 -0.176 -1.859	R 77 0 3 0.401 0.407 0.346 -2.510	4 -0.464 -0.459 -0.516 -1.640
L 88 1 1 -0.230 -0.270 0.051 13.851	2 0.701 0.560 0.028 -1.490	R 78 0 3 0.415 0.417 0.528 -1.613	4 -0.486 -0.476 -0.823 -2.914
L 89 1 1 -0.227 -0.268 0.028 14.070	2 0.701 0.560 0.017 -1.684	R 79 0 3 0.428 0.426 0.210 -2.053	4 -0.508 -0.491 -0.460 -4.382
L 90 1 1 -0.225 -0.265 0.096 13.868	2 0.702 0.559 -0.017 -2.079	R 79 0 3 0.428 0.435 0.199 -2.914	4 -0.530 -0.509 -0.426 -0.532
L 91 1 1 -0.223 -0.263 0.096 13.789	2 0.704 0.560 -0.176 -1.754	R 80 0 3 0.440 0.445 0.278 -2.062	4 -0.530 -0.527 -0.573 -1.147
L 91 1 1 -0.223 -0.262 0.051 13.481	2 0.706 0.559 -0.028 -1.631	R 81 0 3 0.452 0.453 0.358 -0.716	4 -0.551 -0.542 -0.687 -2.563
L 92 1 1 -0.221 -0.259 0.062 13.209	2 0.706 0.559 -0.017 -2.088	R 82 0 3 0.463 0.460 0.233 -1.411	4 -0.571 -0.554 -0.437 -4.673
L 93 1 1 -0.219 -0.257 0.096 13.297	2 0.707 0.559 -0.028 -1.815	R 82 0 3 0.463 0.469 0.176 -2.308	4 -0.591 -0.571 -0.403 -0.620
L 94 1 1 -0.217 -0.255 0.085 13.033	2 0.709 0.560 -0.017 -1.543	R 83 0 3 0.474 0.475 0.176 -0.347	4 -0.591 -0.583 -0.233 -3.292
L 94 1 1 -0.217 -0.253 0.017 12.901	2 0.711 0.560 -0.006 -1.297	R 84 0 3 0.484 0.478 0.165 1.323	4 -0.610 -0.590 -0.516 -5.982
L 95 1 1 -0.215 -0.252 0.051 12.857	2 0.711 0.560 0.017 -1.666	R 85 0 3 0.492 0.485 0.153 0.479	4 -0.627 -0.601 -0.539 -7.943
L 96 1 1 -0.212 -0.250 0.040 13.112	2 0.713 0.560 0.040 -1.877	R 85 0 3 0.492 0.490 -0.062 1.068	4 -0.643 -0.606 -0.040 -7.424
L 97 1 1 -0.210 -0.249 0.051 13.270	2 0.715 0.562 0.108 -2.035	R 86 0 3 0.500 0.493 0.142 2.440	4 -0.643 -0.614 -0.096 -10.668
L 97 1 1 -0.210 -0.249 -0.051 13.745	2 0.717 0.565 0.176 -1.886	R 87 0 3 0.507 0.495 0.199 3.714	4 -0.658 -0.622 -0.346 -12.532
L 98 1 1 -0.208 -0.250 -0.017 14.536	2 0.717 0.572 0.278 -1.262	R 88 0 3 0.513 0.497 0.085 4.092	4 -0.671 -0.630 -0.585 -13.024
L 99 1 1 -0.206 -0.252 -0.051 16.004	2 0.719 0.580 0.187 -2.615	R 88 0 3 0.513 0.502 0.051 3.811	4 -0.683 -0.640 -0.267 -10.985
L 100 1 1 -0.204 -0.256 -0.096 17.789	2 0.721 0.591 0.335 -2.818	R 89 0 3 0.517 0.507 0.142 3.662	4 -0.683 -0.652 -0.289 -10.985
L 100 1 1 -0.204 -0.259 -0.119 -16.760	2 0.723 0.601 0.482 -1.895	R 90 0 3 0.521 0.510 0.210 3.336	4 -0.693 -0.665 -0.460 -9.798
L 101 1 1 -0.202 -0.263 -0.358 -14.651	2 0.723 0.615 0.494 -2.404	R 91 0 3 0.523 0.514 0.074 2.607	4 -0.701 -0.675 -0.494 -8.171
L 102 1 1 -0.200 -0.267 -0.096 -12.699	2 0.725 0.628 0.414 -1.182	R 91 0 3 0.523 0.518 0.062 1.877	4 -0.708 -0.685 -0.221 -5.710
L 103 1 1 -0.199 -0.270 -0.017 -11.538	2 0.727 0.637 0.403 -4.022	R 92 0 3 0.525 0.520 0.062 1.736	4 -0.708 -0.694 -0.199 -5.288
L 103 1 1 -0.199 -0.271 -0.040 -10.818	2 0.730 0.643 0.199 -6.396	R 93 0 3 0.525 0.521 0.040 1.499	4 -0.713 -0.698 -0.210 -5.209
L 104 1 1 -0.197 -0.271 0.028 -10.000	2 0.730 0.646 0.051 -6.721	R 94 0 3 0.525 0.521 -0.028 1.604	4 -0.717 -0.699 -0.028 -6.211
L 105 1 1 -0.195 -0.271 0.028 -9.455	2 0.732 0.647 -0.040 -6.026	R 94 0 3 0.525 0.519 -0.062 1.974	4 -0.719 -0.698 0.108 -6.967
L 106 1 1 -0.193 -0.269 0.108 -9.587	2 0.734 0.646 -0.028 -4.971	R 95 0 3 0.524 0.517 -0.062 2.431	4 -0.719 -0.695 0.108 -8.655
L 106 1 1 -0.193 -0.267 0.108 -10.246	2 0.737 0.644 -0.074 -3.899	R 96 0 3 0.522 0.514 -0.119 2.589	4 -0.721 -0.694 0.051 -9.640
L 107 1 1 -0.191 -0.265 0.085 -10.431	2 0.737 0.643 -0.062 -2.888	R 97 0 3 0.519 0.513 -0.074 2.791	4 -0.721 -0.693 0.017 -9.859
L 108 1 1 -0.189 -0.263 0.062 -10.343	2 0.739 0.643 -0.006 -2.281	R 97 0 3 0.519 0.510 -0.096 3.152	4 -0.720 -0.693 -0.017 -9.930
L 109 1 1 -0.188 -0.261 0.074 -10.642	2 0.742 0.645 0.119 -2.273	R 98 0 3 0.516 0.508 -0.085 2.879	4 -0.720 -0.693 -0.051 -9.552
L 109 1 1 -0.188 -0.260 0.040 -10.756	2 0.744 0.648 0.142 -2.765	R 99 0 3 0.512 0.506 -0.074 2.343	4 -0.719 -0.693 0.006 -8.787
L 110 1 1 -0.186 -0.259 0.017 -10.360	2 0.744 0.651 0.108 -3.002	R 0 1 3 0.509 0.504 -0.074 2.422	4 -0.717 -0.694 -0.017 -8.092
L 111 1 1 -0.184 -0.258 0.028 -10.149	2 0.747 0.654 0.040 -3.125	R 0 1 3 0.509 0.501 -0.074 2.677	4 -0.715 -0.695 -0.028 -7.811
L 112 1 1 -0.183 -0.257 0.040 -10.105	2 0.749 0.656 0.074 -3.160	R 1 1 3 0.505 0.498 -0.085 2.123	4 -0.715 -0.695 -0.165 -6.475
L 112 1 1 -0.183 -0.255 0.131 -10.993	2 0.752 0.656 -0.017 -2.800	R 2 1 3 0.501 0.495 -0.255 2.387	4 -0.713 -0.697 -0.017 -5.640
L 113 1 1 -0.181 -0.252 0.040 -11.196	2 0.752 0.656 0.040 -2.229	R 3 1 3 0.497 0.493 -0.051 2.035	4 -0.711 -0.697 0.040 -5.253
L 114 1 1 -0.179 -0.249 0.062 -11.653	2 0.755 0.656 0.028 -2.114	R 3 1 3 0.497 0.489 -0.062 2.519	4 -0.709 -0.696 0.051 -5.569
L 115 1 1 -0.178 -0.247 0.040 -11.846	2 0.758 0.660 0.153 -0.541	R 4 1 3 0.493 0.485 -0.074 2.554	4 -0.709 -0.695 -0.006 -5.121
L 115 1 1 -0.178 -0.246 0.062 -12.198	2 0.760 0.661 0.062 -1.938	R 5 1 3 0.489 0.484 -0.131 2.114	4 -0.707 -0.695 -0.028 -4.321
L 116 1 1 -0.176 -0.244 0.142 -12.637	2 0.760 0.662 0.085 -1.930	R 6 1 3 0.485 0.481 -0.085 2.070	4 -0.706 -0.696 0.028 -3.758
L 117 1 1 -0.175 -0.241 0.062 -12.936	2 0.763 0.664 0.040 -1.859	R 6 1 3 0.485 0.477 -0.108 2.818	4 -0.704 -0.695 0.051 -3.741
L 118 1 1 -0.173 -0.238 0.096 -13.464	2 0.766 0.666 0.142 -1.736	R 7 1 3 0.481 0.472 -0.165 3.029	4 -0.704 -0.694 -0.006 -3.662
L 118 1 1 -0.173 -0.236 0.085 -14.035	2 0.769 0.670 0.142 -1.851	R 8 1 3 0.477 0.469 -0.176 3.099	4 -0.702 -0.693 -0.006 -3.169
L 119 1 1 -0.172 -0.234 0.062 -14.123	2 0.769 0.672 0.119 -2.035	R 9 1 3 0.473 0.467 -0.085 2.976	4 -0.701 -0.693 0.006 -2.677
L 0 0 1 -0.170 -0.233 0.074 -14.264	2 0.772 0.676 0.142 -2.527	R 9 1 3 0.473 0.463 -0.108 3.600	4 -0.699 -0.694 -0.006 -2.431
L 1 0 1 -0.169 -0.231 0.040 -14.484	2 0.775 0.680 0.199 -3.108	R 10 1 3 0.469 0.459 -0.096 3.495	4 -0.699 -0.694 -0.040 -1.877
L 1 0 1 -0.169 -0.230 0.074 -14.862	2 0.778 0.684 0.074 -3.310	R 11 1 3 0.465 0.456 -0.221 3.626	4 -0.697 -0.694 -0.006 -1.358
L 2 0 1 -0.168 -0.226 0.165 -15.679	2 0.778 0.685 -0.006 -3.204	R 12 1 3 0.462 0.452 -0.142 4.180	4 -0.696 -0.694 0.028 -1.059
L 3 0 1 -0.166 -0.222 0.131 -16.541	2 0.781 0.686 -0.176 -2.519	R 12 1 3 0.462 0.448 -0.085 4.813	4 -0.694 -0.693 0.051 -1.279
L 4 0 1 -0.165 -0.218 0.131 -17.402	2 0.784 0.686 0.028 -1.982	R 13 1 3 0.458 0.443 -0.233 5.385	4 -0.694 -0.690 0.096 -1.833
L 4 0 1 -0.165 -0.214 0.165 17.147	2 0.786 0.686 -0.176 -1.912	R 14 1 3 0.454 0.437 -0.289 6.202	4 -0.693 -0.686 0.074 -2.325
L 5 0 1 -0.163 -0.210 0.142 16.426	2 0.786 0.686 -0.028 -1.789	R 15 1 3 0.450 0.433 -0.119 6.967	4 -0.692 -0.684 0.074 -2.765
L 6 0 1 -0.160 -0.206 0.131 16.101	2 0.786 0.687 -0.176 -1.868	R 15 1 3 0.450 0.429 -0.142 7.442	4 -0.690 -0.683 0.017 -3.090
L 7 0 1 -0.158 -0.202 0.131 15.336	2 0.786 0.688 0.085 -1.789	R 16 1 3 0.447 0.425 -0.176 7.530	4 -0.690 -0.683 -0.006 -2.756
L 7 0 1 -0.158 -0.199 0.096 14.571	2 0.784 0.690 0.119 -2.897	R 17 1 3 0.443 0.421 -0.187 7.864	4 -0.689 -0.682 -0.006 -2.501
L 8 0 1 -0.154 -0.197 0.096 14.730	2 0.784 0.692 0.062 -3.732	R 18 1 3 0.439 0.418 -0.119 8.453	4 -0.688 -0.682 0.017 -2.114
L 9 0 1 -0.150 -0.193 0.096 14.897	2 0.781 0.694 0.040 -5.560	R 18 1 3 0.439 0.414 -0.096 8.919	4 -0.687 -0.682 0.040 -2.123
L 10 0 1 -0.146 -0.190 0.108 14.985	2 0.776 0.695 -0.176 -7.451	R 19 1 3 0.436 0.409 -0.153 9.218	4 -0.687 -0.681 0.040 -2.070
L 10 0 1 -0.146 -0.186 0.142 13.815	2 0.770 0.696 0.051 -8.796	R 20 1 3 0.432 0.405 -0.199 9.895	4 -0.685 -0.678 0.062 -2.448
L 11 0 1 -0.141 -0.182 0.142 14.211	2 0.770 0.696 -0.176 -10.176	R 21 1 3 0.428 0.400 -0.153 10.730	4 -0.684 -0.676 0.142 -3.116
L 12 0 1 -0.135 -0.177 0.176 14.448	2 0.761 0.694 -0.017 -12.426	R 21 1 3 0.428 0.395 -0.131 11.503	4 -0.683 -0.673 0.096 -4.031
L 13 0 1 -0.128 -0.172 0.187 14.730	2 0.751 0.691 -0.233 -14.554	R 22 1 3 0.425 0.392 -0.153 11.705	4 -0.683 -0.670 0.119 -4.778
L 13 0 1 -0.128 -0.167 0.153 13.684	2 0.739 0.689 -0.074 -15.758	R 23 1 3 0.421 0.389 -0.119 11.591	4 -0.682 -0.665 0.142 -6.105
L 14 0 1 -0.121 -0.162 0.142 14.484	2 0.739 0.685 -0.074 -17.279	R 24 1 3 0.418 0.385 -0.096 12.101	4 -0.681 -0.661 0.165 -7.187
L 15 0 1 -0.112 -0.155 0.244 14.818	2 0.725 0.679 -0.096 15.635	R 24 1 3 0.418 0.381 -0.165 12.734	4 -0.680 -0.657 0.176 -8.664
L 16 0 1 -0.104 -0.149 0.199 14.941	2 0.709 0.672 -0.358 13.525	R 25 1 3 0.414 0.377 -0.176 13.182	4 -0.680 -0.653 0.142 -9.710
L 16 0 1 -0.104 -0.142 0.199 13.473	2 0.692 0.667 -0.165 12.690	R 26 1 3 0.410 0.373 -0.153 13.429	4 -0.679 -0.648 0.176 -11.213
L 17 0 1 -0.095 -0.134 0.335 13.798	2 0.692 0.657 -0.267 12.303	R 27 1 3 0.407 0.368 -0.131 14.290	4 -0.678 -0.642 0.187 -12.796
L 18 0 1 -0.085 -0.126 0.312 13.868	2 0.673 0.647 -0.312 8.945	R 27 1 3 0.407 0.364 -0.153 15.081	4 -0.677 -0.637 0.176 -14.712
L 19 0 1 -0.075 -0.117 0.278 13.719	2 0.653 0.636 -0.528 6.571	R 28 1 3 0.403 0.360 -0.153 15.398	4 -0.677 -0.633 0.153 -15.960
L 19 0 1 -0.075 -0.107 0.323 11.169	2 0.632 0.635 0.040 3.363	R 29 1 3 0.400 0.356 -0.096 15.266	4 -0.677 -0.628 0.165 -17.174
L 20 0 1 -0.065 -0.094 0.494 10.044	2 0.632 0.621 -0.494 4.233	R 30 1 3 0.397 0.353 -0.096 15.679	4 -0.676 -0.623 0.153 17.358
L 21 0 1 -0.054 -0.078 0.550 7.837	2 0.610 0.605 -0.675 2.062	R 30 1 3 0.397 0.350 -0.108 16.242	4 -0.675 -0.620 0.062 16.277
L 22 0 1 -0.044 -0.062 0.437 5.253	2 0.588 0.590 -0.675 0.646	R 31 1 3 0.393 0.349 -0.051 15.609	4 -0.675 -0.618 0.006 15.846
L 22 0 1 -0.044 -0.049 0.346 1.736	2 0.565 0.578 -0.244 1.015	R 32 1 3 0.390 0.347 -0.040 14.941	4 -0.674 -0.617 -0.040 15.952
L 23 0 1 -0.034 -0.042 0.221 2.589	2 0.565 0.568 -0.369 -1.121	R 33 1 3 0.386 0.347 -0.006 14.580	4 -0.674 -0.618 -0.017 16.198
L 24 0 1 -0.024 -0.035 0.244 3.802	2 0.541 0.552 -0.698 -3.240	R 33 1 3 0.386 0.346 -0.040 14.141	4 -0.673 -0.618 -0.040 16.365
L 25 0 1 -0.014 -0.025 0.380 2.800	2 0.517 0.538 -0.687 -5.877	R 34 1 3 0.383 0.346 -0.028 12.892	4 -0.673 -0.618 0.176 16.567
L 25 0 1 -0.014 -0.014 0.369 0.180	2 0.494 0.519 -0.312 -3.934	R 35 1 3 0.379 0.346 -0.006 11.714	4 -0.673 -0.618 -0.017 16.769
L 26 0 1 -0.004 -0.004 0.301 -0.057	2 0.494 0.501 -0.380 -3.451	R 36 1 3 0.376 0.347 0.028 11.099	4 -0.672 -0.618 0.017 16.866
L 27 0 1 0.005 0.004 0.358 -0.110	2 0.470 0.486 -0.732 -4.954	R 36 1 3 0.376 0.347 0.006 10.255	4 -0.672 -0.617 -0.017 16.804
L 28 0 1 0.013 0.011 0.312 -0.347	2 0.447 0.468 -0.846 -6.132	R 37 1 3 0.373 0.347 -0.006 8.901	4 -0.672 -0.617 0.017 16.602
L 28 0 1 0.013 0.016 0.165 -1.385	2 0.424 0.451 -0.255 -4.585	R 38 1 3 0.370 0.348 0.006 7.697	4 -0.671 -0.615 0.040 16.233
L 29 0 1 0.020 0.020 0.096 0.233	2 0.424 0.433 -0.471 -3.538	R 39 1 3 0.366 0.348 -0.028 6.993	4 -0.671 -0.613 0.062 15.626
L 30 0 1 0.027 0.022 0.244 1.314	2 0.402 0.416 -0.823 -4.048	R 39 1 3 0.366 0.348 -0.017 6.369	4 -0.670 -0.611 0.096 14.782
L 31 0 1 0.033 0.026 0.187 1.991	2 0.381 0.400 -0.641 -5.719	R 40 1 3 0.363 0.348 -0.006 5.182	4 -0.670 -0.609 0.040 14.290
L 31 0 1 0.033 0.031 0.176 0.673	2 0.360 0.386 -0.199 -4.716	R 41 1 3 0.360 0.348 -0.028 4.110	4 -0.670 -0.606 0.062 13.437
L 32 0 1 0.038 0.036 0.153 0.840	2 0.360 0.368 -0.619 -3.029	R 42 1 3 0.356 0.348 -0.006 3.468	4 -0.670 -0.603 0.074 12.470
L 33 0 1 0.042 0.040 0.165 0.760	2 0.341 0.356 -0.494 -5.138	R 42 1 3 0.356 0.346 -0.006 3.495	4 -0.669 -0.600 0.074 11.380
L 34 0 1 0.046 0.043 0.062 0.505	2 0.322 0.341 -0.630 -5.947	R 43 1 3 0.353 0.345 -0.040 2.651	4 -0.669 -0.598 0.040 10.809
L 34 0 1 0.046 0.045 -0.017 0.189	2 0.305 0.329 -0.142 -5.112	R 44 1 3 0.350 0.346 -0.085 1.631	4 -0.669 -0.596 0.017 10.246
L 35 0 1 0.048 0.045 -0.028 0.831	2 0.305 0.316 -0.403 -4.022	R 45 1 3 0.347 0.345 0.017 1.033	4 -0.669 -0.595 0.017 10.070
L 36 0 1 0.049 0.045 -0.028 1.209	2 0.288 0.300 -0.596 -4.233	R 45 1 3 0.347 0.345 0.040 0.426	4 -0.669 -0.595 0.176 9.982
L 37 0 1 0.049 0.045 -0.040 1.200	2 0.273 0.291 -0.392 -5.525	R 46 1 3 0.344 0.345 0.006 -0.505	4 -0.669 -0.595 -0.028 9.930
L 37 0 1 0.049 0.045 -0.017 1.156	2 0.259 0.279 -0.267 -4.022	R 47 1 3 0.341 0.345 -0.108 -1.455	4 -0.669 -0.595 -0.028 9.886
L 38 0 1 0.047 0.045 -0.006 0.822	2 0.259 0.268 -0.131 -3.829	R 48 1 3 0.337 0.345 0.028 -1.218	4 -0.669 -0.595 -0.040 10.026
L 39 0 1 0.045 0.044 -0.074 0.286	2 0.246 0.263 -0.335 -5.226	R 48 1 3 0.337 0.347 0.040 -3.284	4 -0.669 -0.595 -0.028 9.956
L 40 0 1 0.042 0.045 -0.017 -0.497	2 0.235 0.253 -0.505 -5.437	R 49 1 3 0.334 0.347 0.017 -4.444	4 -0.669 -0.595 0.006 9.930
L 40 0 1 0.042 0.044 -0.062 -0.637	2 0.225 0.242 -0.187 -3.934	R 50 1 3 0.331 0.348 -0.028 -5.552	4 -0.669 -0.594 0.028 9.613