1 0 1 -0.188 -0.376 0.085 -1.947	2 0.742 0.591 -0.028 -7.327	3 0.517 0.521 -0.108 -0.857	4 -0.721 -0.653 0.006 -12.892
1 0 1 -0.188 -0.373 0.062 -1.798	2 0.744 0.591 0.017 -7.160	3 0.513 0.519 -0.165 -1.042	4 -0.719 -0.653 0.028 -12.813
2 0 1 -0.186 -0.370 0.131 -1.912	2 0.744 0.591 -0.017 -6.879	3 0.509 0.515 -0.108 -0.760	4 -0.717 -0.651 0.040 -12.646
3 0 1 -0.184 -0.367 0.085 -1.684	2 0.747 0.591 0.028 -6.475	3 0.509 0.512 -0.085 -0.637	4 -0.715 -0.650 0.040 -12.769
4 0 1 -0.182 -0.363 0.006 -1.886	2 0.748 0.591 -0.006 -6.114	3 0.505 0.508 -0.096 -0.813	4 -0.715 -0.649 0.028 -12.567
4 0 1 -0.182 -0.361 0.074 -2.149	2 0.750 0.592 0.062 -6.325	3 0.501 0.506 -0.062 -0.998	4 -0.713 -0.648 0.028 -12.444
5 0 1 -0.180 -0.358 0.074 -2.132	2 0.750 0.595 0.131 -6.633	3 0.497 0.505 -0.085 -1.086	4 -0.711 -0.647 0.028 -12.330
6 0 1 -0.178 -0.356 0.108 -2.018	2 0.750 0.598 0.074 -7.116	3 0.497 0.501 -0.142 -0.831	4 -0.709 -0.646 0.006 -12.347
7 0 1 -0.175 -0.353 0.153 -2.149	2 0.749 0.599 0.040 -7.626	3 0.493 0.497 -0.187 -0.796	4 -0.709 -0.645 0.028 -12.145
7 0 1 -0.175 -0.350 0.085 -2.466	2 0.747 0.601 0.096 -8.040	3 0.489 0.493 -0.165 -0.620	4 -0.707 -0.645 0.017 -11.890
8 0 1 -0.171 -0.346 0.165 -2.677	2 0.747 0.601 -0.006 -8.303	3 0.485 0.488 -0.119 -0.268	4 -0.706 -0.644 0.074 -11.873
9 0 1 -0.167 -0.342 0.165 -3.099	2 0.744 0.601 -0.176 -9.015	3 0.485 0.485 -0.142 -0.057	4 -0.704 -0.642 0.051 -12.136
10 0 1 -0.163 -0.337 0.006 -3.327	2 0.739 0.601 -0.017 -9.807	3 0.481 0.482 -0.153 -0.171	4 -0.704 -0.640 0.085 -12.251
10 0 1 -0.163 -0.331 0.176 -3.978	2 0.732 0.601 -0.176 -10.299	3 0.477 0.478 -0.176 -0.110	4 -0.702 -0.636 0.096 -12.523
11 0 1 -0.157 -0.326 0.233 -4.242	2 0.732 0.600 0.017 -10.993	3 0.473 0.474 -0.062 0.154	4 -0.701 -0.634 0.085 -12.743
12 0 1 -0.151 -0.320 0.006 -3.969	2 0.724 0.599 -0.040 -12.409	3 0.473 0.469 -0.187 0.743	4 -0.699 -0.631 0.096 -13.262
13 0 1 -0.145 -0.314 0.199 -4.303	2 0.713 0.597 -0.119 -13.640	3 0.469 0.463 -0.187 1.253	4 -0.699 -0.628 0.040 -13.270
13 0 1 -0.145 -0.306 0.312 -5.745	2 0.702 0.593 -0.165 -13.807	3 0.465 0.456 -0.255 1.895	4 -0.697 -0.626 0.085 -13.604
14 0 1 -0.138 -0.295 0.392 -6.062	2 0.702 0.587 -0.199 -14.158	3 0.462 0.450 -0.187 2.756	4 -0.696 -0.623 0.074 -13.903
15 0 1 -0.130 -0.286 0.346 -6.475	2 0.688 0.584 0.074 -16.505	3 0.462 0.443 -0.278 3.741	4 -0.694 -0.620 0.085 -14.536
16 0 1 -0.122 -0.275 0.358 -7.609	2 0.673 0.581 -0.199 17.851	3 0.458 0.436 -0.221 4.163	4 -0.694 -0.617 0.040 -14.607
16 0 1 -0.122 -0.260 0.516 -9.815	2 0.656 0.580 -0.085 16.251	3 0.454 0.430 -0.176 4.567	4 -0.693 -0.615 0.085 -14.826
17 0 1 -0.113 -0.241 0.778 -12.330	2 0.656 0.577 -0.017 14.545	3 0.450 0.424 -0.221 5.525	4 -0.692 -0.612 0.131 -15.099
18 0 1 -0.104 -0.215 0.936 -14.958	2 0.638 0.577 0.051 11.002	3 0.450 0.418 -0.119 6.202	4 -0.690 -0.609 0.119 -15.723
19 0 1 -0.094 -0.183 1.129 16.330	2 0.619 0.582 0.028 7.336	3 0.447 0.412 -0.176 6.642	4 -0.690 -0.606 0.074 -15.969
19 0 1 -0.094 -0.144 1.356 9.516	2 0.599 0.591 0.585 3.037	3 0.443 0.408 -0.131 6.844	4 -0.689 -0.602 0.131 -16.787
20 0 1 -0.084 -0.105 1.379 3.503	2 0.599 0.604 0.199 -0.637	3 0.439 0.403 -0.176 7.301	4 -0.688 -0.597 0.199 -17.402
21 0 1 -0.075 -0.066 1.311 -0.875	2 0.578 0.601 -0.392 -3.574	3 0.439 0.398 -0.108 7.600	4 -0.687 -0.593 0.165 17.824
22 0 1 -0.065 -0.036 0.812 -6.009	2 0.556 0.582 -0.880 -4.040	3 0.436 0.397 -0.085 7.451	4 -0.687 -0.589 0.028 17.666
22 0 1 -0.065 -0.020 0.267 -6.633	2 0.534 0.560 -0.539 -2.905	3 0.432 0.396 -0.006 6.941	4 -0.685 -0.588 -0.017 17.648
23 0 1 -0.055 -0.022 -0.244 -6.009	2 0.534 0.544 -0.550 -1.780	3 0.428 0.397 0.074 6.220	4 -0.684 -0.590 -0.040 -17.956
24 0 1 -0.046 -0.033 -0.437 -2.440	2 0.511 0.526 -0.721 -2.624	3 0.428 0.400 0.062 5.376	4 -0.683 -0.592 -0.062 -17.516
25 0 1 -0.037 -0.047 -0.539 0.523	2 0.488 0.505 -0.868 -2.369	3 0.425 0.403 0.051 4.136	4 -0.683 -0.593 -0.028 -17.253
25 0 1 -0.037 -0.057 -0.289 3.714	2 0.465 0.484 -0.460 -1.332	3 0.421 0.405 0.040 3.134	4 -0.682 -0.591 0.108 -17.552
26 0 1 -0.028 -0.060 -0.051 5.930	2 0.465 0.462 -0.880 -0.084	3 0.418 0.405 0.074 2.589	4 -0.681 -0.588 0.142 17.974
27 0 1 -0.020 -0.056 0.199 6.738	2 0.443 0.446 -0.516 -0.699	3 0.418 0.406 -0.051 2.255	4 -0.680 -0.582 0.210 17.068
28 0 1 -0.012 -0.046 0.448 5.798	2 0.420 0.434 -0.630 -1.789	3 0.414 0.405 0.006 1.622	4 -0.680 -0.575 0.358 16.259
28 0 1 -0.012 -0.030 0.630 3.002	2 0.399 0.419 -0.460 -1.270	3 0.410 0.405 -0.051 1.130	4 -0.679 -0.570 0.142 15.090
29 0 1 -0.006 -0.014 0.539 1.534	2 0.399 0.402 -0.573 -0.831	3 0.407 0.405 -0.062 0.787	4 -0.678 -0.565 0.153 14.387
30 0 1 0.000 -0.001 0.358 0.330	2 0.377 0.388 -0.403 -2.062	3 0.407 0.406 0.051 0.207	4 -0.677 -0.562 0.040 13.921
31 0 1 0.006 0.006 0.062 -0.303	2 0.357 0.379 -0.346 -3.653	3 0.403 0.405 -0.062 -0.295	4 -0.677 -0.560 0.006 13.745
31 0 1 0.006 0.009 0.017 -0.655	2 0.337 0.366 -0.392 -3.178	3 0.400 0.404 0.006 -0.708	4 -0.677 -0.560 -0.028 13.824
32 0 1 0.010 0.009 -0.040 0.040	2 0.337 0.351 -0.596 -2.343	3 0.397 0.403 -0.028 -0.963	4 -0.676 -0.561 -0.085 14.158
33 0 1 0.013 0.009 0.085 0.593	2 0.319 0.332 -0.743 -2.273	3 0.397 0.405 0.187 -1.780	4 -0.675 -0.561 -0.017 14.220
34 0 1 0.016 0.009 0.006 1.112	2 0.301 0.315 -0.562 -2.193	3 0.393 0.409 0.142 -3.090	4 -0.675 -0.561 0.176 14.264
34 0 1 0.016 0.009 -0.017 1.218	2 0.285 0.302 -0.312 -1.552	3 0.390 0.413 0.108 -4.523	4 -0.674 -0.560 0.176 14.229
35 0 1 0.017 0.009 0.028 1.367	2 0.285 0.292 -0.187 -1.815	3 0.386 0.418 0.176 -4.277	4 -0.674 -0.560 0.017 14.255
36 0 1 0.017 0.009 0.006 1.393	2 0.269 0.286 -0.255 -3.310	3 0.386 0.422 0.119 -6.905	4 -0.673 -0.558 0.074 13.851
37 0 1 0.016 0.012 0.074 0.875	2 0.255 0.278 -0.437 -3.811	3 0.383 0.425 0.096 -8.057	4 -0.673 -0.555 0.142 13.358
37 0 1 0.016 0.013 0.085 0.479	2 0.242 0.265 -0.392 -2.993	3 0.379 0.428 0.051 -9.121	4 -0.673 -0.550 0.165 12.760
38 0 1 0.014 0.014 0.028 0.127	2 0.242 0.254 -0.346 -2.360	3 0.376 0.430 0.074 -9.851	4 -0.672 -0.546 0.199 11.873
39 0 1 0.011 0.012 -0.062 -0.171	2 0.231 0.244 -0.289 -2.554	3 0.376 0.432 0.108 -10.774	4 -0.672 -0.541 0.119 10.932
40 0 1 0.007 0.011 -0.006 -0.523	2 0.220 0.236 -0.335 -2.941	3 0.373 0.434 0.062 -11.705	4 -0.672 -0.536 0.142 10.079
40 0 1 0.007 0.010 -0.028 -0.602	2 0.211 0.230 -0.096 -2.774	3 0.370 0.436 0.040 -12.602	4 -0.671 -0.530 0.131 9.288
41 0 1 0.002 0.009 -0.051 -1.253	2 0.211 0.227 -0.051 -3.248	3 0.366 0.438 0.028 -13.226	4 -0.671 -0.524 0.165 8.136
42 0 1 -0.004 0.008 -0.085 -1.578	2 0.203 0.223 -0.187 -3.793	3 0.366 0.439 0.074 -14.018	4 -0.670 -0.519 0.199 6.897
43 0 1 -0.010 0.006 -0.131 -2.642	2 0.197 0.216 -0.301 -3.442	3 0.363 0.441 0.040 -14.897	4 -0.670 -0.514 0.108 6.281
43 0 1 -0.010 0.002 -0.153 -2.369	2 0.191 0.208 -0.221 -2.703	3 0.360 0.443 0.085 -15.873	4 -0.670 -0.511 0.074 5.754
44 0 1 -0.018 -0.004 -0.244 -2.492	2 0.191 0.203 -0.119 -2.554	3 0.356 0.446 0.085 -16.523	4 -0.670 -0.508 0.096 5.068
45 0 1 -0.026 -0.014 -0.414 -2.281	2 0.186 0.201 -0.051 -2.862	3 0.356 0.448 0.096 -17.437	4 -0.669 -0.506 0.051 4.787
46 0 1 -0.035 -0.025 -0.437 -1.490	2 0.183 0.200 -0.085 -3.073	3 0.353 0.450 0.062 17.516	4 -0.669 -0.504 0.028 4.365
46 0 1 -0.035 -0.035 -0.267 -0.488	2 0.180 0.198 -0.040 -3.116	3 0.350 0.452 0.006 16.769	4 -0.669 -0.501 0.062 4.136
47 0 1 -0.045 -0.044 -0.369 -0.171	2 0.180 0.196 -0.074 -3.081	3 0.347 0.453 0.074 15.978	4 -0.669 -0.499 0.062 3.635
48 0 1 -0.055 -0.051 -0.255 -0.629	2 0.178 0.196 -0.040 -3.319	3 0.347 0.455 0.040 15.371	4 -0.669 -0.496 0.074 3.213
49 0 1 -0.066 -0.056 -0.176 -1.174	2 0.177 0.195 -0.006 -3.380	3 0.344 0.455 0.028 14.686	4 -0.669 -0.494 0.108 2.712
49 0 1 -0.066 -0.060 -0.096 -1.262	2 0.177 0.194 -0.040 -3.240	3 0.341 0.456 -0.017 14.044	4 -0.669 -0.491 0.062 2.149
50 0 1 -0.077 -0.065 -0.187 -2.387	2 0.177 0.194 -0.017 -3.213	3 0.337 0.456 -0.017 13.789	4 -0.669 -0.489 0.040 1.815
51 0 1 -0.088 -0.070 -0.278 -3.160	2 0.176 0.194 -0.051 -3.292	3 0.337 0.456 -0.028 13.385	4 -0.669 -0.486 0.040 1.798
52 0 1 -0.100 -0.078 -0.323 -3.336	2 0.177 0.194 0.006 -3.310	3 0.334 0.456 -0.017 12.752	4 -0.669 -0.484 0.051 1.930
52 0 1 -0.100 -0.089 -0.369 -2.079	2 0.177 0.194 -0.017 -3.222	3 0.331 0.456 -0.085 12.426	4 -0.669 -0.483 0.028 1.807
53 0 1 -0.111 -0.101 -0.437 -2.114	2 0.177 0.194 -0.017 -3.178	3 0.328 0.455 -0.040 12.277	4 -0.669 -0.481 0.006 1.789
54 0 1 -0.123 -0.113 -0.482 -1.833	2 0.178 0.194 0.006 -3.002	3 0.328 0.455 -0.051 12.022	4 -0.669 -0.480 0.062 1.877
55 0 1 -0.135 -0.124 -0.392 -1.393	2 0.180 0.194 -0.040 -2.686	3 0.325 0.453 -0.040 11.662	4 -0.669 -0.478 -0.017 2.211
55 0 1 -0.135 -0.134 -0.301 -0.532	2 0.183 0.194 -0.028 -2.501	3 0.322 0.452 -0.051 11.336	4 -0.669 -0.478 0.006 2.334
56 0 1 -0.147 -0.143 -0.323 -0.840	2 0.183 0.195 0.006 -2.325	3 0.319 0.452 -0.017 11.116	4 -0.669 -0.479 -0.028 1.877
57 0 1 -0.160 -0.151 -0.323 -1.701	2 0.186 0.197 0.096 -2.167	3 0.319 0.452 -0.017 10.774	4 -0.669 -0.479 -0.028 1.429
58 0 1 -0.173 -0.159 -0.278 -1.833	2 0.191 0.200 0.096 -1.815	3 0.316 0.451 0.017 10.114	4 -0.669 -0.479 0.176 1.604
58 0 1 -0.173 -0.167 -0.255 -1.209	2 0.197 0.203 0.028 -1.789	3 0.313 0.451 -0.062 9.833	4 -0.670 -0.479 -0.017 2.009
59 0 1 -0.186 -0.175 -0.335 -2.053	2 0.197 0.206 0.142 -1.807	3 0.310 0.451 -0.051 9.631	4 -0.670 -0.479 0.176 1.842
60 0 1 -0.200 -0.184 -0.380 -2.888	2 0.203 0.213 0.278 -1.930	3 0.310 0.451 -0.017 9.244	4 -0.670 -0.479 -0.040 1.771
61 0 1 -0.214 -0.194 -0.346 -2.835	2 0.211 0.219 0.221 -1.763	3 0.307 0.451 0.028 8.593	4 -0.670 -0.479 -0.017 1.736
61 0 1 -0.214 -0.205 -0.312 -1.710	2 0.220 0.226 0.199 -2.141	3 0.305 0.450 -0.074 8.321	4 -0.671 -0.479 -0.017 2.009
62 0 1 -0.228 -0.216 -0.403 -2.220	2 0.220 0.235 0.312 -2.721	3 0.302 0.450 -0.051 8.119	4 -0.671 -0.479 -0.017 2.026
63 0 1 -0.242 -0.228 -0.448 -2.536	2 0.231 0.244 0.255 -2.457	3 0.302 0.450 0.176 7.802	4 -0.672 -0.479 -0.028 1.886
64 0 1 -0.256 -0.239 -0.380 -2.422	2 0.242 0.250 0.244 -1.824	3 0.299 0.450 -0.017 7.213	4 -0.672 -0.479 0.176 1.789
64 0 1 -0.256 -0.250 -0.323 -1.464	2 0.255 0.257 0.221 -2.018	3 0.296 0.450 -0.062 6.905	4 -0.672 -0.479 -0.028 1.868
65 0 1 -0.271 -0.261 -0.380 -2.132	2 0.255 0.267 0.335 -2.220	3 0.293 0.449 -0.051 6.668	4 -0.673 -0.479 -0.028 1.868
66 0 1 -0.286 -0.271 -0.426 -2.378	2 0.269 0.278 0.380 -1.763	3 0.293 0.449 0.006 6.334	4 -0.673 -0.479 0.176 1.903
67 0 1 -0.301 -0.282 -0.346 -2.738	2 0.285 0.289 0.482 -1.095	3 0.290 0.449 0.006 5.780	4 -0.673 -0.479 0.006 1.912
67 0 1 -0.301 -0.295 -0.403 -1.411	2 0.301 0.301 0.380 -1.710	3 0.288 0.448 -0.062 5.446	4 -0.674 -0.479 -0.028 1.807
68 0 1 -0.317 -0.307 -0.414 -1.780	2 0.301 0.313 0.369 -2.369	3 0.285 0.448 -0.051 5.235	4 -0.674 -0.479 0.176 1.833
69 0 1 -0.332 -0.319 -0.505 -2.123	2 0.319 0.326 0.471 -1.613	3 0.285 0.448 -0.028 4.945	4 -0.675 -0.479 -0.028 1.851
70 0 1 -0.347 -0.332 -0.358 -2.062	2 0.337 0.339 0.516 -0.567	3 0.282 0.448 -0.017 4.365	4 -0.675 -0.479 -0.028 1.824
70 0 1 -0.347 -0.345 -0.403 -0.637	2 0.357 0.350 0.301 -0.998	3 0.279 0.447 -0.074 4.207	4 -0.676 -0.479 -0.028 1.921
71 0 1 -0.363 -0.358 -0.494 -1.042	2 0.357 0.365 0.392 -1.473	3 0.277 0.447 -0.017 3.987	4 -0.677 -0.479 -0.017 1.886
72 0 1 -0.378 -0.370 -0.505 -1.033	2 0.377 0.378 0.482 0.013	3 0.277 0.447 0.006 3.688	4 -0.677 -0.479 0.176 1.815
73 0 1 -0.393 -0.383 -0.426 -0.927	2 0.399 0.391 0.664 0.426	3 0.274 0.446 0.176 3.125	4 -0.677 -0.479 -0.028 1.842
73 0 1 -0.393 -0.397 -0.437 0.013	2 0.420 0.408 0.346 -0.110	3 0.271 0.445 -0.074 2.941	4 -0.678 -0.479 -0.028 1.780
74 0 1 -0.408 -0.409 -0.448 0.136	2 0.420 0.421 0.482 0.066	3 0.269 0.445 -0.040 2.818	4 -0.679 -0.479 -0.017 1.780
75 0 1 -0.423 -0.419 -0.358 -0.462	2 0.443 0.434 0.426 1.622	3 0.269 0.444 -0.051 2.695	4 -0.680 -0.479 -0.028 1.824
76 0 1 -0.437 -0.430 -0.312 -0.382	2 0.465 0.446 0.460 3.081	3 0.266 0.443 -0.040 2.325	4 -0.680 -0.479 0.176 1.886
76 0 1 -0.437 -0.439 -0.278 0.127	2 0.488 0.455 0.051 4.048	3 0.264 0.442 -0.051 2.273	4 -0.681 -0.479 0.176 1.587
77 0 1 -0.451 -0.442 -0.119 -1.543	2 0.488 0.460 0.062 5.525	3 0.261 0.440 -0.017 1.710	4 -0.682 -0.479 -0.051 1.499
78 0 1 -0.465 -0.446 -0.289 -3.029	2 0.511 0.469 0.301 8.233	3 0.261 0.440 -0.028 1.938	4 -0.683 -0.479 0.176 1.042
79 0 1 -0.478 -0.450 -0.108 -4.725	2 0.534 0.476 0.460 10.079	3 0.258 0.439 0.006 1.534	4 -0.683 -0.481 -0.119 1.771
79 0 1 -0.478 -0.455 -0.085 -4.734	2 0.556 0.483 0.142 11.037	3 0.256 0.440 0.176 1.824	4 -0.684 -0.485 -0.165 1.648
80 0 1 -0.491 -0.459 -0.199 -5.982	2 0.556 0.492 0.199 12.426	3 0.253 0.441 -0.028 2.413	4 -0.685 -0.491 -0.278 2.009
81 0 1 -0.503 -0.463 -0.244 -7.204	2 0.578 0.502 0.369 14.501	3 0.253 0.441 -0.040 2.457	4 -0.687 -0.498 -0.221 1.657
82 0 1 -0.514 -0.468 -0.187 -8.048	2 0.599 0.513 0.596 15.433	3 0.251 0.440 0.017 1.903	4 -0.687 -0.504 -0.244 2.114
82 0 1 -0.514 -0.476 -0.199 -7.424	2 0.619 0.525 0.369 15.345	3 0.249 0.440 -0.028 1.991	4 -0.688 -0.513 -0.346 2.677
83 0 1 -0.525 -0.483 -0.289 -7.960	2 0.619 0.540 0.414 15.046	3 0.246 0.441 -0.051 2.554	4 -0.689 -0.519 -0.085 3.125
84 0 1 -0.535 -0.490 -0.301 -8.479	2 0.638 0.556 0.539 15.556	3 0.246 0.439 -0.051 0.787	4 -0.690 -0.522 -0.426 5.640
85 0 1 -0.543 -0.498 -0.289 -8.207	2 0.656 0.572 0.721 15.336	3 0.244 0.440 0.096 1.666	4 -0.690 -0.537 -0.482 6.870
85 0 1 -0.543 -0.506 -0.221 -7.371	2 0.673 0.588 0.494 13.727	3 0.241 0.447 0.403 1.095	4 -0.692 -0.553 -0.607 9.349
86 0 1 -0.551 -0.515 -0.448 -6.607	2 0.673 0.607 0.516 12.505	3 0.239 0.457 0.233 1.886	4 -0.693 -0.570 -0.528 12.488
87 0 1 -0.558 -0.523 -0.255 -6.589	2 0.688 0.625 0.505 12.400	3 0.239 0.463 0.199 1.736	4 -0.694 -0.583 -0.482 14.905
88 0 1 -0.564 -0.530 -0.312 -5.903	2 0.702 0.639 0.585 11.626	3 0.237 0.466 -0.051 2.158	4 -0.694 -0.591 -0.210 16.092
88 0 1 -0.564 -0.535 -0.074 -5.552	2 0.713 0.648 0.199 11.169	3 0.234 0.461 -0.267 1.736	4 -0.696 -0.593 0.006 16.136
89 0 1 -0.569 -0.540 -0.142 -5.613	2 0.713 0.655 0.085 11.468	3 0.232 0.453 -0.323 2.123	4 -0.697 -0.591 0.062 15.662
90 0 1 -0.572 -0.542 -0.096 -5.692	2 0.724 0.659 0.062 12.418	3 0.232 0.445 -0.255 1.578	4 -0.699 -0.588 0.096 15.178
91 0 1 -0.575 -0.543 -0.028 -5.956	2 0.732 0.661 0.119 13.262	3 0.230 0.440 -0.233 1.165	4 -0.699 -0.586 0.096 14.290
91 0 1 -0.575 -0.544 0.017 -5.938	2 0.739 0.662 0.006 13.719	3 0.227 0.435 -0.131 1.886	4 -0.701 -0.584 0.017 13.868
92 0 1 -0.576 -0.545 0.006 -6.097	2 0.739 0.663 0.040 14.352	3 0.225 0.434 -0.017 1.745	4 -0.702 -0.584 -0.028 13.622
93 0 1 -0.577 -0.546 -0.051 -5.868	2 0.744 0.665 0.040 15.020	3 0.225 0.435 0.006 1.815	4 -0.704 -0.585 -0.028 13.631
94 0 1 -0.576 -0.546 -0.006 -5.701	2 0.747 0.666 0.074 15.301	3 0.223 0.434 -0.040 1.833	4 -0.704 -0.585 -0.040 13.376
94 0 1 -0.576 -0.547 -0.040 -5.473	2 0.749 0.667 0.017 15.301	3 0.221 0.434 -0.040 1.859	4 -0.706 -0.586 -0.040 13.156
95 0 1 -0.575 -0.548 -0.017 -5.165	2 0.749 0.668 0.006 15.327	3 0.219 0.434 -0.062 1.798	4 -0.707 -0.586 -0.028 13.033
96 0 1 -0.572 -0.548 -0.017 -4.673	2 0.750 0.669 0.006 15.231	3 0.219 0.433 -0.028 1.780	4 -0.709 -0.587 0.176 13.130
97 0 1 -0.570 -0.548 -0.028 -4.207	2 0.750 0.670 0.006 15.099	3 0.217 0.433 -0.028 1.851	4 -0.709 -0.588 -0.040 12.866
97 0 1 -0.570 -0.548 -0.017 -3.969	2 0.748 0.671 0.028 14.905	3 0.215 0.434 0.017 1.815	4 -0.711 -0.588 -0.028 12.629
98 0 1 -0.566 -0.548 -0.006 -3.424	2 0.748 0.670 -0.006 14.730	3 0.212 0.434 0.176 1.798	4 -0.713 -0.589 -0.040 12.400
99 0 1 -0.562 -0.548 0.006 -2.756	2 0.747 0.670 0.006 14.378	3 0.212 0.434 -0.028 1.807	4 -0.715 -0.589 0.006 12.321
0 1 1 -0.558 -0.548 0.028 -2.246	2 0.744 0.670 -0.028 14.044	3 0.210 0.434 -0.040 1.859	4 -0.715 -0.589 -0.040 11.960
0 1 1 -0.558 -0.547 0.040 -2.079	2 0.742 0.670 0.006 13.912	3 0.208 0.434 -0.028 1.833	4 -0.717 -0.589 0.006 11.635
1 1 1 -0.554 -0.547 0.040 -1.437	2 0.742 0.669 -0.028 13.745	3 0.206 0.433 -0.028 1.798	4 -0.719 -0.589 -0.028 11.363
2 1 1 -0.550 -0.546 0.006 -0.884	2 0.739 0.669 -0.017 13.358	3 0.206 0.433 -0.062 1.833	4 -0.721 -0.589 0.176 11.310
3 1 1 -0.546 -0.545 0.028 -0.470	2 0.737 0.668 -0.051 13.130	3 0.204 0.433 -0.017 1.859	4 -0.721 -0.589 -0.028 10.914
3 1 1 -0.546 -0.544 0.051 -0.312	2 0.734 0.667 -0.028 13.086	3 0.202 0.433 0.176 1.798	4 -0.723 -0.589 0.176 10.554
4 1 1 -0.541 -0.543 0.006 0.198	2 0.734 0.666 -0.028 13.077	3 0.200 0.433 -0.017 1.780	4 -0.725 -0.590 -0.051 10.229
5 1 1 -0.537 -0.542 0.074 0.567	2 0.732 0.665 -0.028 12.831	3 0.200 0.433 -0.017 1.877	4 -0.727 -0.590 -0.017 10.167
6 1 1 -0.533 -0.539 0.142 0.884	2 0.730 0.663 -0.096 12.734	3 0.199 0.433 -0.028 1.877	4 -0.727 -0.590 -0.062 9.859
6 1 1 -0.533 -0.537 0.006 0.760	2 0.727 0.662 -0.040 12.725	3 0.197 0.433 -0.040 1.859	4 -0.730 -0.590 -0.017 9.464
7 1 1 -0.529 -0.536 0.062 1.226	2 0.727 0.661 -0.062 12.734	3 0.195 0.432 -0.028 1.771	4 -0.732 -0.590 -0.062 9.103
8 1 1 -0.525 -0.534 0.017 1.754	2 0.725 0.659 -0.040 12.505	3 0.195 0.432 -0.040 1.824	4 -0.734 -0.591 -0.017 9.042
9 1 1 -0.521 -0.532 0.108 2.009	2 0.723 0.657 -0.085 12.505	3 0.193 0.430 -0.085 1.824	4 -0.734 -0.591 -0.017 8.655
9 1 1 -0.521 -0.530 0.074 1.719	2 0.721 0.656 -0.074 12.549	3 0.191 0.430 -0.051 1.789	4 -0.737 -0.591 -0.017 8.303
10 1 1 -0.517 -0.528 0.062 2.079	2 0.721 0.655 -0.051 12.602	3 0.188 0.429 -0.051 1.789	4 -0.742 -0.593 -0.153 7.987
11 1 1 -0.513 -0.525 0.108 2.334	2 0.719 0.653 -0.017 12.435	3 0.188 0.429 -0.017 1.824	4 -0.744 -0.596 -0.142 8.110
12 1 1 -0.509 -0.523 0.074 2.536	2 0.717 0.652 -0.028 12.391	3 0.186 0.429 -0.096 1.956	4 -0.744 -0.597 -0.017 8.004
12 1 1 -0.509 -0.521 0.062 2.202	2 0.715 0.652 -0.006 12.259	3 0.184 0.426 -0.051 1.771	4 -0.747 -0.597 -0.040 7.679
13 1 1 -0.505 -0.517 0.017 2.580	2 0.715 0.651 -0.028 12.066	3 0.182 0.424 -0.074 1.745	4 -0.748 -0.598 -0.028 7.442
14 1 1 -0.501 -0.515 0.096 2.703	2 0.713 0.651 -0.006 11.785	3 0.182 0.422 -0.108 1.807	4 -0.750 -0.598 -0.051 7.424
15 1 1 -0.497 -0.513 0.131 2.844	2 0.711 0.651 0.017 11.538	3 0.180 0.419 -0.165 2.149	4 -0.750 -0.599 0.006 7.160
15 1 1 -0.497 -0.510 0.108 2.422	2 0.709 0.651 -0.006 11.371	3 0.178 0.417 -0.096 1.824	4 -0.750 -0.599 0.006 7.222
16 1 1 -0.493 -0.507 0.119 2.686	2 0.709 0.651 -0.017 11.152	3 0.175 0.414 -0.153 1.833	4 -0.749 -0.599 -0.040 7.451
17 1 1 -0.489 -0.503 0.119 2.721	2 0.707 0.650 -0.028 10.888	3 0.175 0.411 -0.142 1.701	4 -0.747 -0.599 -0.028 7.459
18 1 1 -0.485 -0.500 0.153 2.668	2 0.706 0.648 -0.108 10.976	3 0.171 0.406 -0.210 1.481	4 -0.747 -0.599 0.176 7.758
18 1 1 -0.485 -0.495 0.142 1.921	2 0.704 0.647 -0.074 11.090	3 0.167 0.403 -0.119 1.921	4 -0.744 -0.598 0.006 8.303
19 1 1 -0.481 -0.492 0.119 1.912	2 0.704 0.646 0.006 10.949	3 0.163 0.398 -0.199 1.780	4 -0.739 -0.597 0.051 8.804
20 1 1 -0.477 -0.487 0.131 1.710	2 0.702 0.645 -0.051 10.905	3 0.163 0.394 -0.006 1.657	4 -0.732 -0.596 0.040 8.813
21 1 1 -0.473 -0.483 0.153 1.552	2 0.701 0.643 -0.108 11.011	3 0.157 0.389 -0.210 1.912	4 -0.732 -0.594 0.006 9.851
21 1 1 -0.473 -0.478 0.108 0.813	2 0.699 0.641 -0.040 11.222	3 0.151 0.383 -0.210 1.763	4 -0.724 -0.592 0.074 10.826
22 1 1 -0.469 -0.472 0.255 0.409	2 0.699 0.639 -0.062 11.319	3 0.145 0.377 -0.221 1.710	4 -0.713 -0.588 0.142 11.653
23 1 1 -0.465 -0.468 0.142 0.303	2 0.697 0.636 -0.085 11.618	3 0.145 0.370 -0.221 1.842	4 -0.702 -0.584 0.085 11.538
24 1 1 -0.462 -0.461 0.187 -0.312	2 0.696 0.633 -0.131 12.031	3 0.138 0.362 -0.358 1.684	4 -0.702 -0.579 0.165 12.629
24 1 1 -0.462 -0.455 0.221 -1.473	2 0.694 0.628 -0.176 12.752	3 0.130 0.353 -0.289 2.053	4 -0.688 -0.574 0.165 14.123
25 1 1 -0.458 -0.447 0.210 -2.114	2 0.694 0.624 -0.131 13.516	3 0.122 0.344 -0.358 1.613	4 -0.673 -0.567 0.346 15.037
26 1 1 -0.454 -0.439 0.278 -2.985	2 0.693 0.619 -0.131 13.877	3 0.122 0.332 -0.437 1.851	4 -0.656 -0.554 0.414 13.429
27 1 1 -0.450 -0.433 0.221 -3.582	2 0.692 0.616 -0.108 14.440	3 0.113 0.316 -0.755 2.510	4 -0.656 -0.546 0.119 15.046
27 1 1 -0.450 -0.425 0.199 -4.822	2 0.690 0.613 -0.074 14.949	3 0.104 0.294 -0.880 1.569	4 -0.638 -0.537 0.255 16.919
28 1 1 -0.447 -0.419 0.153 -5.218	2 0.690 0.611 -0.062 15.037	3 0.094 0.264 -1.073 4.919	4 -0.619 -0.530 0.437 17.736
29 1 1 -0.443 -0.413 0.176 -5.833	2 0.689 0.609 0.006 15.064	3 0.094 0.229 -1.288 10.589	4 -0.599 -0.526 -0.028 -17.130
30 1 1 -0.439 -0.407 0.221 -6.422	2 0.688 0.607 -0.096 15.275	3 0.084 0.189 -1.515 16.453	4 -0.599 -0.525 -0.289 -13.051
30 1 1 -0.439 -0.400 0.153 -5.789	2 0.687 0.605 -0.085 15.635	3 0.075 0.150 -1.288 -13.851	4 -0.578 -0.533 -0.312 -8.145
31 1 1 -0.436 -0.395 0.165 -7.793	2 0.687 0.603 -0.108 15.899	3 0.065 0.113 -1.175 -7.785	4 -0.556 -0.545 -0.346 -2.818
32 1 1 -0.432 -0.391 0.176 -7.978	2 0.685 0.601 -0.040 15.899	3 0.065 0.077 -1.220 -2.202	4 -0.534 -0.556 -0.392 -0.418
33 1 1 -0.428 -0.387 0.108 -7.987	2 0.684 0.598 -0.108 16.382	3 0.055 0.046 -0.959 0.734	4 -0.534 -0.551 0.528 2.536
33 1 1 -0.428 -0.384 0.062 -8.462	2 0.683 0.596 -0.131 16.734	3 0.046 0.035 -0.119 1.991	4 -0.511 -0.536 0.675 3.881
34 1 1 -0.425 -0.382 -0.051 -7.644	2 0.683 0.593 -0.028 16.919	3 0.037 0.014 -0.516 5.174	4 -0.488 -0.513 0.857 3.987
35 1 1 -0.421 -0.381 -0.006 -7.433	2 0.682 0.592 0.017 17.042	3 0.037 0.006 -0.006 5.455	4 -0.465 -0.488 0.641 0.426
36 1 1 -0.418 -0.382 -0.028 -7.002	2 0.681 0.592 0.040 16.778	3 0.028 0.011 0.244 2.923	4 -0.465 -0.469 0.573 0.884
36 1 1 -0.418 -0.383 -0.040 -6.554	2 0.680 0.593 0.062 16.514	3 0.020 0.023 0.414 -0.101	4 -0.443 -0.452 0.687 1.314
37 1 1 -0.414 -0.386 -0.096 -5.385	2 0.680 0.594 0.006 16.295	3 0.012 0.025 -0.062 -0.470	4 -0.420 -0.437 0.460 2.325
38 1 1 -0.410 -0.387 0.006 -4.444	2 0.679 0.594 -0.040 16.347	3 0.012 0.032 0.414 -4.040	4 -0.399 -0.417 0.698 -0.136
39 1 1 -0.407 -0.389 -0.142 -3.521	2 0.678 0.591 -0.085 16.716	3 0.006 0.039 0.062 -6.132	4 -0.399 -0.395 0.721 -0.189
39 1 1 -0.407 -0.389 -0.006 -3.424	2 0.677 0.587 -0.142 17.385	3 -0.000 0.039 -0.062 -7.240	4 -0.377 -0.374 0.789 -0.505
40 1 1 -0.403 -0.389 0.006 -2.791	2 0.677 0.580 -0.165 -17.613	3 -0.006 0.033 -0.210 -6.686	4 -0.357 -0.364 0.278 0.716
41 1 1 -0.400 -0.388 0.028 -2.290	2 0.677 0.574 -0.165 -16.611	3 -0.006 0.022 -0.448 -5.138	4 -0.337 -0.353 0.312 -0.558
42 1 1 -0.397 -0.388 0.028 -1.947	2 0.676 0.568 -0.210 -15.442	3 -0.010 0.009 -0.516 -3.327	4 -0.337 -0.339 0.539 0.470
42 1 1 -0.397 -0.388 0.017 -1.727	2 0.675 0.562 -0.358 -14.448	3 -0.013 -0.005 -0.460 -1.560	4 -0.319 -0.328 0.414 1.323
43 1 1 -0.393 -0.388 -0.006 -1.015	2 0.675 0.558 -0.142 -13.798	3 -0.016 -0.015 -0.267 -0.136	4 -0.301 -0.317 0.403 2.193
44 1 1 -0.390 -0.389 -0.040 -0.418	2 0.674 0.556 -0.040 -13.596	3 -0.016 -0.017 0.085 -0.031	4 -0.285 -0.303 0.369 0.778
45 1 1 -0.386 -0.391 -0.142 0.391	2 0.674 0.555 0.028 -13.508	3 -0.017 -0.016 -0.028 -0.040	4 -0.285 -0.292 0.392 1.332
45 1 1 -0.386 -0.394 -0.096 1.455	2 0.673 0.555 0.017 -13.525	3 -0.017 -0.015 0.040 -0.233	4 -0.269 -0.279 0.528 1.692
46 1 1 -0.383 -0.397 -0.142 2.888	2 0.673 0.556 0.040 -13.719	3 -0.016 -0.014 0.028 -0.462	4 -0.255 -0.266 0.426 1.525
47 1 1 -0.379 -0.402 -0.142 4.207	2 0.673 0.556 0.028 -13.798	3 -0.016 -0.014 0.028 -0.435	4 -0.242 -0.255 0.323 0.119
48 1 1 -0.376 -0.405 -0.153 5.464	2 0.672 0.556 -0.006 -13.842	3 -0.014 -0.011 0.199 -0.760	4 -0.242 -0.244 0.301 0.620
48 1 1 -0.376 -0.409 -0.153 6.220	2 0.672 0.555 -0.006 -13.815	3 -0.011 -0.007 0.153 -0.998	4 -0.231 -0.239 0.233 1.385
49 1 1 -0.373 -0.411 -0.108 7.565	2 0.672 0.554 -0.028 -13.613	3 -0.007 -0.002 0.108 -1.543	4 -0.220 -0.232 0.267 1.895
50 1 1 -0.370 -0.414 -0.108 8.505	2 0.671 0.551 -0.096 -13.244	3 -0.007 0.000 0.006 -1.341	4 -0.211 -0.224 0.233 0.708
51 1 1 -0.366 -0.416 -0.017 9.270	2 0.671 0.548 -0.108 -12.602	3 -0.002 0.003 0.096 -1.059	4 -0.211 -0.216 0.301 0.822
51 1 1 -0.366 -0.418 -0.062 9.675	2 0.670 0.544 -0.153 -11.864	3 0.004 0.004 0.074 -0.602	4 -0.203 -0.209 0.199 1.130
52 1 1 -0.363 -0.418 -0.051 10.501	2 0.670 0.539 -0.358 -11.029	3 0.010 0.007 0.062 -0.303	4 -0.197 -0.207 0.074 1.815
53 1 1 -0.360 -0.418 -0.006 11.134	2 0.670 0.533 -0.199 -10.009	3 0.010 0.011 0.187 -0.154	4 -0.191 -0.205 0.108 1.552
54 1 1 -0.356 -0.419 0.006 11.618	2 0.670 0.527 -0.199 -9.059	3 0.018 0.017 0.278 0.101	4 -0.191 -0.201 0.176 1.745
54 1 1 -0.356 -0.418 -0.017 11.732	2 0.669 0.522 -0.153 -8.242	3 0.026 0.024 0.210 0.145	4 -0.186 -0.195 0.199 1.508
55 1 1 -0.353 -0.418 -0.040 12.338	2 0.669 0.518 -0.153 -7.231	3 0.035 0.028 0.108 0.215	4 -0.183 -0.190 0.153 1.165
56 1 1 -0.350 -0.419 -0.017 13.033	2 0.669 0.515 -0.108 -6.703	3 0.035 0.036 0.358 -0.163	4 -0.180 -0.187 -0.028 0.945
57 1 1 -0.347 -0.420 -0.085 13.701	2 0.669 0.513 -0.119 -6.343	3 0.045 0.046 0.358 -0.136	4 -0.180 -0.188 -0.006 1.393
57 1 1 -0.347 -0.421 -0.074 14.088	2 0.669 0.512 -0.028 -6.202	3 0.055 0.052 0.176 0.251	4 -0.178 -0.186 0.096 1.473
58 1 1 -0.344 -0.422 -0.108 15.011	2 0.669 0.511 0.017 -6.070	3 0.066 0.060 0.267 -0.286	4 -0.177 -0.184 0.085 1.156
59 1 1 -0.341 -0.424 -0.017 15.802	2 0.669 0.511 -0.176 -6.018	3 0.066 0.071 0.380 -0.963	4 -0.177 -0.183 -0.040 1.051
60 1 1 -0.337 -0.426 -0.074 16.532	2 0.669 0.511 -0.176 -5.982	3 0.077 0.080 0.323 -0.690	4 -0.177 -0.183 -0.017 1.077
60 1 1 -0.337 -0.426 -0.017 16.831	2 0.669 0.511 -0.006 -5.947	3 0.088 0.087 0.358 -0.215	4 -0.176 -0.183 0.006 1.130
61 1 1 -0.334 -0.426 -0.040 17.508	2 0.669 0.510 -0.051 -5.833	3 0.100 0.095 0.210 -0.567	4 -0.177 -0.183 -0.006 1.095
62 1 1 -0.331 -0.426 0.028 -17.974	2 0.669 0.509 -0.006 -5.719	3 0.100 0.105 0.289 -1.033	4 -0.177 -0.183 -0.006 1.103
63 1 1 -0.328 -0.426 0.040 -17.622	2 0.669 0.509 -0.028 -5.631	3 0.111 0.112 0.233 -0.224	4 -0.177 -0.183 -0.006 1.033
63 1 1 -0.328 -0.426 0.017 -17.437	2 0.669 0.509 -0.006 -5.587	3 0.123 0.118 0.176 0.576	4 -0.178 -0.183 -0.028 0.813
64 1 1 -0.325 -0.426 -0.176 -16.927	2 0.669 0.508 -0.017 -5.455	3 0.135 0.126 0.221 0.251	4 -0.180 -0.183 -0.006 0.585
65 1 1 -0.322 -0.425 0.051 -16.532	2 0.669 0.507 -0.074 -5.218	3 0.135 0.137 0.437 -0.286	4 -0.183 -0.184 -0.006 0.602
66 1 1 -0.319 -0.424 -0.176 -16.251	2 0.669 0.506 -0.006 -4.875	3 0.147 0.147 0.323 0.145	4 -0.183 -0.185 -0.119 0.453
66 1 1 -0.319 -0.423 0.051 -16.268	2 0.669 0.504 -0.062 -4.549	3 0.160 0.151 0.221 1.112	4 -0.186 -0.188 -0.153 0.391
67 1 1 -0.316 -0.422 0.040 -15.987	2 0.669 0.502 -0.062 -4.207	3 0.173 0.163 0.437 0.031	4 -0.191 -0.190 -0.085 -0.048
68 1 1 -0.313 -0.420 0.062 -15.705	2 0.670 0.500 -0.062 -3.767	3 0.173 0.177 0.471 -0.532	4 -0.197 -0.193 -0.096 0.365
69 1 1 -0.310 -0.418 0.131 -15.732	2 0.670 0.497 -0.108 -3.073	3 0.186 0.185 0.267 0.136	4 -0.197 -0.197 -0.131 0.110
69 1 1 -0.310 -0.416 0.085 -16.031	2 0.670 0.494 -0.051 -2.563	3 0.200 0.193 0.312 0.699	4 -0.203 -0.201 -0.187 -0.312
70 1 1 -0.307 -0.414 0.062 -15.767	2 0.670 0.491 -0.108 -1.930	3 0.214 0.206 0.414 -0.347	4 -0.211 -0.207 -0.233 -0.444
71 1 1 -0.305 -0.411 0.051 -15.565	2 0.671 0.490 0.051 -2.703	3 0.214 0.219 0.414 -1.033	4 -0.220 -0.216 -0.210 0.655
72 1 1 -0.302 -0.411 -0.176 -15.424	2 0.671 0.490 -0.176 -2.123	3 0.228 0.227 0.369 -0.084	4 -0.220 -0.223 -0.187 0.347
72 1 1 -0.302 -0.411 -0.017 -15.160	2 0.672 0.491 0.062 -1.024	3 0.242 0.239 0.482 0.048	4 -0.231 -0.228 -0.312 -0.277
73 1 1 -0.299 -0.411 -0.006 -14.721	2 0.672 0.490 -0.028 -1.763	3 0.256 0.251 0.289 -0.673	4 -0.242 -0.234 -0.153 -0.171
74 1 1 -0.296 -0.410 0.062 -14.440	2 0.672 0.490 0.017 -2.466	3 0.256 0.262 0.312 -1.138	4 -0.255 -0.242 -0.323 0.004
75 1 1 -0.293 -0.410 -0.006 -14.070	2 0.673 0.490 0.017 -1.578	3 0.271 0.272 0.471 -0.268	4 -0.255 -0.256 -0.528 -0.207
75 1 1 -0.293 -0.410 -0.006 -13.868	2 0.673 0.490 -0.028 -1.253	3 0.286 0.282 0.358 0.224	4 -0.269 -0.266 -0.346 -0.347
76 1 1 -0.290 -0.409 0.017 -13.473	2 0.673 0.490 -0.028 -2.281	3 0.301 0.293 0.278 -0.418	4 -0.285 -0.276 -0.369 -0.743
77 1 1 -0.288 -0.408 0.062 -13.121	2 0.674 0.490 -0.176 -2.545	3 0.301 0.307 0.426 -1.007	4 -0.301 -0.289 -0.437 0.092
78 1 1 -0.285 -0.408 0.028 -12.716	2 0.674 0.490 0.028 -1.253	3 0.317 0.318 0.437 -0.286	4 -0.301 -0.301 -0.437 -0.198
78 1 1 -0.285 -0.408 -0.176 -12.549	2 0.675 0.490 -0.017 -1.218	3 0.332 0.326 0.289 0.541	4 -0.319 -0.313 -0.505 -0.629
79 1 1 -0.282 -0.408 0.017 -12.127	2 0.675 0.490 0.040 -2.290	3 0.347 0.340 0.426 -0.585	4 -0.337 -0.326 -0.516 -1.262
80 1 1 -0.279 -0.407 0.040 -11.758	2 0.676 0.490 -0.017 -2.237	3 0.347 0.354 0.403 -1.244	4 -0.357 -0.340 -0.460 0.110
81 1 1 -0.277 -0.407 -0.006 -11.363	2 0.677 0.490 0.040 -1.138	3 0.363 0.363 0.414 -0.171	4 -0.357 -0.356 -0.550 -0.418
81 1 1 -0.277 -0.407 0.017 -11.266	2 0.677 0.490 -0.040 -1.745	3 0.378 0.375 0.471 -0.048	4 -0.377 -0.371 -0.562 -0.919
82 1 1 -0.274 -0.406 0.017 -10.897	2 0.677 0.490 -0.017 -2.571	3 0.393 0.388 0.244 -0.787	4 -0.399 -0.386 -0.562 -1.516
83 1 1 -0.271 -0.405 0.062 -10.589	2 0.678 0.490 0.017 -2.141	3 0.393 0.400 0.369 -1.376	4 -0.420 -0.403 -0.528 0.136
84 1 1 -0.269 -0.405 -0.176 -10.167	2 0.679 0.491 -0.006 -0.954	3 0.408 0.412 0.516 -0.840	4 -0.420 -0.419 -0.607 -0.259
84 1 1 -0.269 -0.405 0.040 -10.211	2 0.680 0.490 0.017 -1.930	3 0.423 0.421 0.312 -0.119	4 -0.443 -0.435 -0.550 -1.112
85 1 1 -0.266 -0.403 0.040 -9.815	2 0.680 0.490 -0.176 -2.554	3 0.437 0.431 0.176 -0.549	4 -0.465 -0.449 -0.516 -2.299
86 1 1 -0.264 -0.402 0.040 -9.552	2 0.681 0.490 0.028 -1.648	3 0.437 0.439 0.289 -0.347	4 -0.488 -0.460 -0.187 -1.631
87 1 1 -0.261 -0.402 0.017 -9.235	2 0.682 0.490 -0.017 -0.945	3 0.451 0.447 0.346 0.699	4 -0.488 -0.468 -0.289 -3.802
87 1 1 -0.261 -0.401 0.051 -9.323	2 0.683 0.490 0.028 -2.097	3 0.465 0.453 0.221 1.807	4 -0.511 -0.479 -0.448 -5.675
88 1 1 -0.258 -0.399 0.040 -9.165	2 0.683 0.490 0.017 -1.930	3 0.478 0.461 0.301 1.358	4 -0.534 -0.486 -0.233 -8.532
89 1 1 -0.256 -0.398 -0.176 -8.813	2 0.684 0.491 0.028 -1.042	3 0.478 0.467 0.006 2.167	4 -0.556 -0.491 -0.119 -8.286
90 1 1 -0.253 -0.398 0.108 -8.936	2 0.685 0.492 0.040 -1.771	3 0.491 0.471 0.187 3.732	4 -0.556 -0.500 -0.187 -11.020
90 1 1 -0.253 -0.397 -0.006 -8.734	2 0.687 0.495 0.131 -1.938	3 0.503 0.474 0.244 4.708	4 -0.578 -0.509 -0.403 -12.954
91 1 1 -0.251 -0.397 -0.028 -8.119	2 0.687 0.499 0.199 -2.141	3 0.514 0.479 0.096 5.262	4 -0.599 -0.518 -0.539 -14.264
92 1 1 -0.249 -0.398 -0.062 -7.495	2 0.688 0.507 0.380 -2.211	3 0.514 0.485 0.176 5.516	4 -0.619 -0.529 -0.346 -13.165
93 1 1 -0.246 -0.402 -0.153 -6.642	2 0.689 0.520 0.187 -3.635	3 0.525 0.493 0.278 5.974	4 -0.619 -0.545 -0.505 -13.965
93 1 1 -0.246 -0.407 -0.221 -5.270	2 0.690 0.531 0.437 -5.789	3 0.535 0.501 0.414 5.727	4 -0.638 -0.563 -0.675 -14.492
94 1 1 -0.244 -0.411 -0.165 -3.697	2 0.690 0.544 0.482 -8.549	3 0.543 0.510 0.244 5.200	4 -0.656 -0.580 -0.743 -13.473
95 1 1 -0.241 -0.416 -0.096 -2.844	2 0.692 0.555 0.312 -9.965	3 0.543 0.519 0.199 4.804	4 -0.673 -0.596 -0.437 -11.662
96 1 1 -0.239 -0.419 0.040 -2.334	2 0.693 0.561 0.096 -10.756	3 0.551 0.526 0.255 4.708	4 -0.673 -0.610 -0.392 -11.881
96 1 1 -0.239 -0.417 0.153 -2.308	2 0.694 0.567 0.414 -12.444	3 0.558 0.532 0.199 4.655	4 -0.688 -0.623 -0.392 -12.602
97 1 1 -0.237 -0.411 0.199 -2.809	2 0.694 0.572 0.176 -13.033	3 0.564 0.537 0.142 4.330	4 -0.702 -0.632 -0.414 -12.716
98 1 1 -0.234 -0.404 0.267 -4.066	2 0.696 0.574 -0.062 -12.470	3 0.564 0.542 0.062 4.382	4 -0.713 -0.640 -0.233 -11.714
99 1 1 -0.232 -0.396 0.312 -4.936	2 0.697 0.575 -0.176 -12.444	3 0.569 0.545 0.119 4.444	4 -0.713 -0.646 -0.176 -13.015
99 1 1 -0.232 -0.389 0.153 -5.807	2 0.699 0.577 0.074 -12.971	3 0.572 0.547 0.074 4.523	4 -0.724 -0.652 -0.187 -13.807
100 1 1 -0.230 -0.388 -0.176 -5.780	2 0.699 0.580 0.074 -13.411	3 0.575 0.550 0.051 4.409	4 -0.732 -0.657 -0.267 -13.833
101 1 1 -0.227 -0.388 -0.028 -5.473	2 0.701 0.583 0.074 -13.578	3 0.575 0.552 0.040 4.251	4 -0.739 -0.661 -0.085 -13.666
102 1 1 -0.225 -0.389 -0.017 -5.077	2 0.702 0.584 0.040 -13.578	3 0.576 0.554 -0.006 4.259	4 -0.739 -0.663 -0.028 -14.580
102 1 1 -0.225 -0.389 -0.176 -4.875	2 0.704 0.585 0.062 -13.684	3 0.577 0.554 0.028 4.198	4 -0.744 -0.664 -0.017 -15.301
103 1 1 -0.223 -0.389 -0.006 -4.462	2 0.704 0.586 0.051 -13.622	3 0.576 0.554 -0.017 4.145	4 -0.747 -0.664 -0.062 -15.565
104 1 1 -0.221 -0.389 -0.176 -4.119	2 0.706 0.587 0.040 -13.358	3 0.576 0.555 0.006 3.952	4 -0.749 -0.665 -0.028 -15.547
105 1 1 -0.219 -0.389 -0.176 -3.793	2 0.707 0.587 0.040 -13.095	3 0.575 0.555 0.017 3.635	4 -0.749 -0.666 -0.017 -15.758
105 1 1 -0.219 -0.389 -0.176 -3.670	2 0.709 0.587 0.017 -13.015	3 0.572 0.556 -0.017 3.222	4 -0.750 -0.667 -0.006 -15.767
106 1 1 -0.217 -0.389 0.040 -3.266	2 0.709 0.588 -0.176 -12.848	3 0.570 0.556 0.028 2.826	4 -0.750 -0.668 -0.006 -15.670
107 1 1 -0.215 -0.389 -0.006 -2.888	2 0.711 0.588 0.017 -12.558	3 0.570 0.556 -0.017 2.571	4 -0.748 -0.668 0.017 -15.653
108 1 1 -0.212 -0.389 -0.176 -2.615	2 0.713 0.588 -0.176 -12.207	3 0.566 0.555 -0.040 2.070	4 -0.748 -0.667 0.006 -15.398
108 1 1 -0.212 -0.389 -0.176 -2.527	2 0.715 0.588 0.028 -12.092	3 0.562 0.555 -0.040 1.543	4 -0.747 -0.667 -0.017 -15.099
109 1 1 -0.210 -0.388 -0.006 -2.237	2 0.715 0.588 -0.176 -11.855	3 0.558 0.554 -0.028 1.218	4 -0.744 -0.667 0.051 -14.774
110 1 1 -0.208 -0.388 -0.006 -1.868	2 0.717 0.588 0.017 -11.503	3 0.558 0.553 0.028 0.884	4 -0.742 -0.667 0.017 -14.738
111 1 1 -0.206 -0.388 0.028 -1.789	2 0.719 0.588 -0.017 -11.169	3 0.554 0.552 -0.119 0.470	4 -0.742 -0.666 0.028 -14.404
111 1 1 -0.206 -0.387 0.017 -1.807	2 0.721 0.588 0.040 -11.029	3 0.550 0.549 -0.096 0.233	4 -0.739 -0.665 0.028 -14.088
112 1 1 -0.204 -0.387 -0.176 -1.842	2 0.721 0.588 0.028 -10.782	3 0.546 0.548 0.028 0.092	4 -0.737 -0.664 0.062 -13.921
113 1 1 -0.202 -0.387 0.040 -1.851	2 0.723 0.588 -0.176 -10.404	3 0.546 0.546 -0.131 -0.022	4 -0.734 -0.663 0.028 -14.062
114 1 1 -0.200 -0.386 0.051 -1.807	2 0.725 0.588 0.017 -10.053	3 0.541 0.543 -0.153 -0.286	4 -0.734 -0.662 0.017 -13.815
114 1 1 -0.200 -0.386 0.040 -1.815	2 0.727 0.589 -0.006 -9.903	3 0.537 0.542 0.028 -0.804	4 -0.732 -0.661 0.028 -13.552
115 1 1 -0.199 -0.385 0.040 -1.754	2 0.727 0.589 -0.176 -9.692	3 0.533 0.540 -0.131 -0.787	4 -0.730 -0.660 0.062 -13.385
116 1 1 -0.197 -0.384 0.040 -1.780	2 0.730 0.590 0.017 -9.393	3 0.533 0.535 -0.187 -0.409	4 -0.727 -0.659 0.062 -13.455
117 1 1 -0.195 -0.384 0.017 -1.780	2 0.732 0.590 0.051 -9.024	3 0.529 0.534 0.028 -0.971	4 -0.727 -0.658 0.040 -13.341
117 1 1 -0.195 -0.383 0.040 -1.868	2 0.734 0.591 -0.176 -8.927	3 0.525 0.533 -0.085 -1.525	4 -0.725 -0.657 0.051 -13.024
118 1 1 -0.193 -0.380 0.165 -2.642	2 0.734 0.590 -0.062 -8.549	3 0.521 0.528 -0.244 -0.892	4 -0.723 -0.656 0.040 -12.892
119 1 1 -0.191 -0.379 0.017 -1.727	2 0.737 0.591 0.040 -8.321	3 0.521 0.522 -0.176 -0.400	4 -0.721 -0.655 0.040 -13.042
1 0 1 -0.188 -0.378 0.051 -1.859	2 0.742 0.593 0.085 -7.793	3 0.517 0.519 -0.176 -0.277	4 -0.721 -0.654 0.017 -12.840
1 0 1 -0.188 -0.378 0.017 -1.859	2 0.744 0.595 0.074 -7.925	3 0.513 0.514 -0.096 -0.268	4 -0.719 -0.653 -0.017 -12.558
2 0 1 -0.186 -0.377 0.096 -2.035	2 0.744 0.597 0.040 -7.987	3 0.509 0.512 -0.062 -0.180	4 -0.717 -0.652 0.051 -12.444
3 0 1 -0.184 -0.374 0.096 -1.947	2 0.747 0.597 -0.006 -7.653	3 0.509 0.509 -0.131 -0.233	4 -0.715 -0.651 0.028 -12.505
4 0 1 -0.182 -0.372 0.131 -2.062	2 0.748 0.598 0.017 -7.363	3 0.505 0.509 -0.028 -0.831	4 -0.715 -0.650 0.051 -12.382
4 0 1 -0.182 -0.368 0.131 -1.587	2 0.750 0.598 0.028 -7.310	3 0.501 0.508 -0.131 -1.165	4 -0.713 -0.649 0.006 -12.145
5 0 1 -0.180 -0.365 0.142 -1.886	2 0.750 0.598 0.017 -7.143	3 0.497 0.503 -0.085 -0.831	4 -0.711 -0.649 0.040 -11.996
6 0 1 -0.178 -0.361 0.108 -1.604	2 0.750 0.598 0.017 -7.240	3 0.497 0.501 -0.051 -0.840	4 -0.709 -0.648 0.017 -12.136
7 0 1 -0.175 -0.358 0.142 -1.982	2 0.749 0.599 0.062 -7.538	3 0.493 0.500 -0.096 -1.270	4 -0.709 -0.646 0.062 -12.057
7 0 1 -0.175 -0.355 0.131 -1.815	2 0.747 0.601 0.040 -7.864	3 0.489 0.494 -0.255 -0.840	4 -0.707 -0.644 0.085 -12.066
8 0 1 -0.171 -0.352 0.199 -1.868	2 0.747 0.601 -0.017 -8.259	3 0.485 0.487 -0.210 0.127	4 -0.706 -0.642 0.119 -12.198
9 0 1 -0.167 -0.347 0.221 -2.624	2 0.744 0.601 -0.028 -8.857	3 0.485 0.482 -0.108 0.418	4 -0.704 -0.640 0.074 -12.453
10 0 1 -0.163 -0.343 0.142 -2.299	2 0.739 0.601 -0.006 -9.789	3 0.481 0.481 -0.085 -0.040	4 -0.704 -0.637 0.131 -12.875
10 0 1 -0.163 -0.338 0.006 -2.967	2 0.732 0.601 -0.028 -10.229	3 0.477 0.477 -0.176 0.154	4 -0.702 -0.635 0.096 -12.866
11 0 1 -0.157 -0.332 0.255 -2.853	2 0.732 0.599 -0.062 -10.642	3 0.473 0.472 -0.096 0.497	4 -0.701 -0.633 0.074 -12.936
12 0 1 -0.151 -0.325 0.210 -3.143	2 0.724 0.596 -0.096 -11.758	3 0.473 0.467 -0.165 1.156	4 -0.699 -0.631 0.074 -13.200
13 0 1 -0.145 -0.318 0.233 -3.213	2 0.713 0.593 -0.108 -13.095	3 0.469 0.461 -0.187 1.666	4 -0.699 -0.629 0.051 -13.209
13 0 1 -0.145 -0.311 0.233 -4.453	2 0.702 0.592 -0.017 -13.754	3 0.465 0.455 -0.255 2.264	4 -0.697 -0.628 0.062 -13.376
14 0 1 -0.138 -0.304 0.289 -4.699	2 0.702 0.589 -0.153 -14.589	3 0.462 0.449 -0.210 2.949	4 -0.696 -0.626 0.062 -13.552
15 0 1 -0.130 -0.294 0.426 -4.875	2 0.688 0.587 -0.040 -16.426	3 0.462 0.442 -0.221 3.714	4 -0.694 -0.623 0.085 -13.859
16 0 1 -0.122 -0.281 0.528 -6.422	2 0.673 0.583 -0.142 16.840	3 0.458 0.436 -0.244 4.180	4 -0.694 -0.620 0.085 -14.246
16 0 1 -0.122 -0.261 0.550 -9.174	2 0.656 0.581 0.062 16.013	3 0.454 0.429 -0.255 4.822	4 -0.693 -0.616 0.096 -14.598
17 0 1 -0.113 -0.239 1.027 -13.086	2 0.656 0.577 -0.051 14.132	3 0.450 0.422 -0.233 5.710	4 -0.692 -0.613 0.131 -15.169
18 0 1 -0.104 -0.211 0.857 -15.160	2 0.638 0.578 0.301 10.308	3 0.450 0.417 -0.119 6.352	4 -0.690 -0.610 0.096 -15.653
19 0 1 -0.094 -0.178 1.129 15.134	2 0.619 0.582 0.006 7.495	3 0.447 0.411 -0.142 6.633	4 -0.690 -0.607 0.096 -15.899
19 0 1 -0.094 -0.140 1.322 8.541	2 0.599 0.595 0.630 2.730	3 0.443 0.408 -0.131 6.862	4 -0.689 -0.603 0.153 -16.576
20 0 1 -0.084 -0.102 1.311 3.090	2 0.599 0.603 0.028 -0.462	3 0.439 0.403 -0.142 7.099	4 -0.688 -0.598 0.176 -17.121
21 0 1 -0.075 -0.065 1.243 -1.103	2 0.578 0.598 -0.437 -3.037	3 0.439 0.400 -0.096 7.442	4 -0.687 -0.594 0.108 -17.710
22 0 1 -0.065 -0.038 0.709 -5.569	2 0.556 0.581 -0.800 -3.925	3 0.436 0.398 -0.051 6.976	4 -0.687 -0.591 0.051 17.938
22 0 1 -0.065 -0.024 0.199 -7.618	2 0.534 0.561 -0.471 -3.029	3 0.432 0.398 0.006 6.422	4 -0.685 -0.591 -0.040 -17.903
23 0 1 -0.055 -0.026 -0.199 -5.130	2 0.534 0.545 -0.539 -1.965	3 0.428 0.400 0.074 5.851	4 -0.684 -0.593 -0.051 -17.455
24 0 1 -0.046 -0.036 -0.369 -1.719	2 0.511 0.526 -0.778 -2.527	3 0.428 0.402 0.062 4.919	4 -0.683 -0.594 -0.017 -17.314
25 0 1 -0.037 -0.048 -0.380 0.655	2 0.488 0.504 -0.868 -2.158	3 0.425 0.405 0.062 3.767	4 -0.683 -0.593 0.006 -17.121
25 0 1 -0.037 -0.057 -0.233 3.741	2 0.465 0.484 -0.426 -1.138	3 0.421 0.406 0.051 2.747	4 -0.682 -0.591 0.108 -17.525
26 0 1 -0.028 -0.058 -0.017 5.569	2 0.465 0.463 -0.812 -0.048	3 0.418 0.407 0.040 2.211	4 -0.681 -0.587 0.165 17.895
27 0 1 -0.020 -0.054 0.267 6.018	2 0.443 0.448 -0.505 -0.998	3 0.418 0.407 -0.028 1.956	4 -0.680 -0.581 0.187 16.945
28 0 1 -0.012 -0.043 0.403 5.182	2 0.420 0.435 -0.630 -2.000	3 0.414 0.407 -0.028 1.288	4 -0.680 -0.575 0.165 16.048
28 0 1 -0.012 -0.028 0.596 2.624	2 0.399 0.419 -0.426 -1.534	3 0.410 0.407 0.006 0.734	4 -0.679 -0.569 0.165 14.879
29 0 1 -0.006 -0.012 0.539 1.323	2 0.399 0.403 -0.550 -0.989	3 0.407 0.407 -0.006 0.382	4 -0.678 -0.564 0.119 14.308
30 0 1 0.000 0.000 0.346 0.084	2 0.377 0.389 -0.448 -2.334	3 0.407 0.407 -0.017 -0.110	4 -0.677 -0.561 0.040 13.815
31 0 1 0.006 0.006 0.187 -0.400	2 0.357 0.379 -0.380 -3.934	3 0.403 0.406 -0.040 -0.620	4 -0.677 -0.560 0.040 13.648
31 0 1 0.006 0.009 0.028 -0.620	2 0.337 0.367 -0.437 -3.152	3 0.400 0.406 -0.017 -1.077	4 -0.677 -0.560 -0.040 13.780
32 0 1 0.010 0.009 -0.017 0.101	2 0.337 0.349 -0.653 -2.097	3 0.397 0.404 0.006 -1.138	4 -0.676 -0.561 -0.040 14.009
33 0 1 0.013 0.009 -0.006 0.752	2 0.319 0.331 -0.687 -2.220	3 0.397 0.408 0.096 -2.229	4 -0.675 -0.561 0.176 14.062
34 0 1 0.016 0.008 -0.006 1.200	2 0.301 0.315 -0.516 -2.264	3 0.393 0.413 0.165 -3.820	4 -0.675 -0.560 0.028 14.097
34 0 1 0.016 0.009 0.006 1.218	2 0.285 0.302 -0.301 -1.710	3 0.390 0.418 0.187 -4.356	4 -0.674 -0.559 0.017 14.070
35 0 1 0.017 0.009 -0.017 1.446	2 0.285 0.292 -0.301 -1.754	3 0.386 0.422 0.153 -6.501	4 -0.674 -0.558 0.074 13.859
36 0 1 0.017 0.010 -0.017 1.376	2 0.269 0.286 -0.233 -3.204	3 0.386 0.426 0.119 -7.503	4 -0.673 -0.556 0.062 13.490
37 0 1 0.016 0.012 0.040 0.884	2 0.255 0.277 -0.414 -3.626	3 0.383 0.429 0.119 -8.892	4 -0.673 -0.552 0.131 12.760
37 0 1 0.016 0.014 0.096 0.479	2 0.242 0.265 -0.358 -2.853	3 0.379 0.432 0.062 -9.895	4 -0.673 -0.548 0.131 12.145
38 0 1 0.014 0.014 0.040 0.066	2 0.242 0.253 -0.392 -2.176	3 0.376 0.434 0.108 -10.712	4 -0.672 -0.543 0.165 11.503
39 0 1 0.011 0.013 -0.085 -0.295	2 0.231 0.244 -0.289 -2.448	3 0.376 0.437 0.131 -11.644	4 -0.672 -0.538 0.153 10.554
40 0 1 0.007 0.012 -0.062 -0.664	2 0.220 0.235 -0.289 -2.774	3 0.373 0.439 0.062 -12.673	4 -0.672 -0.533 0.165 9.692
40 0 1 0.007 0.010 0.017 -0.664	2 0.211 0.229 -0.131 -2.545	3 0.370 0.441 0.017 -13.429	4 -0.671 -0.527 0.221 8.716
41 0 1 0.002 0.009 -0.108 -1.226	2 0.211 0.226 -0.074 -2.985	3 0.366 0.443 0.131 -14.352	4 -0.671 -0.522 0.131 7.653
42 0 1 -0.004 0.008 -0.085 -1.490	2 0.203 0.222 -0.187 -3.451	3 0.366 0.445 0.119 -15.064	4 -0.670 -0.516 0.131 6.774
43 0 1 -0.010 0.006 -0.142 -2.510	2 0.197 0.216 -0.255 -3.398	3 0.363 0.447 0.040 -16.013	4 -0.670 -0.512 0.142 6.070
43 0 1 -0.010 0.001 -0.187 -2.053	2 0.191 0.208 -0.221 -2.765	3 0.360 0.449 0.062 -17.086	4 -0.670 -0.509 0.108 5.341
44 0 1 -0.018 -0.007 -0.323 -2.158	2 0.191 0.203 -0.153 -2.431	3 0.356 0.452 0.062 -17.701	4 -0.670 -0.506 0.119 4.901
45 0 1 -0.026 -0.017 -0.358 -1.807	2 0.186 0.199 -0.131 -2.554	3 0.356 0.455 0.085 17.218	4 -0.669 -0.504 0.051 4.462
46 0 1 -0.035 -0.028 -0.414 -0.681	2 0.183 0.198 -0.040 -2.756	3 0.353 0.457 0.051 16.356	4 -0.669 -0.501 0.096 4.075
46 0 1 -0.035 -0.038 -0.289 0.224	2 0.180 0.197 -0.040 -2.800	3 0.350 0.459 0.028 15.415	4 -0.669 -0.499 0.085 3.600
47 0 1 -0.045 -0.046 -0.301 -0.127	2 0.180 0.195 -0.051 -2.862	3 0.347 0.461 0.074 14.703	4 -0.669 -0.496 0.074 3.125
48 0 1 -0.055 -0.052 -0.210 -0.593	2 0.178 0.193 -0.074 -2.958	3 0.347 0.462 0.051 14.114	4 -0.669 -0.493 0.085 2.633
49 0 1 -0.066 -0.055 -0.187 -0.919	2 0.177 0.193 0.017 -3.055	3 0.344 0.463 0.028 13.341	4 -0.669 -0.490 0.119 1.974
49 0 1 -0.066 -0.060 -0.074 -1.385	2 0.177 0.193 -0.040 -3.108	3 0.341 0.463 -0.040 12.769	4 -0.669 -0.486 0.108 1.745
50 0 1 -0.077 -0.064 -0.176 -2.360	2 0.177 0.193 -0.006 -3.143	3 0.337 0.463 -0.040 12.470	4 -0.669 -0.484 0.062 1.921
51 0 1 -0.088 -0.071 -0.289 -3.011	2 0.176 0.194 0.006 -3.231	3 0.337 0.464 0.176 11.969	4 -0.669 -0.481 0.028 1.947
52 0 1 -0.100 -0.080 -0.358 -3.275	2 0.177 0.194 -0.006 -3.213	3 0.334 0.464 0.176 11.327	4 -0.669 -0.479 0.074 1.938
52 0 1 -0.100 -0.091 -0.392 -1.657	2 0.177 0.193 0.017 -3.169	3 0.331 0.464 -0.017 10.756	4 -0.669 -0.478 -0.040 2.325
53 0 1 -0.111 -0.104 -0.471 -1.270	2 0.177 0.194 -0.028 -3.125	3 0.328 0.465 -0.040 10.457	4 -0.669 -0.479 -0.085 2.202
54 0 1 -0.123 -0.116 -0.460 -1.420	2 0.178 0.194 -0.017 -2.923	3 0.328 0.466 0.051 9.798	4 -0.669 -0.479 -0.040 1.543
55 0 1 -0.135 -0.126 -0.392 -0.497	2 0.180 0.194 0.017 -2.615	3 0.325 0.466 0.176 9.253	4 -0.669 -0.479 0.176 1.481
55 0 1 -0.135 -0.138 -0.233 0.136	2 0.183 0.194 0.006 -2.422	3 0.322 0.466 -0.062 8.840	4 -0.669 -0.479 -0.017 1.991
56 0 1 -0.147 -0.146 -0.210 -0.787	2 0.183 0.194 0.017 -2.202	3 0.319 0.466 -0.017 8.541	4 -0.669 -0.479 -0.028 1.921
57 0 1 -0.160 -0.151 -0.210 -1.508	2 0.186 0.196 0.096 -1.851	3 0.319 0.465 -0.028 8.154	4 -0.669 -0.479 0.176 1.895
58 0 1 -0.173 -0.156 -0.187 -2.413	2 0.191 0.199 0.187 -1.684	3 0.316 0.465 0.006 7.547	4 -0.669 -0.479 -0.017 1.877
58 0 1 -0.173 -0.163 -0.187 -1.921	2 0.197 0.203 0.108 -1.842	3 0.313 0.465 -0.017 7.187	4 -0.670 -0.479 -0.028 1.903
59 0 1 -0.186 -0.171 -0.312 -2.721	2 0.197 0.208 0.153 -2.123	3 0.310 0.465 -0.028 6.967	4 -0.670 -0.479 -0.028 1.868
60 0 1 -0.200 -0.183 -0.448 -3.081	2 0.203 0.212 0.096 -1.569	3 0.310 0.465 -0.028 6.607	4 -0.670 -0.479 0.006 1.851
61 0 1 -0.214 -0.195 -0.505 -2.510	2 0.211 0.215 0.165 -1.095	3 0.307 0.465 -0.017 5.930	4 -0.670 -0.479 -0.028 1.789
61 0 1 -0.214 -0.209 -0.414 -1.015	2 0.220 0.221 0.187 -1.411	3 0.305 0.464 -0.062 5.631	4 -0.671 -0.479 -0.017 1.824
62 0 1 -0.228 -0.223 -0.426 -1.156	2 0.220 0.231 0.392 -2.237	3 0.302 0.464 -0.028 5.385	4 -0.671 -0.479 -0.028 1.912
63 0 1 -0.242 -0.234 -0.505 -1.059	2 0.231 0.241 0.346 -2.123	3 0.302 0.464 -0.062 5.077	4 -0.672 -0.479 -0.028 2.062
64 0 1 -0.256 -0.244 -0.267 -1.631	2 0.242 0.249 0.335 -1.543	3 0.299 0.464 0.176 4.514	4 -0.672 -0.479 -0.040 2.009
64 0 1 -0.256 -0.252 -0.255 -1.103	2 0.255 0.255 0.142 -1.376	3 0.296 0.463 -0.017 4.145	4 -0.672 -0.479 -0.040 1.895
65 0 1 -0.271 -0.260 -0.323 -1.974	2 0.255 0.264 0.301 -1.859	3 0.293 0.464 -0.040 3.978	4 -0.673 -0.479 -0.017 1.771
66 0 1 -0.286 -0.271 -0.471 -2.492	2 0.269 0.275 0.346 -1.165	3 0.293 0.463 -0.028 3.670	4 -0.673 -0.479 0.006 1.578
67 0 1 -0.301 -0.282 -0.392 -2.774	2 0.285 0.286 0.482 -0.611	3 0.290 0.463 0.176 3.116	4 -0.673 -0.479 -0.028 1.622
67 0 1 -0.301 -0.295 -0.471 -0.945	2 0.301 0.299 0.358 -1.420	3 0.288 0.463 -0.062 2.747	4 -0.674 -0.479 -0.017 2.009
68 0 1 -0.317 -0.310 -0.494 -1.411	2 0.301 0.313 0.323 -2.299	3 0.285 0.463 -0.051 2.510	4 -0.674 -0.479 -0.040 1.974
69 0 1 -0.332 -0.321 -0.426 -1.886	2 0.319 0.325 0.482 -1.446	3 0.285 0.463 0.017 2.193	4 -0.675 -0.479 -0.017 2.000
70 0 1 -0.347 -0.333 -0.448 -1.578	2 0.337 0.337 0.573 -0.215	3 0.282 0.462 0.176 1.780	4 -0.675 -0.479 -0.028 1.956
70 0 1 -0.347 -0.347 -0.392 -0.743	2 0.357 0.350 0.346 -0.936	3 0.279 0.462 -0.051 1.798	4 -0.676 -0.479 -0.017 1.833
71 0 1 -0.363 -0.357 -0.403 -0.884	2 0.357 0.363 0.414 -1.253	3 0.277 0.462 -0.028 1.833	4 -0.677 -0.479 -0.017 1.754
72 0 1 -0.378 -0.371 -0.573 -0.840	2 0.377 0.377 0.516 0.470	3 0.277 0.462 -0.017 1.877	4 -0.677 -0.479 0.006 1.596
73 0 1 -0.393 -0.384 -0.335 -1.051	2 0.399 0.391 0.630 0.295	3 0.274 0.461 0.006 1.710	4 -0.677 -0.479 -0.028 1.684
73 0 1 -0.393 -0.395 -0.414 0.374	2 0.420 0.407 0.267 0.356	3 0.271 0.461 -0.051 1.877	4 -0.678 -0.479 0.006 1.851
74 0 1 -0.408 -0.408 -0.482 -0.154	2 0.420 0.417 0.312 0.611	3 0.269 0.461 -0.017 1.798	4 -0.679 -0.479 -0.028 1.965
75 0 1 -0.423 -0.416 -0.289 -1.191	2 0.443 0.429 0.448 2.448	3 0.269 0.461 0.176 1.824	4 -0.680 -0.479 -0.017 1.807
76 0 1 -0.437 -0.421 -0.085 -2.176	2 0.465 0.435 0.255 5.244	3 0.266 0.460 0.006 1.807	4 -0.680 -0.479 -0.040 1.226
76 0 1 -0.437 -0.425 -0.074 -2.325	2 0.488 0.440 0.108 6.255	3 0.264 0.460 -0.028 1.895	4 -0.681 -0.479 -0.017 1.068
77 0 1 -0.451 -0.431 -0.267 -3.670	2 0.488 0.449 0.142 7.705	3 0.261 0.460 -0.028 1.851	4 -0.682 -0.480 -0.074 1.956
78 0 1 -0.465 -0.436 -0.244 -5.121	2 0.511 0.458 0.278 10.246	3 0.261 0.460 0.028 1.798	4 -0.683 -0.483 -0.176 2.018