L 0 1 1 -0.509 -0.513 0.017 0.963	2 0.717 0.704 -0.062 4.505	R 109 1 3 0.188 0.201 0.006 -4.778	4 -0.742 -0.714 -0.051 -9.815
L 0 1 1 -0.509 -0.511 0.062 0.576	2 0.715 0.703 -0.017 4.488	R 110 1 3 0.186 0.200 -0.074 -4.945	4 -0.744 -0.715 -0.028 -10.440
L 1 1 1 -0.505 -0.508 0.153 0.910	2 0.715 0.704 0.119 3.846	R 111 1 3 0.184 0.197 -0.142 -4.180	4 -0.747 -0.715 -0.017 -11.099
L 2 1 1 -0.501 -0.505 0.096 1.235	2 0.713 0.705 0.006 2.774	R 111 1 3 0.184 0.196 -0.051 -4.013	4 -0.749 -0.715 -0.028 -11.073
L 3 1 1 -0.497 -0.504 0.074 2.281	2 0.711 0.705 -0.040 2.246	R 112 1 3 0.183 0.195 -0.096 -4.277	4 -0.749 -0.717 -0.028 -11.240
L 3 1 1 -0.497 -0.501 0.096 1.569	2 0.709 0.704 -0.028 2.026	R 113 1 3 0.181 0.194 0.017 -4.734	4 -0.752 -0.720 -0.096 -11.204
L 4 1 1 -0.493 -0.500 0.028 2.281	2 0.709 0.704 -0.028 1.859	R 114 1 3 0.179 0.194 -0.028 -4.831	4 -0.755 -0.723 -0.142 -11.011
L 5 1 1 -0.489 -0.498 0.040 3.073	2 0.707 0.704 -0.040 1.297	R 114 1 3 0.179 0.193 -0.040 -4.945	4 -0.758 -0.724 -0.085 -10.615
L 6 1 1 -0.485 -0.496 0.131 3.538	2 0.706 0.703 -0.074 0.919	R 115 1 3 0.178 0.193 -0.028 -5.156	4 -0.758 -0.727 -0.040 -11.125
L 6 1 1 -0.485 -0.493 0.040 2.923	2 0.704 0.702 -0.028 0.866	R 116 1 3 0.176 0.192 -0.017 -5.516	4 -0.760 -0.729 -0.085 -11.108
L 7 1 1 -0.481 -0.491 0.096 3.398	2 0.704 0.701 -0.017 0.971	R 117 1 3 0.175 0.191 -0.051 -5.429	4 -0.763 -0.731 -0.108 -11.275
L 8 1 1 -0.477 -0.488 0.096 3.969	2 0.702 0.700 -0.017 0.602	R 117 1 3 0.175 0.190 -0.028 -5.490	4 -0.766 -0.732 -0.074 -10.958
L 9 1 1 -0.473 -0.487 0.108 4.233	2 0.701 0.699 -0.062 0.409	R 118 1 3 0.173 0.190 -0.051 -5.736	4 -0.766 -0.735 -0.051 -11.196
L 9 1 1 -0.473 -0.484 0.028 3.749	2 0.699 0.699 -0.017 0.391	R 119 1 3 0.172 0.189 -0.017 -5.982	4 -0.769 -0.737 -0.085 -11.433
L 10 1 1 -0.469 -0.481 0.074 4.110	2 0.699 0.698 0.006 0.330	R 0 0 3 0.170 0.188 0.006 -5.956	4 -0.772 -0.739 -0.119 -11.407
L 11 1 1 -0.465 -0.479 0.085 4.620	2 0.697 0.697 -0.028 0.057	R 0 0 3 0.170 0.187 -0.017 -5.903	4 -0.775 -0.741 -0.108 -10.923
L 12 1 1 -0.462 -0.477 0.085 4.620	2 0.696 0.696 -0.085 -0.163	R 1 0 3 0.169 0.186 -0.062 -5.815	4 -0.775 -0.744 -0.051 -11.196
L 12 1 1 -0.462 -0.473 0.096 4.119	2 0.694 0.696 -0.074 -0.066	R 2 0 3 0.168 0.184 -0.119 -5.666	4 -0.778 -0.744 -0.028 -12.040
L 13 1 1 -0.458 -0.470 0.142 3.899	2 0.694 0.694 -0.051 0.242	R 3 0 3 0.166 0.180 -0.131 -4.505	4 -0.781 -0.744 -0.017 -13.191
L 14 1 1 -0.454 -0.465 0.153 3.600	2 0.693 0.690 -0.096 1.059	R 3 0 3 0.166 0.176 -0.131 -3.556	4 -0.784 -0.742 -0.006 -13.692
L 15 1 1 -0.450 -0.461 0.176 3.196	2 0.692 0.685 -0.210 2.413	R 4 0 3 0.165 0.173 -0.108 -3.187	4 -0.784 -0.743 -0.028 -14.554
L 15 1 1 -0.450 -0.456 0.131 1.798	2 0.690 0.682 -0.028 3.037	R 5 0 3 0.163 0.171 -0.074 -2.949	4 -0.786 -0.744 -0.074 -14.633
L 16 1 1 -0.447 -0.452 0.131 1.859	2 0.690 0.681 0.028 3.187	R 6 0 3 0.160 0.170 -0.051 -2.765	4 -0.786 -0.747 -0.176 -13.798
L 17 1 1 -0.443 -0.449 0.119 1.930	2 0.689 0.681 -0.017 2.835	R 6 0 3 0.160 0.168 -0.062 -2.809	4 -0.786 -0.751 -0.165 -12.330
L 18 1 1 -0.439 -0.446 0.142 2.053	2 0.688 0.681 -0.040 2.360	R 7 0 3 0.158 0.167 -0.062 -3.292	4 -0.786 -0.754 -0.119 -11.257
L 18 1 1 -0.439 -0.443 0.153 1.015	2 0.687 0.680 -0.051 2.290	R 8 0 3 0.154 0.165 -0.131 -3.530	4 -0.784 -0.756 -0.040 -10.053
L 19 1 1 -0.436 -0.439 0.074 1.191	2 0.687 0.680 -0.040 2.457	R 9 0 3 0.150 0.163 -0.062 -3.591	4 -0.781 -0.756 0.051 -8.910
L 20 1 1 -0.432 -0.435 0.108 1.103	2 0.685 0.677 -0.062 2.835	R 9 0 3 0.150 0.159 -0.108 -3.152	4 -0.776 -0.756 0.006 -8.708
L 21 1 1 -0.428 -0.432 0.153 0.884	2 0.684 0.674 -0.096 3.582	R 10 0 3 0.146 0.156 -0.108 -3.741	4 -0.776 -0.756 -0.062 -7.301
L 21 1 1 -0.428 -0.427 0.040 -0.189	2 0.683 0.671 -0.062 4.338	R 11 0 3 0.141 0.153 -0.176 -3.978	4 -0.770 -0.753 0.165 -6.009
L 22 1 1 -0.425 -0.426 0.176 0.127	2 0.683 0.669 -0.040 5.086	R 12 0 3 0.135 0.150 -0.153 -3.811	4 -0.761 -0.751 0.244 -4.505
L 23 1 1 -0.421 -0.422 0.153 0.224	2 0.682 0.665 -0.096 5.807	R 12 0 3 0.135 0.145 -0.153 -3.679	4 -0.751 -0.748 0.096 -4.848
L 24 1 1 -0.418 -0.419 0.096 0.136	2 0.681 0.662 -0.108 6.580	R 13 0 3 0.128 0.140 -0.221 -4.092	4 -0.751 -0.740 0.199 -3.486
L 24 1 1 -0.418 -0.415 0.165 -0.945	2 0.680 0.659 -0.153 7.776	R 14 0 3 0.121 0.134 -0.244 -4.312	4 -0.739 -0.732 0.460 -3.011
L 25 1 1 -0.414 -0.412 0.142 -0.901	2 0.680 0.655 -0.108 8.769	R 15 0 3 0.112 0.128 -0.187 -3.582	4 -0.725 -0.727 0.471 -0.233
L 26 1 1 -0.410 -0.409 0.051 -0.690	2 0.679 0.653 -0.074 9.103	R 15 0 3 0.112 0.122 -0.199 -3.459	4 -0.709 -0.720 -0.074 -1.349
L 27 1 1 -0.407 -0.406 0.051 -0.497	2 0.678 0.650 -0.096 9.851	R 16 0 3 0.104 0.117 -0.221 -4.303	4 -0.709 -0.709 0.494 0.171
L 27 1 1 -0.407 -0.403 0.062 -1.218	2 0.677 0.648 -0.074 10.580	R 17 0 3 0.095 0.109 -0.358 -4.365	4 -0.692 -0.699 0.573 1.640
L 28 1 1 -0.403 -0.401 0.096 -0.971	2 0.677 0.644 -0.108 11.626	R 18 0 3 0.085 0.099 -0.289 -2.554	4 -0.673 -0.686 0.539 2.853
L 29 1 1 -0.400 -0.398 0.085 -0.743	2 0.677 0.642 -0.040 12.101	R 18 0 3 0.085 0.089 -0.278 -1.508	4 -0.653 -0.669 0.312 -1.182
L 30 1 1 -0.397 -0.397 0.028 -0.453	2 0.676 0.640 -0.040 12.347	R 19 0 3 0.075 0.081 -0.289 -1.842	4 -0.653 -0.655 0.471 0.725
L 30 1 1 -0.397 -0.396 -0.017 -0.382	2 0.675 0.641 0.006 12.163	R 20 0 3 0.065 0.074 -0.255 -2.607	4 -0.632 -0.643 0.743 2.220
L 31 1 1 -0.393 -0.395 0.017 0.488	2 0.675 0.641 0.028 11.908	R 21 0 3 0.054 0.067 -0.165 -2.352	4 -0.610 -0.624 0.743 3.029
L 32 1 1 -0.390 -0.393 0.142 0.831	2 0.674 0.641 0.006 11.749	R 21 0 3 0.054 0.059 -0.244 -1.754	4 -0.588 -0.604 0.346 -2.105
L 33 1 1 -0.386 -0.393 -0.006 2.000	2 0.674 0.641 -0.028 11.477	R 22 0 3 0.044 0.052 -0.255 -2.809	4 -0.588 -0.588 0.550 0.295
L 33 1 1 -0.386 -0.392 0.006 1.877	2 0.673 0.641 0.006 11.530	R 23 0 3 0.034 0.046 -0.312 -3.626	4 -0.565 -0.574 0.732 2.000
L 34 1 1 -0.383 -0.391 0.040 2.835	2 0.673 0.640 -0.051 11.749	R 24 0 3 0.024 0.039 -0.187 -3.020	4 -0.541 -0.555 0.687 3.116
L 35 1 1 -0.379 -0.390 0.006 3.802	2 0.673 0.638 -0.074 12.066	R 24 0 3 0.024 0.029 -0.323 -1.930	4 -0.517 -0.537 0.369 -1.262
L 36 1 1 -0.376 -0.390 0.006 4.391	2 0.672 0.637 -0.074 12.286	R 25 0 3 0.014 0.020 -0.255 -2.202	4 -0.517 -0.517 0.732 0.189
L 36 1 1 -0.376 -0.388 0.028 4.066	2 0.672 0.636 -0.028 12.549	R 26 0 3 0.004 0.014 -0.244 -2.756	4 -0.494 -0.504 0.709 2.088
L 37 1 1 -0.373 -0.388 0.028 5.086	2 0.672 0.635 -0.006 12.690	R 27 0 3 -0.005 0.007 -0.187 -2.237	4 -0.470 -0.488 0.755 4.057
L 38 1 1 -0.370 -0.387 0.017 6.202	2 0.671 0.635 -0.028 12.602	R 27 0 3 -0.005 -0.001 -0.233 -1.455	4 -0.447 -0.465 0.505 -1.200
L 39 1 1 -0.366 -0.387 -0.006 7.064	2 0.671 0.635 -0.028 12.602	R 28 0 3 -0.013 -0.007 -0.210 -2.079	4 -0.447 -0.446 0.630 0.154
L 39 1 1 -0.366 -0.386 -0.006 7.064	2 0.670 0.634 0.006 12.681	R 29 0 3 -0.020 -0.012 -0.255 -2.633	4 -0.424 -0.434 0.687 2.026
L 40 1 1 -0.363 -0.385 0.062 7.714	2 0.670 0.634 -0.028 12.848	R 30 0 3 -0.027 -0.015 -0.131 -2.686	4 -0.402 -0.418 0.550 3.662
L 41 1 1 -0.360 -0.384 0.051 8.646	2 0.670 0.633 -0.062 13.095	R 30 0 3 -0.027 -0.021 -0.176 -2.246	4 -0.381 -0.399 0.460 -0.505
L 42 1 1 -0.356 -0.383 0.074 8.884	2 0.670 0.631 -0.062 13.516	R 31 0 3 -0.033 -0.027 -0.187 -2.413	4 -0.381 -0.380 0.596 0.127
L 42 1 1 -0.356 -0.381 0.040 8.558	2 0.669 0.629 -0.028 14.097	R 32 0 3 -0.038 -0.031 -0.187 -2.422	4 -0.360 -0.369 0.596 1.780
L 43 1 1 -0.353 -0.379 0.119 8.822	2 0.669 0.627 -0.085 14.703	R 33 0 3 -0.042 -0.034 -0.074 -2.026	4 -0.341 -0.355 0.573 3.538
L 44 1 1 -0.350 -0.377 0.028 9.323	2 0.669 0.626 -0.062 15.284	R 33 0 3 -0.042 -0.038 -0.085 -1.701	4 -0.322 -0.339 0.358 -0.268
L 45 1 1 -0.347 -0.375 0.085 9.499	2 0.669 0.624 -0.051 15.776	R 34 0 3 -0.046 -0.040 -0.040 -2.009	4 -0.322 -0.322 0.539 0.365
L 45 1 1 -0.347 -0.373 0.051 9.130	2 0.669 0.623 -0.017 16.163	R 35 0 3 -0.048 -0.041 -0.006 -2.404	4 -0.305 -0.314 0.494 2.141
L 46 1 1 -0.344 -0.371 0.051 9.323	2 0.669 0.622 -0.017 16.435	R 36 0 3 -0.049 -0.041 -0.017 -2.571	4 -0.288 -0.300 0.516 3.073
L 47 1 1 -0.341 -0.369 0.074 9.824	2 0.669 0.622 -0.040 16.585	R 36 0 3 -0.049 -0.042 -0.062 -2.378	4 -0.273 -0.286 0.289 -0.365
L 48 1 1 -0.337 -0.368 0.062 10.149	2 0.669 0.621 -0.017 16.708	R 37 0 3 -0.049 -0.042 -0.006 -2.299	4 -0.273 -0.275 0.448 0.462
L 48 1 1 -0.337 -0.365 0.062 9.701	2 0.669 0.621 -0.028 16.796	R 38 0 3 -0.047 -0.042 0.028 -2.158	4 -0.259 -0.265 0.460 1.323
L 49 1 1 -0.334 -0.364 0.040 10.237	2 0.669 0.621 0.006 16.884	R 39 0 3 -0.045 -0.042 -0.017 -1.771	4 -0.246 -0.257 0.323 2.809
L 50 1 1 -0.331 -0.362 0.017 10.765	2 0.669 0.620 0.017 16.936	R 39 0 3 -0.045 -0.041 -0.017 -1.323	4 -0.235 -0.248 0.119 0.567
L 51 1 1 -0.328 -0.360 0.074 10.853	2 0.669 0.620 0.006 16.998	R 40 0 3 -0.042 -0.040 0.062 -0.796	4 -0.235 -0.238 0.312 0.884
L 51 1 1 -0.328 -0.358 0.051 10.598	2 0.669 0.620 -0.006 17.015	R 41 0 3 -0.038 -0.038 0.062 -0.295	4 -0.225 -0.230 0.369 1.244
L 52 1 1 -0.325 -0.356 0.028 11.099	2 0.669 0.620 0.006 17.042	R 42 0 3 -0.033 -0.036 0.096 -0.312	4 -0.216 -0.225 0.165 2.800
L 53 1 1 -0.322 -0.355 0.119 11.222	2 0.669 0.620 -0.006 17.182	R 42 0 3 -0.033 -0.032 0.096 -0.171	4 -0.208 -0.219 0.051 1.226
L 54 1 1 -0.319 -0.353 0.074 11.565	2 0.669 0.620 -0.006 17.376	R 43 0 3 -0.027 -0.027 0.187 0.092	4 -0.208 -0.213 0.187 1.481
L 54 1 1 -0.319 -0.351 0.108 11.187	2 0.669 0.619 -0.017 17.446	R 44 0 3 -0.020 -0.023 0.278 0.532	4 -0.201 -0.207 0.278 1.578
L 55 1 1 -0.316 -0.350 0.006 11.802	2 0.669 0.619 -0.006 17.446	R 45 0 3 -0.012 -0.017 0.051 -0.163	4 -0.196 -0.202 0.210 1.780
L 56 1 1 -0.313 -0.348 0.085 11.890	2 0.670 0.619 -0.017 17.648	R 45 0 3 -0.012 -0.009 0.165 -0.884	4 -0.191 -0.197 0.108 0.646
L 57 1 1 -0.310 -0.346 0.096 12.127	2 0.670 0.619 -0.028 17.851	R 46 0 3 -0.004 -0.002 0.335 -0.699	4 -0.191 -0.194 -0.017 0.980
L 57 1 1 -0.310 -0.344 0.017 11.890	2 0.670 0.619 -0.028 17.991	R 47 0 3 0.005 0.004 0.346 -0.031	4 -0.187 -0.192 0.131 1.631
L 58 1 1 -0.307 -0.342 -0.006 12.347	2 0.670 0.619 -0.176 -17.877	R 48 0 3 0.015 0.010 0.142 -0.391	4 -0.184 -0.190 0.074 1.921
L 59 1 1 -0.305 -0.340 0.119 12.338	2 0.671 0.618 -0.006 -17.516	R 48 0 3 0.015 0.018 0.176 -0.989	4 -0.182 -0.188 -0.028 1.499
L 60 1 1 -0.302 -0.339 0.085 12.637	2 0.671 0.618 -0.006 -17.262	R 49 0 3 0.025 0.025 0.358 -0.180	4 -0.182 -0.188 -0.017 2.044
L 60 1 1 -0.302 -0.337 0.040 12.303	2 0.672 0.617 -0.176 -17.147	R 50 0 3 0.035 0.030 0.312 0.945	4 -0.180 -0.187 0.028 2.193
L 61 1 1 -0.299 -0.335 0.040 12.673	2 0.672 0.617 -0.017 -17.059	R 51 0 3 0.046 0.038 0.085 0.242	4 -0.179 -0.185 0.051 2.132
L 62 1 1 -0.296 -0.334 0.040 13.086	2 0.672 0.617 0.017 -16.857	R 51 0 3 0.046 0.047 0.267 -0.532	4 -0.178 -0.184 0.028 1.780
L 63 1 1 -0.293 -0.332 0.074 13.174	2 0.673 0.617 -0.006 -16.593	R 52 0 3 0.057 0.056 0.460 0.101	4 -0.178 -0.183 0.028 1.613
L 63 1 1 -0.293 -0.330 0.051 12.945	2 0.673 0.617 0.017 -16.585	R 53 0 3 0.068 0.062 0.187 1.314	4 -0.177 -0.183 -0.006 1.789
L 64 1 1 -0.290 -0.329 0.062 13.332	2 0.673 0.617 -0.017 -16.479	R 54 0 3 0.079 0.071 0.153 0.154	4 -0.177 -0.182 -0.006 1.736
L 65 1 1 -0.288 -0.327 0.119 13.648	2 0.674 0.617 -0.176 -16.224	R 54 0 3 0.079 0.082 0.267 -1.121	4 -0.178 -0.183 -0.062 1.851
L 66 1 1 -0.285 -0.326 0.051 14.000	2 0.674 0.617 0.017 -15.960	R 55 0 3 0.090 0.089 0.403 0.110	4 -0.178 -0.183 0.006 1.596
L 66 1 1 -0.285 -0.324 0.017 13.763	2 0.675 0.617 0.028 -15.890	R 56 0 3 0.102 0.097 0.380 0.954	4 -0.179 -0.183 -0.040 1.138
L 67 1 1 -0.282 -0.322 0.108 13.886	2 0.675 0.617 0.017 -15.785	R 57 0 3 0.114 0.106 0.062 0.453	4 -0.182 -0.183 -0.051 0.664
L 68 1 1 -0.279 -0.320 0.040 14.264	2 0.676 0.617 -0.006 -15.512	R 57 0 3 0.114 0.116 0.380 -0.602	4 -0.185 -0.185 -0.096 1.147
L 69 1 1 -0.277 -0.319 0.062 14.308	2 0.677 0.617 0.017 -15.284	R 58 0 3 0.127 0.126 0.414 0.242	4 -0.185 -0.189 -0.165 1.437
L 69 1 1 -0.277 -0.317 0.006 14.053	2 0.677 0.617 -0.176 -15.187	R 59 0 3 0.140 0.132 0.346 1.596	4 -0.190 -0.192 -0.028 0.787
L 70 1 1 -0.274 -0.315 0.051 14.237	2 0.677 0.617 0.017 -15.064	R 60 0 3 0.153 0.143 0.119 0.690	4 -0.195 -0.194 -0.176 -0.013
L 71 1 1 -0.271 -0.313 0.074 14.510	2 0.678 0.617 0.017 -14.651	R 60 0 3 0.153 0.154 0.346 -0.312	4 -0.202 -0.198 -0.096 1.042
L 72 1 1 -0.269 -0.312 0.028 14.844	2 0.679 0.617 -0.176 -14.404	R 61 0 3 0.166 0.164 0.448 0.470	4 -0.202 -0.204 -0.187 0.787
L 72 1 1 -0.269 -0.310 0.062 14.404	2 0.680 0.618 0.028 -14.369	R 62 0 3 0.180 0.171 0.358 1.763	4 -0.210 -0.210 -0.369 0.136
L 73 1 1 -0.266 -0.308 0.006 14.791	2 0.680 0.618 0.017 -14.202	R 63 0 3 0.194 0.184 0.233 0.259	4 -0.219 -0.216 -0.199 0.189
L 74 1 1 -0.264 -0.307 0.051 15.178	2 0.681 0.618 -0.006 -13.815	R 63 0 3 0.194 0.196 0.335 -0.655	4 -0.230 -0.225 -0.289 1.411
L 75 1 1 -0.261 -0.305 0.062 15.055	2 0.682 0.618 0.017 -13.446	R 64 0 3 0.208 0.205 0.516 0.479	4 -0.230 -0.234 -0.301 1.332
L 75 1 1 -0.261 -0.303 0.040 14.826	2 0.683 0.618 -0.006 -13.437	R 65 0 3 0.223 0.215 0.358 1.481	4 -0.242 -0.241 -0.346 0.057
L 76 1 1 -0.258 -0.302 0.040 15.187	2 0.683 0.618 -0.006 -13.323	R 66 0 3 0.237 0.226 0.074 0.857	4 -0.255 -0.248 -0.267 -0.365
L 77 1 1 -0.256 -0.300 0.062 15.319	2 0.684 0.619 -0.006 -12.963	R 66 0 3 0.237 0.239 0.403 -0.347	4 -0.269 -0.260 -0.392 1.305
L 78 1 1 -0.253 -0.299 0.051 15.415	2 0.685 0.619 0.028 -12.831	R 67 0 3 0.252 0.249 0.528 0.479	4 -0.269 -0.273 -0.369 0.523
L 78 1 1 -0.253 -0.297 0.028 15.125	2 0.687 0.620 0.017 -12.875	R 68 0 3 0.267 0.260 0.312 1.578	4 -0.285 -0.282 -0.414 0.040
L 79 1 1 -0.251 -0.295 0.028 15.626	2 0.687 0.620 0.040 -12.901	R 69 0 3 0.283 0.271 0.233 0.409	4 -0.302 -0.294 -0.437 -0.936
L 80 1 1 -0.249 -0.293 0.085 15.495	2 0.688 0.621 -0.176 -12.620	R 69 0 3 0.283 0.286 0.482 -1.086	4 -0.319 -0.308 -0.335 1.508
L 81 1 1 -0.246 -0.292 0.051 15.626	2 0.689 0.622 0.051 -12.338	R 70 0 3 0.298 0.297 0.516 0.171	4 -0.319 -0.322 -0.505 0.549
L 81 1 1 -0.246 -0.290 -0.006 15.213	2 0.690 0.622 0.017 -12.444	R 71 0 3 0.313 0.306 0.505 0.936	4 -0.338 -0.332 -0.494 -1.095
L 82 1 1 -0.244 -0.287 0.040 15.371	2 0.690 0.623 0.051 -12.409	R 72 0 3 0.328 0.319 0.096 -0.101	4 -0.358 -0.345 -0.630 -2.220
L 83 1 1 -0.241 -0.285 0.096 15.354	2 0.692 0.623 0.040 -12.004	R 72 0 3 0.328 0.332 0.380 -1.640	4 -0.378 -0.364 -0.403 1.024
L 84 1 1 -0.239 -0.283 0.074 15.108	2 0.693 0.624 0.051 -11.916	R 73 0 3 0.343 0.345 0.539 -0.769	4 -0.378 -0.378 -0.516 -0.259
L 84 1 1 -0.239 -0.281 0.028 14.651	2 0.694 0.625 0.028 -11.881	R 74 0 3 0.358 0.355 0.539 0.075	4 -0.399 -0.391 -0.664 -1.780
L 85 1 1 -0.237 -0.278 0.028 14.659	2 0.694 0.625 0.028 -11.776	R 75 0 3 0.373 0.366 0.210 -0.980	4 -0.420 -0.406 -0.550 -3.591
L 86 1 1 -0.234 -0.275 0.142 14.185	2 0.696 0.626 0.017 -11.380	R 75 0 3 0.373 0.379 0.199 -2.484	4 -0.442 -0.424 -0.437 0.312
L 87 1 1 -0.232 -0.273 0.096 14.044	2 0.697 0.627 0.051 -11.213	R 76 0 3 0.387 0.392 0.448 -1.982	4 -0.442 -0.443 -0.585 -0.303
L 87 1 1 -0.232 -0.271 0.062 13.543	2 0.699 0.628 0.074 -11.600	R 77 0 3 0.401 0.399 0.539 -0.031	4 -0.464 -0.455 -0.698 -2.026
L 88 1 1 -0.230 -0.268 0.006 13.754	2 0.699 0.629 0.096 -11.776	R 78 0 3 0.415 0.408 0.165 -0.831	4 -0.486 -0.471 -0.539 -3.741
L 89 1 1 -0.227 -0.266 0.142 13.349	2 0.701 0.631 0.062 -11.644	R 78 0 3 0.415 0.420 0.210 -1.930	4 -0.508 -0.490 -0.460 0.321
L 90 1 1 -0.225 -0.265 0.062 13.473	2 0.702 0.634 0.074 -12.092	R 79 0 3 0.428 0.431 0.448 -1.464	4 -0.508 -0.509 -0.539 -0.251
L 90 1 1 -0.225 -0.263 0.051 13.130	2 0.704 0.637 0.108 -12.769	R 80 0 3 0.440 0.437 0.482 0.119	4 -0.530 -0.521 -0.664 -1.921
L 91 1 1 -0.223 -0.260 0.028 13.270	2 0.704 0.640 0.108 -13.596	R 81 0 3 0.452 0.447 0.187 -0.866	4 -0.551 -0.536 -0.607 -3.547
L 92 1 1 -0.221 -0.258 0.119 12.954	2 0.706 0.642 0.040 -13.780	R 81 0 3 0.452 0.458 0.187 -1.930	4 -0.571 -0.554 -0.426 0.347
L 93 1 1 -0.219 -0.256 0.108 12.831	2 0.707 0.645 0.085 -14.193	R 82 0 3 0.463 0.467 0.301 -1.710	4 -0.571 -0.572 -0.539 -0.391
L 93 1 1 -0.219 -0.254 0.062 12.347	2 0.709 0.647 0.074 -14.668	R 83 0 3 0.474 0.473 0.335 -0.251	4 -0.591 -0.583 -0.528 -2.114
L 94 1 1 -0.217 -0.252 0.017 12.418	2 0.709 0.648 0.028 -14.686	R 84 0 3 0.484 0.479 0.176 -0.857	4 -0.610 -0.596 -0.550 -3.204
L 95 1 1 -0.215 -0.249 0.131 11.749	2 0.711 0.650 0.062 -14.571	R 84 0 3 0.484 0.488 0.176 -1.613	4 -0.627 -0.613 -0.369 0.189
L 96 1 1 -0.212 -0.246 0.074 11.635	2 0.713 0.652 0.085 -14.668	R 85 0 3 0.492 0.495 0.267 -1.007	4 -0.627 -0.628 -0.471 -0.338
L 96 1 1 -0.212 -0.244 0.085 10.923	2 0.715 0.654 0.062 -15.011	R 86 0 3 0.500 0.499 0.233 -0.312	4 -0.643 -0.636 -0.505 -1.842
L 97 1 1 -0.210 -0.241 0.040 10.774	2 0.715 0.656 0.040 -15.196	R 87 0 3 0.507 0.505 0.165 -0.901	4 -0.658 -0.646 -0.392 -3.020
L 98 1 1 -0.208 -0.238 0.119 10.132	2 0.717 0.657 0.028 -15.064	R 87 0 3 0.507 0.511 0.142 -1.516	4 -0.671 -0.661 -0.323 -0.031
L 99 1 1 -0.206 -0.235 0.108 9.771	2 0.719 0.659 0.062 -14.976	R 88 0 3 0.513 0.516 0.131 -1.262	4 -0.671 -0.670 -0.278 -0.673
L 99 1 1 -0.206 -0.233 0.085 8.989	2 0.721 0.660 0.062 -15.292	R 89 0 3 0.517 0.518 0.051 -0.479	4 -0.683 -0.676 -0.301 -2.044
L 100 1 1 -0.204 -0.230 0.062 8.919	2 0.721 0.662 0.062 -15.433	R 90 0 3 0.521 0.518 -0.006 0.084	4 -0.693 -0.684 -0.255 -2.571
L 101 1 1 -0.202 -0.228 0.074 8.673	2 0.723 0.664 0.085 -15.433	R 90 0 3 0.521 0.521 0.085 0.066	4 -0.701 -0.690 -0.096 -1.297
L 102 1 1 -0.200 -0.226 0.062 8.620	2 0.725 0.668 0.165 -16.022	R 91 0 3 0.523 0.521 0.006 0.840	4 -0.701 -0.696 -0.176 -2.193
L 102 1 1 -0.200 -0.224 0.040 8.409	2 0.727 0.673 0.165 -17.499	R 92 0 3 0.525 0.521 0.040 1.332	4 -0.708 -0.700 -0.267 -2.862
L 103 1 1 -0.199 -0.224 -0.040 8.971	2 0.727 0.679 0.187 16.831	R 93 0 3 0.525 0.521 -0.028 1.525	4 -0.713 -0.703 -0.187 -3.257
L 104 1 1 -0.197 -0.224 0.028 9.543	2 0.730 0.684 0.176 15.873	R 93 0 3 0.525 0.521 -0.006 1.648	4 -0.717 -0.708 -0.062 -2.316
L 105 1 1 -0.195 -0.224 0.051 9.877	2 0.732 0.688 0.165 15.345	R 94 0 3 0.525 0.521 0.028 1.587	4 -0.717 -0.711 -0.096 -2.026
L 105 1 1 -0.195 -0.223 0.028 9.648	2 0.734 0.691 0.085 14.501	R 95 0 3 0.524 0.520 -0.062 1.490	4 -0.719 -0.713 -0.051 -2.431
L 106 1 1 -0.193 -0.221 0.028 9.771	2 0.734 0.693 0.051 14.492	R 96 0 3 0.522 0.518 -0.040 1.736	4 -0.721 -0.713 -0.006 -2.774
L 107 1 1 -0.191 -0.220 0.051 9.912	2 0.737 0.694 -0.006 14.976	R 96 0 3 0.522 0.516 -0.108 2.220	4 -0.721 -0.712 0.017 -2.967
L 108 1 1 -0.189 -0.218 0.028 9.754	2 0.739 0.695 0.028 15.424	R 97 0 3 0.519 0.513 -0.040 2.035	4 -0.721 -0.712 -0.006 -3.090
L 108 1 1 -0.189 -0.216 0.051 9.297	2 0.742 0.696 0.051 15.503	R 98 0 3 0.516 0.512 -0.074 1.613	4 -0.720 -0.712 -0.017 -2.853
L 109 1 1 -0.188 -0.215 0.028 9.446	2 0.742 0.697 0.017 15.697	R 99 0 3 0.512 0.509 -0.096 1.648	4 -0.719 -0.712 0.028 -2.527
L 110 1 1 -0.186 -0.214 -0.006 9.842	2 0.744 0.699 0.074 16.022	R 99 0 3 0.512 0.507 -0.051 1.833	4 -0.717 -0.712 -0.017 -2.457
L 111 1 1 -0.184 -0.214 0.017 10.053	2 0.747 0.701 0.074 16.013	R 0 1 3 0.509 0.506 -0.062 1.033	4 -0.717 -0.711 0.006 -2.026
L 111 1 1 -0.184 -0.213 0.028 10.026	2 0.749 0.702 0.051 15.873	R 1 1 3 0.505 0.504 -0.153 0.470	4 -0.715 -0.711 0.028 -1.640
L 112 1 1 -0.183 -0.212 0.040 10.404	2 0.749 0.703 -0.028 16.189	R 2 1 3 0.501 0.501 -0.119 0.884	4 -0.713 -0.716 -0.142 0.286
L 113 1 1 -0.181 -0.210 0.096 9.877	2 0.752 0.703 -0.017 17.051	R 2 1 3 0.501 0.498 0.062 0.769	4 -0.711 -0.715 0.131 0.400
L 114 1 1 -0.179 -0.208 0.017 9.903	2 0.755 0.704 0.062 17.543	R 3 1 3 0.497 0.496 -0.176 0.277	4 -0.711 -0.715 0.006 1.086
L 114 1 1 -0.179 -0.207 0.051 9.587	2 0.758 0.706 0.085 17.367	R 4 1 3 0.493 0.493 -0.153 -0.057	4 -0.709 -0.714 0.062 1.314
L 115 1 1 -0.178 -0.207 0.017 9.991	2 0.758 0.709 0.085 17.209	R 5 1 3 0.489 0.492 -0.051 -0.066	4 -0.707 -0.712 0.040 1.640
L 116 1 1 -0.176 -0.206 0.006 10.255	2 0.760 0.711 0.074 17.402	R 5 1 3 0.489 0.488 -0.085 0.189	4 -0.706 -0.713 -0.017 1.798
L 117 1 1 -0.175 -0.205 0.028 10.308	2 0.763 0.713 0.074 17.560	R 6 1 3 0.485 0.487 -0.108 -0.655	4 -0.706 -0.712 0.006 2.308
L 117 1 1 -0.175 -0.204 0.017 10.167	2 0.766 0.715 0.051 17.385	R 7 1 3 0.481 0.485 -0.119 -1.077	4 -0.704 -0.712 0.028 2.615
L 118 1 1 -0.173 -0.204 0.028 10.448	2 0.766 0.718 0.062 17.059	R 8 1 3 0.477 0.481 -0.051 -0.620	4 -0.702 -0.711 0.017 3.143
L 119 1 1 -0.172 -0.203 0.006 10.774	2 0.769 0.720 0.017 17.349	R 8 1 3 0.477 0.478 -0.017 -0.488	4 -0.701 -0.712 -0.028 3.240
L 0 0 1 -0.170 -0.202 0.028 10.835	2 0.772 0.723 0.108 17.270	R 9 1 3 0.473 0.475 -0.176 -0.558	4 -0.701 -0.711 0.028 3.495
L 0 0 1 -0.170 -0.200 0.074 10.466	2 0.775 0.725 0.074 17.007	R 10 1 3 0.469 0.473 -0.142 -0.927	4 -0.699 -0.709 0.062 3.538
L 1 0 1 -0.169 -0.199 0.062 10.360	2 0.775 0.726 -0.017 17.393	R 11 1 3 0.465 0.470 -0.051 -0.681	4 -0.697 -0.708 0.062 3.477
L 2 0 1 -0.168 -0.196 0.085 9.771	2 0.778 0.725 -0.040 -17.288	R 11 1 3 0.465 0.465 -0.108 0.031	4 -0.696 -0.706 0.062 2.853
L 3 0 1 -0.166 -0.192 0.119 8.567	2 0.781 0.724 -0.017 -15.943	R 12 1 3 0.462 0.463 -0.244 -0.286	4 -0.696 -0.702 0.074 2.114
L 3 0 1 -0.166 -0.187 0.074 7.521	2 0.784 0.723 -0.176 -15.389	R 13 1 3 0.458 0.459 -0.074 -0.127	4 -0.694 -0.699 0.051 1.692
L 4 0 1 -0.165 -0.185 0.028 7.196	2 0.784 0.724 0.074 -15.187	R 14 1 3 0.454 0.455 -0.085 0.673	4 -0.693 -0.698 0.028 1.675
L 5 0 1 -0.163 -0.183 0.028 6.897	2 0.786 0.726 0.040 -15.046	R 14 1 3 0.454 0.451 -0.062 0.945	4 -0.692 -0.698 -0.017 1.675
L 6 0 1 -0.160 -0.181 0.062 6.862	2 0.786 0.729 0.108 -16.031	R 15 1 3 0.450 0.448 -0.187 0.769	4 -0.692 -0.698 0.017 2.070
L 6 0 1 -0.160 -0.179 0.062 6.492	2 0.786 0.732 0.108 -17.042	R 16 1 3 0.447 0.446 -0.176 0.541	4 -0.690 -0.698 0.028 2.484
L 7 0 1 -0.158 -0.178 0.096 6.774	2 0.786 0.736 0.131 17.560	R 17 1 3 0.443 0.442 -0.085 0.936	4 -0.689 -0.697 0.062 2.686
L 8 0 1 -0.154 -0.175 0.085 7.204	2 0.784 0.738 0.040 16.435	R 17 1 3 0.443 0.438 -0.119 1.745	4 -0.688 -0.696 0.040 2.202
L 9 0 1 -0.150 -0.172 0.153 7.064	2 0.781 0.738 -0.074 15.380	R 18 1 3 0.439 0.434 -0.131 1.921	4 -0.688 -0.694 0.074 1.921
L 9 0 1 -0.150 -0.168 0.085 6.246	2 0.776 0.737 -0.006 14.747	R 19 1 3 0.436 0.430 -0.210 2.114	4 -0.687 -0.691 0.142 1.349
L 10 0 1 -0.146 -0.165 0.131 6.396	2 0.776 0.736 0.006 13.965	R 20 1 3 0.432 0.426 -0.108 2.668	4 -0.685 -0.688 0.074 0.892
L 11 0 1 -0.141 -0.160 0.153 6.747	2 0.770 0.733 -0.085 12.514	R 20 1 3 0.432 0.422 -0.096 3.310	4 -0.684 -0.686 -0.062 0.426
L 12 0 1 -0.135 -0.157 0.108 7.152	2 0.761 0.731 -0.221 10.879	R 21 1 3 0.428 0.419 -0.142 3.477	4 -0.684 -0.685 0.131 0.277
L 12 0 1 -0.135 -0.152 0.119 6.070	2 0.751 0.730 -0.062 9.938	R 22 1 3 0.425 0.415 -0.187 3.574	4 -0.683 -0.681 0.153 -0.892
L 13 0 1 -0.128 -0.148 0.142 6.756	2 0.751 0.724 -0.119 9.068	R 23 1 3 0.421 0.411 -0.142 4.418	4 -0.682 -0.677 0.142 -2.088
L 14 0 1 -0.121 -0.142 0.199 7.424	2 0.739 0.718 -0.131 6.993	R 23 1 3 0.421 0.407 -0.142 5.103	4 -0.681 -0.672 0.142 -3.670
L 15 0 1 -0.112 -0.137 0.131 7.793	2 0.725 0.711 -0.369 5.165	R 24 1 3 0.418 0.403 -0.165 5.086	4 -0.681 -0.668 0.176 -4.875
L 15 0 1 -0.112 -0.130 0.199 6.105	2 0.709 0.705 -0.187 4.418	R 25 1 3 0.414 0.400 -0.165 5.218	4 -0.680 -0.664 0.165 -5.877
L 16 0 1 -0.104 -0.123 0.301 6.422	2 0.709 0.697 -0.267 4.321	R 26 1 3 0.410 0.396 -0.062 5.815	4 -0.679 -0.660 0.074 -6.176
L 17 0 1 -0.095 -0.115 0.233 6.976	2 0.692 0.687 -0.187 0.593	R 26 1 3 0.410 0.393 -0.074 6.316	4 -0.678 -0.658 0.074 -7.512
L 18 0 1 -0.085 -0.107 0.289 6.774	2 0.673 0.680 -0.550 -0.453	R 27 1 3 0.407 0.390 -0.108 5.868	4 -0.678 -0.655 0.074 -8.435
L 18 0 1 -0.085 -0.096 0.403 3.705	2 0.653 0.669 -0.301 -0.488	R 28 1 3 0.403 0.388 -0.017 5.464	4 -0.677 -0.653 0.028 -8.576
L 19 0 1 -0.075 -0.085 0.437 3.125	2 0.653 0.654 -0.403 -0.602	R 29 1 3 0.400 0.387 -0.028 5.341	4 -0.677 -0.653 0.006 -8.532
L 20 0 1 -0.065 -0.073 0.380 2.791	2 0.632 0.638 -0.675 -1.745	R 29 1 3 0.400 0.385 -0.051 5.138	4 -0.676 -0.653 -0.017 -8.426
L 21 0 1 -0.054 -0.063 0.278 1.912	2 0.610 0.627 -0.607 -4.505	R 30 1 3 0.397 0.385 -0.096 4.163	4 -0.676 -0.653 0.028 -8.242
L 21 0 1 -0.054 -0.054 0.312 -0.189	2 0.588 0.615 -0.221 -4.435	R 31 1 3 0.393 0.384 -0.085 3.424	4 -0.675 -0.653 0.017 -7.952
L 22 0 1 -0.044 -0.044 0.392 0.040	2 0.588 0.595 -0.539 -3.134	R 32 1 3 0.390 0.382 -0.028 3.116	4 -0.674 -0.653 0.040 -7.837
L 23 0 1 -0.034 -0.036 0.426 0.224	2 0.565 0.577 -0.857 -3.618	R 32 1 3 0.390 0.381 -0.040 2.914	4 -0.674 -0.653 0.006 -7.899
L 24 0 1 -0.024 -0.030 0.380 0.576	2 0.541 0.562 -0.721 -5.877	R 33 1 3 0.386 0.380 -0.131 2.396	4 -0.674 -0.652 0.006 -7.899
L 24 0 1 -0.024 -0.023 0.119 -0.330	2 0.517 0.544 -0.199 -4.804	R 34 1 3 0.383 0.379 -0.051 1.473	4 -0.673 -0.651 0.017 -8.110
L 25 0 1 -0.014 -0.015 0.119 0.611	2 0.517 0.527 -0.562 -3.530	R 35 1 3 0.379 0.377 -0.062 1.543	4 -0.673 -0.648 0.096 -8.708
L 26 0 1 -0.004 -0.007 0.403 0.673	2 0.494 0.507 -0.902 -3.890	R 35 1 3 0.379 0.375 -0.040 1.578	4 -0.672 -0.646 0.131 -9.701
L 27 0 1 0.005 -0.001 0.380 0.505	2 0.470 0.490 -0.755 -5.807	R 36 1 3 0.376 0.373 -0.040 1.068	4 -0.672 -0.643 0.142 -10.273
L 27 0 1 0.005 0.006 0.131 -0.470	2 0.447 0.473 -0.221 -4.752	R 37 1 3 0.373 0.372 -0.062 0.549	4 -0.672 -0.641 0.074 -10.677
L 28 0 1 0.013 0.012 0.165 0.233	2 0.447 0.456 -0.448 -3.653	R 38 1 3 0.370 0.371 -0.051 0.330	4 -0.671 -0.640 0.051 -11.152
L 29 0 1 0.020 0.018 0.346 0.576	2 0.424 0.437 -0.800 -4.453	R 38 1 3 0.370 0.369 -0.040 -0.031	4 -0.671 -0.639 0.006 -11.521
L 30 0 1 0.027 0.023 0.255 0.708	2 0.402 0.422 -0.698 -5.684	R 39 1 3 0.366 0.367 -0.074 -0.435	4 -0.671 -0.638 0.006 -11.582
L 30 0 1 0.027 0.026 0.051 0.356	2 0.381 0.405 -0.199 -4.470	R 40 1 3 0.363 0.367 -0.051 -1.341	4 -0.670 -0.638 0.040 -11.574
L 31 0 1 0.033 0.030 0.074 1.007	2 0.381 0.391 -0.471 -3.565	R 41 1 3 0.360 0.366 -0.017 -0.664	4 -0.670 -0.637 0.006 -11.556
L 32 0 1 0.038 0.035 0.108 0.980	2 0.360 0.373 -0.812 -4.154	R 41 1 3 0.360 0.366 -0.017 -2.281	4 -0.670 -0.637 0.006 -11.679
L 33 0 1 0.042 0.039 0.108 0.611	2 0.341 0.359 -0.619 -5.596	R 42 1 3 0.356 0.366 0.006 -3.310	4 -0.670 -0.636 -0.028 -11.644
L 33 0 1 0.042 0.042 0.006 0.207	2 0.322 0.345 -0.108 -4.743	R 43 1 3 0.353 0.365 -0.040 -4.084	4 -0.669 -0.636 0.017 -11.626
L 34 0 1 0.046 0.043 0.006 0.963	2 0.322 0.334 -0.358 -4.233	R 44 1 3 0.350 0.365 -0.006 -4.558	4 -0.669 -0.636 0.040 -11.899
L 35 0 1 0.048 0.043 0.006 1.411	2 0.305 0.318 -0.573 -4.593	R 44 1 3 0.350 0.363 -0.040 -4.866	4 -0.669 -0.635 0.051 -12.338
L 36 0 1 0.049 0.044 -0.006 1.376	2 0.288 0.305 -0.550 -5.288	R 45 1 3 0.347 0.363 -0.040 -5.596	4 -0.669 -0.633 0.040 -12.681
L 36 0 1 0.049 0.044 -0.051 1.552	2 0.273 0.294 -0.165 -4.488	R 46 1 3 0.344 0.361 -0.131 -5.851	4 -0.669 -0.632 0.040 -13.121
L 37 0 1 0.049 0.044 -0.006 1.411	2 0.273 0.283 -0.380 -3.618	R 47 1 3 0.341 0.360 -0.028 -6.026	4 -0.669 -0.631 0.040 -13.516
L 38 0 1 0.047 0.044 0.017 1.042	2 0.259 0.273 -0.403 -4.813	R 47 1 3 0.341 0.358 -0.108 -6.202	4 -0.669 -0.629 0.040 -13.947
L 39 0 1 0.045 0.044 -0.062 0.426	2 0.246 0.263 -0.426 -5.235	R 48 1 3 0.337 0.356 -0.028 -6.835	4 -0.669 -0.629 -0.006 -14.123
L 39 0 1 0.045 0.044 -0.028 0.365	2 0.235 0.255 -0.187 -4.374	R 49 1 3 0.334 0.355 -0.108 -7.099	4 -0.669 -0.628 -0.006 -14.193
L 40 0 1 0.042 0.043 -0.051 -0.277	2 0.235 0.245 -0.278 -3.785	R 50 1 3 0.331 0.354 -0.028 -7.327	4 -0.669 -0.629 -0.017 -14.167
L 41 0 1 0.038 0.042 -0.028 -1.393	2 0.225 0.239 -0.278 -4.743	R 50 1 3 0.331 0.352 -0.040 -7.398	4 -0.669 -0.629 0.028 -14.176
L 42 0 1 0.033 0.042 0.006 -1.314	2 0.216 0.231 -0.289 -5.068	R 51 1 3 0.328 0.350 -0.108 -7.811	4 -0.669 -0.628 -0.017 -14.211
L 42 0 1 0.033 0.040 -0.085 -2.571	2 0.208 0.226 -0.096 -4.664	R 52 1 3 0.325 0.349 -0.108 -8.084	4 -0.669 -0.628 -0.040 -14.229
L 43 0 1 0.027 0.037 -0.085 -3.749	2 0.208 0.220 -0.187 -4.127	R 53 1 3 0.322 0.347 -0.085 -8.057	4 -0.669 -0.628 0.006 -14.325
L 44 0 1 0.020 0.033 -0.187 -4.716	2 0.201 0.215 -0.142 -4.637	R 53 1 3 0.322 0.346 -0.051 -8.251	4 -0.669 -0.628 0.028 -14.404
L 45 0 1 0.012 0.028 -0.255 -4.708	2 0.196 0.210 -0.187 -5.024	R 54 1 3 0.319 0.343 -0.040 -8.664	4 -0.669 -0.628 -0.006 -14.615
L 45 0 1 0.012 0.022 -0.244 -3.257	2 0.191 0.207 -0.119 -4.840	R 55 1 3 0.316 0.341 -0.119 -8.646	4 -0.669 -0.627 0.028 -14.774
L 46 0 1 0.004 0.015 -0.199 -3.916	2 0.191 0.204 -0.119 -4.277	R 56 1 3 0.313 0.339 -0.108 -8.479	4 -0.670 -0.627 0.006 -15.055
L 47 0 1 -0.005 0.007 -0.233 -4.233	2 0.187 0.199 -0.096 -4.268	R 56 1 3 0.313 0.337 -0.074 -8.391	4 -0.670 -0.627 0.028 -15.222
L 48 0 1 -0.015 -0.000 -0.301 -4.048	2 0.184 0.196 -0.085 -4.391	R 57 1 3 0.310 0.335 -0.017 -8.919	4 -0.670 -0.626 -0.006 -15.530
L 48 0 1 -0.015 -0.009 -0.278 -2.070	2 0.182 0.196 -0.006 -4.567	R 58 1 3 0.307 0.333 -0.096 -8.725	4 -0.670 -0.625 0.006 -15.925
L 49 0 1 -0.025 -0.016 -0.233 -3.125	2 0.182 0.195 -0.085 -4.523	R 59 1 3 0.305 0.331 -0.085 -8.558	4 -0.671 -0.625 0.006 -16.224
L 50 0 1 -0.035 -0.024 -0.267 -3.987	2 0.180 0.193 -0.017 -4.664	R 59 1 3 0.305 0.329 -0.074 -8.629	4 -0.671 -0.624 -0.006 -16.409
L 51 0 1 -0.046 -0.031 -0.335 -3.864	2 0.179 0.191 -0.119 -4.558	R 60 1 3 0.302 0.327 -0.006 -9.174	4 -0.671 -0.624 -0.006 -16.629
L 51 0 1 -0.046 -0.039 -0.267 -2.264	2 0.178 0.191 -0.028 -4.374	R 61 1 3 0.299 0.325 -0.119 -9.068	4 -0.672 -0.624 -0.017 -16.857
L 52 0 1 -0.057 -0.047 -0.244 -3.152	2 0.178 0.190 -0.074 -4.251	R 62 1 3 0.296 0.324 -0.062 -9.095	4 -0.672 -0.624 -0.006 -16.980
L 53 0 1 -0.068 -0.056 -0.278 -4.110	2 0.177 0.189 0.028 -4.242	R 62 1 3 0.296 0.322 -0.108 -9.156	4 -0.673 -0.624 0.006 -16.963
L 54 0 1 -0.079 -0.064 -0.346 -3.916	2 0.177 0.189 0.006 -4.215	R 63 1 3 0.293 0.320 -0.006 -9.719	4 -0.673 -0.624 -0.017 -17.235
L 54 0 1 -0.079 -0.073 -0.312 -2.132	2 0.178 0.189 -0.017 -4.040	R 64 1 3 0.290 0.318 -0.131 -9.701	4 -0.673 -0.624 0.006 -17.385
L 55 0 1 -0.090 -0.081 -0.255 -3.099	2 0.178 0.189 -0.006 -3.943	R 65 1 3 0.288 0.317 -0.085 -9.719	4 -0.674 -0.624 0.006 -17.596
L 56 0 1 -0.102 -0.091 -0.323 -4.075	2 0.179 0.190 0.017 -3.723	R 65 1 3 0.288 0.316 -0.051 -9.771	4 -0.674 -0.624 -0.017 -17.604
L 57 0 1 -0.114 -0.099 -0.323 -3.934	2 0.182 0.190 0.017 -3.152	R 66 1 3 0.285 0.313 -0.006 -10.334	4 -0.674 -0.624 -0.017 -17.851
L 57 0 1 -0.114 -0.109 -0.312 -1.815	2 0.185 0.192 0.051 -3.213	R 67 1 3 0.282 0.311 -0.119 -10.281	4 -0.675 -0.624 0.006 18.000
L 58 0 1 -0.127 -0.118 -0.312 -3.178	2 0.185 0.196 0.142 -3.705	R 68 1 3 0.279 0.310 -0.085 -10.070	4 -0.676 -0.624 -0.028 17.833
L 59 0 1 -0.140 -0.127 -0.278 -4.330	2 0.190 0.199 0.131 -3.512	R 68 1 3 0.279 0.308 -0.085 -10.158	4 -0.677 -0.624 0.176 17.815
L 60 0 1 -0.153 -0.136 -0.335 -4.699	2 0.195 0.201 0.096 -2.536	R 69 1 3 0.277 0.307 0.017 -10.738	4 -0.677 -0.624 -0.017 17.587
L 60 0 1 -0.153 -0.146 -0.369 -2.501	2 0.202 0.205 0.108 -2.809	R 70 1 3 0.274 0.304 -0.096 -10.413	4 -0.677 -0.624 0.176 17.349
L 61 0 1 -0.166 -0.155 -0.346 -3.591	2 0.202 0.213 0.233 -3.767	R 71 1 3 0.271 0.303 -0.131 -10.158	4 -0.678 -0.625 -0.040 17.191
L 62 0 1 -0.180 -0.166 -0.335 -4.629	2 0.210 0.220 0.221 -3.679	R 71 1 3 0.271 0.301 -0.062 -10.237	4 -0.679 -0.625 -0.051 17.235
L 63 0 1 -0.194 -0.176 -0.369 -4.708	2 0.219 0.225 0.255 -2.475	R 72 1 3 0.269 0.299 0.017 -10.774	4 -0.679 -0.626 -0.028 17.156
L 63 0 1 -0.194 -0.187 -0.380 -2.229	2 0.230 0.232 0.142 -3.090	R 73 1 3 0.266 0.296 -0.131 -10.554	4 -0.680 -0.626 -0.017 16.980
L 64 0 1 -0.208 -0.198 -0.346 -3.609	2 0.230 0.241 0.210 -3.855	R 74 1 3 0.264 0.295 -0.131 -10.290	4 -0.681 -0.627 -0.051 16.778
L 65 0 1 -0.223 -0.208 -0.358 -4.602	2 0.242 0.250 0.392 -3.204	R 74 1 3 0.264 0.293 -0.108 -10.202	4 -0.682 -0.627 -0.051 16.875
L 66 0 1 -0.237 -0.219 -0.392 -4.980	2 0.255 0.258 0.392 -1.974	R 75 1 3 0.261 0.290 0.006 -10.738	4 -0.682 -0.628 -0.062 16.945
L 66 0 1 -0.237 -0.231 -0.414 -2.176	2 0.269 0.268 0.244 -2.290	R 76 1 3 0.258 0.288 -0.176 -10.334	4 -0.683 -0.629 -0.040 16.963
L 67 0 1 -0.252 -0.243 -0.437 -3.037	2 0.269 0.279 0.233 -3.600	R 77 1 3 0.256 0.287 -0.096 -10.202	4 -0.684 -0.630 -0.051 17.103
L 68 0 1 -0.267 -0.255 -0.414 -3.952	2 0.285 0.292 0.403 -2.703	R 77 1 3 0.256 0.286 -0.085 -10.220	4 -0.685 -0.632 -0.051 17.446
L 69 0 1 -0.283 -0.267 -0.460 -3.820	2 0.302 0.302 0.641 -0.848	R 78 1 3 0.253 0.282 0.017 -10.615	4 -0.685 -0.633 -0.074 17.516
L 69 0 1 -0.283 -0.280 -0.448 -0.681	2 0.319 0.312 0.278 -1.569	R 79 1 3 0.251 0.280 -0.187 -10.009	4 -0.687 -0.634 -0.051 17.437
L 70 0 1 -0.298 -0.292 -0.403 -1.965	2 0.319 0.325 0.199 -2.229	R 80 1 3 0.249 0.278 -0.131 -9.842	4 -0.688 -0.635 -0.074 17.552
L 71 0 1 -0.313 -0.303 -0.380 -2.897	2 0.338 0.340 0.550 -0.804	R 80 1 3 0.249 0.276 -0.040 -9.631	4 -0.689 -0.636 -0.028 17.824
L 72 0 1 -0.328 -0.317 -0.448 -2.149	2 0.358 0.352 0.619 0.716	R 81 1 3 0.246 0.273 -0.017 -9.719	4 -0.689 -0.636 -0.051 17.631
L 72 0 1 -0.328 -0.330 -0.448 0.075	2 0.378 0.364 0.289 -0.154	R 82 1 3 0.244 0.270 -0.153 -8.989	4 -0.690 -0.638 -0.040 17.376
L 73 0 1 -0.343 -0.342 -0.528 -0.207	2 0.378 0.381 0.369 -0.822	R 83 1 3 0.241 0.268 -0.062 -8.848	4 -0.692 -0.638 -0.040 17.262
L 74 0 1 -0.358 -0.354 -0.505 -0.637	2 0.399 0.397 0.516 0.716	R 83 1 3 0.241 0.265 -0.051 -8.435	4 -0.693 -0.639 -0.062 17.613
L 75 0 1 -0.373 -0.367 -0.448 -0.031	2 0.420 0.410 0.789 2.009	R 84 1 3 0.239 0.262 -0.006 -8.576	4 -0.693 -0.641 -0.051 17.613
L 75 0 1 -0.373 -0.379 -0.460 2.325	2 0.442 0.423 0.210 1.771	R 85 1 3 0.237 0.260 -0.187 -7.820	4 -0.694 -0.642 -0.062 17.508
L 76 0 1 -0.387 -0.391 -0.426 1.376	2 0.442 0.440 0.426 1.174	R 86 1 3 0.234 0.258 -0.119 -7.565	4 -0.696 -0.643 -0.074 17.525
L 77 0 1 -0.401 -0.403 -0.414 0.919	2 0.464 0.456 0.607 2.844	R 86 1 3 0.234 0.255 -0.096 -7.266	4 -0.697 -0.645 -0.085 -17.912
L 78 0 1 -0.415 -0.414 -0.380 1.727	2 0.486 0.469 0.732 4.629	R 87 1 3 0.232 0.252 -0.017 -7.389	4 -0.697 -0.647 -0.051 -17.710
L 78 0 1 -0.415 -0.427 -0.437 4.127	2 0.508 0.485 0.312 3.389	R 88 1 3 0.230 0.250 -0.153 -6.993	4 -0.699 -0.649 -0.074 -17.640
L 79 0 1 -0.428 -0.437 -0.289 3.275	2 0.508 0.500 0.505 2.853	R 89 1 3 0.227 0.248 -0.119 -6.334	4 -0.701 -0.651 -0.096 -17.200
L 80 0 1 -0.440 -0.446 -0.369 2.404	2 0.530 0.516 0.743 4.057	R 89 1 3 0.227 0.245 -0.085 -6.299	4 -0.702 -0.654 -0.062 -16.637
L 81 0 1 -0.452 -0.456 -0.346 2.097	2 0.551 0.531 0.630 5.516	R 90 1 3 0.225 0.242 -0.006 -6.211	4 -0.702 -0.655 -0.096 -16.356
L 81 0 1 -0.452 -0.466 -0.312 5.007	2 0.571 0.548 0.346 3.609	R 91 1 3 0.223 0.239 -0.108 -5.692	4 -0.704 -0.657 -0.062 -16.585
L 82 0 1 -0.463 -0.472 -0.187 3.125	2 0.571 0.563 0.482 2.747	R 92 1 3 0.221 0.236 -0.131 -4.848	4 -0.706 -0.659 -0.108 -16.409
L 83 0 1 -0.474 -0.478 -0.267 1.666	2 0.591 0.579 0.698 3.662	R 92 1 3 0.221 0.234 -0.062 -4.567	4 -0.707 -0.661 -0.085 -15.916
L 84 0 1 -0.484 -0.486 -0.255 1.270	2 0.610 0.595 0.630 4.286	R 93 1 3 0.219 0.231 -0.028 -4.629	4 -0.707 -0.662 -0.074 -15.837
L 84 0 1 -0.484 -0.492 -0.267 3.363	2 0.627 0.607 0.108 3.468	R 94 1 3 0.217 0.228 -0.108 -4.180	4 -0.709 -0.665 -0.085 -15.873
L 85 0 1 -0.492 -0.498 -0.221 2.255	2 0.627 0.619 0.403 2.721	R 95 1 3 0.215 0.226 -0.131 -3.495	4 -0.711 -0.666 -0.108 -15.688
L 86 0 1 -0.500 -0.505 -0.244 1.868	2 0.643 0.632 0.573 3.486	R 95 1 3 0.215 0.223 -0.074 -3.108	4 -0.713 -0.668 -0.051 -15.108
L 87 0 1 -0.507 -0.511 -0.278 2.211	2 0.658 0.645 0.494 3.952	R 96 1 3 0.212 0.221 0.006 -3.398	4 -0.713 -0.670 -0.062 -15.029
L 87 0 1 -0.507 -0.517 -0.165 3.662	2 0.671 0.654 0.165 3.327	R 97 1 3 0.210 0.218 -0.119 -2.782	4 -0.715 -0.673 -0.085 -14.791
L 88 0 1 -0.513 -0.520 -0.085 2.571	2 0.671 0.663 0.255 2.923	R 98 1 3 0.208 0.216 -0.142 -2.325	4 -0.717 -0.675 -0.119 -14.475
L 89 0 1 -0.517 -0.522 -0.074 1.763	2 0.683 0.671 0.437 3.776	R 98 1 3 0.208 0.215 -0.085 -2.132	4 -0.719 -0.678 -0.119 -13.736
L 90 0 1 -0.521 -0.524 -0.017 1.209	2 0.693 0.679 0.278 4.277	R 99 1 3 0.206 0.212 -0.040 -2.308	4 -0.719 -0.680 -0.108 -13.490
L 90 0 1 -0.521 -0.524 -0.028 1.130	2 0.701 0.683 0.040 4.435	R 100 1 3 0.204 0.210 -0.096 -1.991	4 -0.721 -0.683 -0.108 -13.262
L 91 0 1 -0.523 -0.524 0.006 0.207	2 0.701 0.689 0.176 4.382	R 101 1 3 0.202 0.209 -0.062 -1.877	4 -0.723 -0.687 -0.187 -12.444
L 92 0 1 -0.525 -0.525 -0.028 -0.040	2 0.708 0.694 0.165 4.769	R 101 1 3 0.202 0.208 -0.017 -1.982	4 -0.725 -0.691 -0.153 -11.354
L 93 0 1 -0.525 -0.525 -0.006 -0.286	2 0.713 0.697 0.165 5.393	R 102 1 3 0.200 0.207 -0.040 -2.501	4 -0.725 -0.694 -0.119 -10.818
L 93 0 1 -0.525 -0.525 0.006 -0.242	2 0.717 0.700 0.062 5.209	R 103 1 3 0.199 0.207 -0.040 -2.888	4 -0.727 -0.699 -0.153 -10.237
L 94 0 1 -0.525 -0.524 0.017 -0.374	2 0.717 0.702 0.051 5.059	R 104 1 3 0.197 0.207 -0.006 -3.187	4 -0.730 -0.702 -0.119 -9.569
L 95 0 1 -0.524 -0.524 0.028 -0.277	2 0.719 0.704 0.040 5.543	R 104 1 3 0.197 0.206 -0.017 -3.415	4 -0.732 -0.704 -0.017 -9.007
L 96 0 1 -0.522 -0.523 0.017 -0.004	2 0.721 0.705 0.028 5.569	R 105 1 3 0.195 0.205 -0.062 -3.811	4 -0.732 -0.706 -0.006 -9.270
L 96 0 1 -0.522 -0.521 0.017 -0.347	2 0.721 0.705 -0.006 5.587	R 106 1 3 0.193 0.204 -0.028 -3.960	4 -0.734 -0.707 0.006 -9.675
L 97 0 1 -0.519 -0.520 0.051 0.145	2 0.721 0.704 -0.051 5.604	R 107 1 3 0.191 0.204 -0.040 -3.969	4 -0.737 -0.709 -0.119 -9.675
L 98 0 1 -0.516 -0.517 0.040 0.470	2 0.720 0.704 -0.028 5.446	R 107 1 3 0.191 0.203 -0.040 -4.119	4 -0.739 -0.711 -0.096 -9.156
L 99 0 1 -0.512 -0.516 0.085 0.927	2 0.719 0.704 -0.051 5.138	R 108 1 3 0.189 0.202 -0.040 -4.558	4 -0.739 -0.713 -0.062 -9.305
L 99 0 1 -0.512 -0.512 0.108 -0.215	2 0.717 0.703 -0.006 5.112	R 109 1 3 0.188 0.202 -0.040 -4.848	4 -0.742 -0.715 -0.028 -9.710
L 0 1 1 -0.509 -0.511 0.096 0.699	2 0.717 0.702 -0.028 5.042	R 110 1 3 0.186 0.201 -0.051 -4.857	4 -0.744 -0.716 -0.096 -9.956
L 1 1 1 -0.505 -0.508 0.119 0.884	2 0.715 0.701 0.040 4.409	R 110 1 3 0.186 0.199 -0.165 -4.233	4 -0.747 -0.716 -0.028 -9.974
L 2 1 1 -0.501 -0.505 0.074 1.077	2 0.713 0.704 -0.006 3.424	R 111 1 3 0.184 0.196 -0.051 -4.356	4 -0.747 -0.717 -0.062 -10.510
L 2 1 1 -0.501 -0.504 -0.017 1.068	2 0.711 0.704 0.006 2.879	R 112 1 3 0.183 0.196 -0.040 -4.629	4 -0.749 -0.718 -0.051 -11.002
L 3 1 1 -0.497 -0.502 0.108 1.648	2 0.711 0.704 -0.017 2.686	R 113 1 3 0.181 0.195 -0.006 -4.637	4 -0.752 -0.721 -0.131 -10.949
L 4 1 1 -0.493 -0.499 0.108 2.149	2 0.709 0.702 -0.028 2.237	R 113 1 3 0.181 0.195 -0.040 -4.831	4 -0.755 -0.723 -0.085 -10.237
L 5 1 1 -0.489 -0.498 0.085 2.870	2 0.707 0.702 -0.051 1.692	R 114 1 3 0.179 0.194 -0.051 -5.068	4 -0.755 -0.725 -0.085 -10.466
L 5 1 1 -0.489 -0.496 0.062 2.440	2 0.706 0.702 -0.017 1.314	R 115 1 3 0.178 0.194 -0.006 -5.481	4 -0.758 -0.727 -0.062 -10.791
L 6 1 1 -0.485 -0.494 0.085 3.011	2 0.706 0.702 -0.040 1.323	R 116 1 3 0.176 0.193 -0.006 -5.543	4 -0.760 -0.730 -0.108 -10.721
L 7 1 1 -0.481 -0.492 0.096 3.547	2 0.704 0.700 -0.051 1.226	R 116 1 3 0.176 0.192 -0.051 -5.613	4 -0.763 -0.731 -0.028 -10.343
L 8 1 1 -0.477 -0.489 0.096 3.916	2 0.702 0.700 -0.051 0.866	R 117 1 3 0.175 0.191 -0.062 -5.684	4 -0.763 -0.733 -0.040 -10.721
L 8 1 1 -0.477 -0.487 0.040 3.363	2 0.701 0.699 -0.006 0.708	R 118 1 3 0.173 0.191 -0.028 -6.035	4 -0.766 -0.735 -0.051 -11.064
L 9 1 1 -0.473 -0.484 0.108 3.899	2 0.701 0.698 -0.040 0.866	R 119 1 3 0.172 0.190 -0.040 -6.026	4 -0.769 -0.737 -0.085 -11.275
L 10 1 1 -0.469 -0.482 0.085 4.268	2 0.699 0.697 -0.017 0.611	R 119 1 3 0.172 0.189 -0.040 -6.035	4 -0.772 -0.739 -0.074 -10.677
L 11 1 1 -0.465 -0.480 0.074 4.567	2 0.697 0.697 -0.051 0.312	R 0 0 3 0.170 0.188 -0.040 -6.158	4 -0.772 -0.741 -0.085 -11.090
L 11 1 1 -0.465 -0.478 0.017 4.286	2 0.696 0.696 -0.017 0.136	R 1 0 3 0.169 0.187 -0.028 -6.396	4 -0.775 -0.743 -0.085 -11.398
L 12 1 1 -0.462 -0.475 0.119 4.514	2 0.696 0.695 -0.006 0.251	R 2 0 3 0.168 0.186 -0.074 -6.026	4 -0.778 -0.745 -0.028 -11.829
L 13 1 1 -0.458 -0.471 0.176 4.479	2 0.694 0.693 -0.028 0.312	R 2 0 3 0.168 0.183 -0.165 -5.138	4 -0.781 -0.744 0.062 -12.189
L 14 1 1 -0.454 -0.467 0.176 4.145	2 0.693 0.690 -0.096 0.971	R 3 0 3 0.166 0.179 -0.153 -4.488	4 -0.781 -0.743 0.108 -13.754
L 14 1 1 -0.454 -0.463 0.165 3.020	2 0.692 0.686 -0.153 2.229	R 4 0 3 0.165 0.176 -0.096 -3.802	4 -0.784 -0.742 0.017 -14.686
L 15 1 1 -0.450 -0.458 0.153 2.774	2 0.692 0.682 -0.062 3.371	R 5 0 3 0.163 0.173 -0.051 -3.433	4 -0.786 -0.743 -0.040 -14.923
L 16 1 1 -0.447 -0.454 0.119 2.545	2 0.690 0.680 0.017 3.363	R 5 0 3 0.163 0.171 -0.085 -3.037	4 -0.786 -0.745 -0.108 -14.149
L 17 1 1 -0.443 -0.452 0.119 2.738	2 0.689 0.680 -0.006 3.020	R 6 0 3 0.160 0.170 -0.062 -3.407	4 -0.786 -0.749 -0.108 -13.429
L 17 1 1 -0.443 -0.449 0.119 1.921	2 0.688 0.681 -0.028 2.633	R 7 0 3 0.158 0.169 -0.074 -3.846	4 -0.786 -0.752 -0.108 -12.004
L 18 1 1 -0.439 -0.446 0.131 2.105	2 0.688 0.680 -0.028 2.492	R 8 0 3 0.154 0.168 -0.006 -4.040	4 -0.784 -0.754 -0.028 -10.905
L 19 1 1 -0.436 -0.442 0.108 2.202	2 0.687 0.679 -0.074 2.668	R 8 0 3 0.154 0.165 -0.119 -3.714	4 -0.781 -0.755 -0.028 -10.290
L 20 1 1 -0.432 -0.439 0.096 1.982	2 0.685 0.677 -0.108 2.949	R 9 0 3 0.150 0.162 -0.085 -4.145	4 -0.781 -0.755 0.006 -9.270
L 20 1 1 -0.432 -0.435 0.153 0.734	2 0.684 0.674 -0.051 3.679	R 10 0 3 0.146 0.159 -0.153 -4.259	4 -0.776 -0.754 0.085 -8.013
L 21 1 1 -0.428 -0.430 0.131 0.558	2 0.684 0.671 -0.074 4.488	R 11 0 3 0.141 0.156 -0.085 -4.233	4 -0.770 -0.753 0.119 -6.545
L 22 1 1 -0.425 -0.427 0.176 0.470	2 0.683 0.669 -0.074 5.051	R 11 0 3 0.141 0.152 -0.142 -4.022	4 -0.761 -0.751 0.062 -6.677
L 23 1 1 -0.421 -0.424 0.040 0.752	2 0.682 0.666 -0.085 5.771	R 12 0 3 0.135 0.148 -0.153 -4.646	4 -0.761 -0.747 0.074 -4.840
L 23 1 1 -0.421 -0.421 0.062 -0.198	2 0.681 0.663 -0.085 6.466	R 13 0 3 0.128 0.144 -0.187 -5.323	4 -0.751 -0.742 0.278 -3.415
L 24 1 1 -0.418 -0.419 0.176 0.215	2 0.681 0.659 -0.165 7.618	R 14 0 3 0.121 0.138 -0.187 -4.488	4 -0.739 -0.735 0.403 -2.360
L 25 1 1 -0.414 -0.414 0.142 0.022	2 0.680 0.656 -0.153 8.637	R 14 0 3 0.121 0.131 -0.221 -3.582	4 -0.725 -0.728 0.131 -3.767
L 26 1 1 -0.410 -0.412 0.119 -0.057	2 0.679 0.653 -0.119 9.253	R 15 0 3 0.112 0.125 -0.187 -4.356	4 -0.725 -0.720 0.085 -1.701
L 26 1 1 -0.410 -0.408 0.040 -0.910	2 0.678 0.650 -0.085 10.018	R 16 0 3 0.104 0.121 -0.210 -5.218	4 -0.709 -0.714 0.516 0.936
L 27 1 1 -0.407 -0.406 0.074 -0.356	2 0.678 0.647 -0.096 10.835	R 17 0 3 0.095 0.113 -0.221 -4.426	4 -0.692 -0.702 0.437 2.229
L 28 1 1 -0.403 -0.403 0.085 -0.215	2 0.677 0.645 -0.085 11.547	R 17 0 3 0.095 0.103 -0.369 -2.835	4 -0.673 -0.688 0.221 -1.015
L 29 1 1 -0.400 -0.401 0.040 -0.198	2 0.677 0.642 -0.062 12.145	R 18 0 3 0.085 0.093 -0.346 -2.527	4 -0.673 -0.673 0.573 0.119
L 29 1 1 -0.400 -0.398 0.051 -0.734	2 0.676 0.640 -0.051 12.708	R 19 0 3 0.075 0.084 -0.335 -2.712	4 -0.653 -0.662 0.562 2.018
L 30 1 1 -0.397 -0.397 0.040 -0.022	2 0.676 0.639 -0.017 12.778	R 20 0 3 0.065 0.076 -0.199 -1.745	4 -0.632 -0.648 0.653 3.697
L 31 1 1 -0.393 -0.395 0.085 0.488	2 0.675 0.640 -0.006 12.391	R 20 0 3 0.065 0.068 -0.278 -1.209	4 -0.610 -0.628 0.460 -0.884
L 32 1 1 -0.390 -0.394 -0.028 1.165	2 0.674 0.640 -0.017 12.136	R 21 0 3 0.054 0.060 -0.255 -1.991	4 -0.610 -0.610 0.630 -0.013
L 32 1 1 -0.390 -0.393 0.040 1.262	2 0.674 0.640 0.028 11.881	R 22 0 3 0.044 0.055 -0.255 -3.152	4 -0.588 -0.596 0.675 1.807
L 33 1 1 -0.386 -0.393 0.017 2.325	2 0.674 0.640 0.006 11.899	R 23 0 3 0.034 0.050 -0.176 -3.284	4 -0.565 -0.579 0.653 2.897
L 34 1 1 -0.383 -0.393 0.006 3.319	2 0.673 0.639 -0.051 11.820	R 23 0 3 0.034 0.041 -0.312 -2.554	4 -0.541 -0.560 0.403 -1.209
L 35 1 1 -0.379 -0.392 0.028 4.145	2 0.673 0.638 -0.074 12.207	R 24 0 3 0.024 0.032 -0.380 -2.712	4 -0.541 -0.540 0.778 -0.048
L 35 1 1 -0.379 -0.390 0.017 3.864	2 0.672 0.636 -0.040 12.523	R 25 0 3 0.014 0.024 -0.301 -3.055	4 -0.517 -0.526 0.675 1.754
L 36 1 1 -0.376 -0.390 0.028 4.576	2 0.672 0.635 -0.074 12.945	R 26 0 3 0.004 0.018 -0.108 -2.774	4 -0.494 -0.509 0.607 3.662
L 37 1 1 -0.373 -0.389 -0.006 5.578	2 0.672 0.635 -0.040 12.989	R 26 0 3 0.004 0.009 -0.289 -1.631	4 -0.470 -0.491 0.460 -0.382
L 38 1 1 -0.370 -0.389 0.017 6.325	2 0.671 0.634 -0.028 12.963	R 27 0 3 -0.005 0.001 -0.221 -2.053	4 -0.470 -0.469 0.800 -0.004
L 38 1 1 -0.370 -0.388 -0.017 6.475	2 0.671 0.634 -0.006 12.998	R 28 0 3 -0.013 -0.004 -0.233 -2.580	4 -0.447 -0.456 0.562 2.044
L 39 1 1 -0.366 -0.387 0.028 7.301	2 0.671 0.633 -0.040 13.033	R 29 0 3 -0.020 -0.009 -0.131 -2.325	4 -0.424 -0.441 0.698 3.538
L 40 1 1 -0.363 -0.387 -0.006 8.251	2 0.670 0.633 -0.028 12.989	R 29 0 3 -0.020 -0.016 -0.187 -1.859	4 -0.402 -0.420 0.471 -0.945
L 41 1 1 -0.360 -0.386 0.051 8.989	2 0.670 0.633 -0.062 13.156	R 30 0 3 -0.027 -0.021 -0.176 -2.220	4 -0.402 -0.402 0.664 0.101
L 41 1 1 -0.360 -0.384 0.028 8.813	2 0.670 0.631 -0.040 13.516	R 31 0 3 -0.033 -0.024 -0.108 -2.870	4 -0.381 -0.389 0.619 1.780
L 42 1 1 -0.356 -0.383 0.096 9.033	2 0.670 0.629 -0.085 14.220	R 32 0 3 -0.038 -0.028 -0.119 -2.563	4 -0.360 -0.376 0.619 3.556
L 43 1 1 -0.353 -0.381 0.051 9.604	2 0.669 0.628 -0.074 14.624	R 32 0 3 -0.038 -0.033 -0.176 -1.947	4 -0.341 -0.356 0.392 -0.769
L 44 1 1 -0.350 -0.379 0.085 9.851	2 0.669 0.626 -0.085 15.319	R 33 0 3 -0.042 -0.037 -0.142 -1.974	4 -0.341 -0.340 0.573 0.154
L 44 1 1 -0.350 -0.377 0.062 9.341	2 0.669 0.624 -0.062 15.925	R 34 0 3 -0.046 -0.039 -0.040 -2.290	4 -0.322 -0.330 0.505 1.745
L 45 1 1 -0.347 -0.375 0.062 9.622	2 0.669 0.622 -0.051 16.277	R 35 0 3 -0.048 -0.039 -0.017 -2.422	4 -0.305 -0.319 0.528 3.442
L 46 1 1 -0.344 -0.373 0.040 10.211	2 0.669 0.622 0.006 16.497	R 35 0 3 -0.048 -0.041 -0.051 -2.369	4 -0.288 -0.303 0.369 -0.075
L 47 1 1 -0.341 -0.371 0.096 10.431	2 0.669 0.621 -0.040 16.681	R 36 0 3 -0.049 -0.042 -0.006 -2.413	4 -0.288 -0.288 0.494 0.198
L 47 1 1 -0.341 -0.369 0.028 10.123	2 0.669 0.621 -0.017 16.822	R 37 0 3 -0.049 -0.041 -0.006 -2.475	4 -0.273 -0.279 0.414 1.429
L 48 1 1 -0.337 -0.367 0.062 10.554	2 0.669 0.620 -0.006 16.919	R 38 0 3 -0.047 -0.042 -0.017 -2.378	4 -0.259 -0.269 0.346 2.290
L 49 1 1 -0.334 -0.366 0.074 10.844	2 0.669 0.620 -0.017 16.980	R 38 0 3 -0.047 -0.042 -0.028 -1.947	4 -0.246 -0.261 0.142 0.497
L 50 1 1 -0.331 -0.364 0.062 11.204	2 0.669 0.620 -0.040 17.068	R 39 0 3 -0.045 -0.041 0.040 -1.376	4 -0.246 -0.249 0.289 1.182
L 50 1 1 -0.331 -0.363 0.040 10.897	2 0.669 0.620 -0.006 17.121	R 40 0 3 -0.042 -0.041 0.040 -0.840	4 -0.235 -0.241 0.414 1.305
L 51 1 1 -0.328 -0.361 0.051 11.310	2 0.669 0.620 -0.006 17.156	R 41 0 3 -0.038 -0.039 0.062 -0.804	4 -0.225 -0.233 0.210 2.114
L 52 1 1 -0.325 -0.359 0.085 11.723	2 0.669 0.620 -0.006 17.244	R 41 0 3 -0.038 -0.035 0.051 -0.708	4 -0.216 -0.228 0.096 0.875
L 53 1 1 -0.322 -0.357 0.062 11.908	2 0.669 0.619 -0.006 17.323	R 42 0 3 -0.033 -0.033 0.108 -0.127	4 -0.216 -0.220 0.255 1.385
L 53 1 1 -0.322 -0.355 0.017 11.565	2 0.669 0.619 -0.017 17.481	R 43 0 3 -0.027 -0.030 0.051 0.259	4 -0.208 -0.213 0.289 1.481
L 54 1 1 -0.319 -0.353 0.074 11.873	2 0.669 0.619 -0.017 17.710	R 44 0 3 -0.020 -0.026 0.119 0.655	4 -0.201 -0.208 0.199 1.930
L 55 1 1 -0.316 -0.351 0.085 12.215	2 0.669 0.618 -0.051 17.868	R 44 0 3 -0.020 -0.017 0.221 -0.884	4 -0.196 -0.205 0.006 1.262
L 56 1 1 -0.313 -0.350 0.062 12.400	2 0.670 0.618 -0.006 -17.956	R 45 0 3 -0.012 -0.012 0.301 -0.180	4 -0.196 -0.201 0.131 1.727
L 56 1 1 -0.313 -0.348 0.040 12.163	2 0.670 0.618 -0.006 -17.842	R 46 0 3 -0.004 -0.006 0.301 0.224	4 -0.191 -0.196 0.301 1.393
L 57 1 1 -0.310 -0.346 0.051 12.497	2 0.670 0.618 0.028 -17.701	R 47 0 3 0.005 0.001 0.131 -0.356	4 -0.187 -0.193 0.108 1.859
L 58 1 1 -0.307 -0.344 0.119 12.620	2 0.670 0.617 -0.028 -17.332	R 47 0 3 0.005 0.009 0.108 -1.033	4 -0.184 -0.191 -0.017 1.226
L 59 1 1 -0.305 -0.342 0.062 12.901	2 0.671 0.617 0.017 -17.209	R 48 0 3 0.015 0.016 0.358 -0.576	4 -0.184 -0.188 0.074 1.314
L 59 1 1 -0.305 -0.341 0.062 12.637	2 0.671 0.617 -0.006 -17.121	R 49 0 3 0.025 0.022 0.335 0.330	4 -0.182 -0.187 0.074 1.675
L 60 1 1 -0.302 -0.338 0.040 12.963	2 0.671 0.617 -0.017 -16.910	R 50 0 3 0.035 0.028 0.096 -0.040	4 -0.180 -0.185 0.108 1.429
L 61 1 1 -0.299 -0.337 0.062 13.112	2 0.672 0.616 -0.028 -16.593	R 50 0 3 0.035 0.038 0.244 -0.787	4 -0.179 -0.183 0.028 0.971
L 62 1 1 -0.296 -0.335 0.085 13.402	2 0.672 0.616 0.017 -16.435	R 51 0 3 0.046 0.044 0.380 0.224	4 -0.179 -0.183 -0.006 1.323
L 62 1 1 -0.296 -0.334 0.017 13.174	2 0.673 0.616 -0.176 -16.286	R 52 0 3 0.057 0.051 0.369 1.007	4 -0.178 -0.182 0.017 1.481
L 63 1 1 -0.293 -0.331 0.040 13.446	2 0.673 0.616 -0.006 -16.127	R 53 0 3 0.068 0.061 0.108 -0.145	4 -0.177 -0.182 0.017 1.596
L 64 1 1 -0.290 -0.330 0.040 13.886	2 0.673 0.616 0.028 -15.969	R 53 0 3 0.068 0.069 0.221 -0.391	4 -0.177 -0.182 0.017 1.560
L 65 1 1 -0.288 -0.329 0.062 14.167	2 0.674 0.616 -0.006 -15.670	R 54 0 3 0.079 0.079 0.505 0.013	4 -0.177 -0.181 -0.006 1.393
L 65 1 1 -0.288 -0.327 0.051 13.763	2 0.674 0.616 0.028 -15.547	R 55 0 3 0.090 0.085 0.278 1.103	4 -0.178 -0.181 -0.017 1.095
L 66 1 1 -0.285 -0.325 0.085 14.044	2 0.674 0.616 -0.176 -15.354	R 56 0 3 0.102 0.094 0.119 0.092	4 -0.179 -0.182 -0.062 0.804
L 67 1 1 -0.282 -0.324 0.051 14.519	2 0.675 0.616 -0.017 -15.213	R 56 0 3 0.102 0.105 0.221 -0.901	4 -0.182 -0.183 -0.028 1.024
L 68 1 1 -0.279 -0.322 0.062 14.536	2 0.676 0.616 -0.176 -14.976	R 57 0 3 0.114 0.112 0.448 0.356	4 -0.182 -0.183 -0.062 0.409
L 68 1 1 -0.279 -0.320 0.028 14.246	2 0.677 0.616 -0.176 -14.844	R 58 0 3 0.127 0.120 0.255 1.385	4 -0.185 -0.185 -0.142 -0.066
L 69 1 1 -0.277 -0.318 0.040 14.484	2 0.677 0.616 -0.176 -14.659	R 59 0 3 0.140 0.130 0.142 0.593	4 -0.190 -0.189 -0.255 0.163
L 70 1 1 -0.274 -0.316 0.062 14.800	2 0.677 0.616 -0.176 -14.422	R 59 0 3 0.140 0.142 0.335 -0.593	4 -0.195 -0.194 -0.176 1.613
L 71 1 1 -0.271 -0.315 0.096 14.791	2 0.678 0.616 -0.006 -14.044	R 60 0 3 0.153 0.150 0.403 0.593	4 -0.195 -0.198 -0.108 0.980
L 71 1 1 -0.271 -0.313 0.062 14.343	2 0.679 0.616 -0.176 -13.965	R 61 0 3 0.166 0.159 0.312 1.358	4 -0.202 -0.203 -0.278 0.523
L 72 1 1 -0.269 -0.311 0.040 14.782	2 0.679 0.616 0.028 -13.807	R 62 0 3 0.180 0.170 0.187 0.444	4 -0.210 -0.209 -0.301 0.101
L 73 1 1 -0.266 -0.309 0.051 15.055	2 0.680 0.616 -0.176 -13.569	R 62 0 3 0.180 0.182 0.301 -0.400	4 -0.219 -0.215 -0.074 1.648
L 74 1 1 -0.264 -0.307 0.085 15.116	2 0.681 0.616 -0.006 -13.165	R 63 0 3 0.194 0.191 0.528 0.558	4 -0.219 -0.221 -0.255 0.549
L 74 1 1 -0.264 -0.306 0.096 14.782	2 0.682 0.616 -0.176 -13.121	R 64 0 3 0.208 0.199 0.278 1.895	4 -0.230 -0.227 -0.358 0.004
L 75 1 1 -0.261 -0.304 0.051 15.029	2 0.682 0.617 0.017 -13.042	R 65 0 3 0.223 0.212 0.267 0.418	4 -0.242 -0.238 -0.392 -0.075
L 76 1 1 -0.258 -0.302 0.085 15.187	2 0.683 0.617 0.017 -12.901	R 65 0 3 0.223 0.225 0.323 -0.497	4 -0.255 -0.250 -0.278 2.132
L 77 1 1 -0.256 -0.301 0.074 15.354	2 0.684 0.618 0.017 -12.681	R 66 0 3 0.237 0.235 0.562 0.365	4 -0.255 -0.257 -0.199 0.690
L 77 1 1 -0.256 -0.299 0.040 14.897	2 0.685 0.618 0.040 -12.708	R 67 0 3 0.252 0.243 0.312 2.062	4 -0.269 -0.266 -0.494 -0.180
L 78 1 1 -0.253 -0.297 0.051 15.169	2 0.685 0.619 0.028 -12.646	R 68 0 3 0.267 0.257 0.301 0.127	4 -0.285 -0.278 -0.403 -1.086
L 79 1 1 -0.251 -0.295 0.062 15.512	2 0.687 0.620 0.028 -12.576	R 68 0 3 0.267 0.270 0.414 -0.954	4 -0.302 -0.292 -0.335 1.666
L 80 1 1 -0.249 -0.294 0.074 15.547	2 0.688 0.621 0.051 -12.541	R 69 0 3 0.283 0.280 0.539 0.356	4 -0.302 -0.304 -0.494 0.409
L 80 1 1 -0.249 -0.292 0.028 15.187	2 0.689 0.622 0.040 -12.646	R 70 0 3 0.298 0.291 0.516 0.866	4 -0.319 -0.315 -0.528 -0.655
L 81 1 1 -0.246 -0.290 0.040 15.371	2 0.689 0.622 0.028 -12.637	R 71 0 3 0.313 0.303 0.142 0.145	4 -0.338 -0.328 -0.516 -1.455
L 82 1 1 -0.244 -0.288 0.131 15.240	2 0.690 0.623 -0.006 -12.426	R 71 0 3 0.313 0.317 0.392 -1.420	4 -0.358 -0.344 -0.358 1.138
L 83 1 1 -0.241 -0.286 0.096 15.398	2 0.692 0.624 0.040 -12.207	R 72 0 3 0.328 0.328 0.550 -0.163	4 -0.358 -0.358 -0.516 -0.171
L 83 1 1 -0.241 -0.284 0.051 14.879	2 0.693 0.624 0.040 -12.163	R 73 0 3 0.343 0.337 0.539 0.514	4 -0.378 -0.371 -0.675 -1.420
L 84 1 1 -0.239 -0.281 0.062 14.712	2 0.693 0.625 0.040 -12.163	R 74 0 3 0.358 0.350 0.221 -0.725	4 -0.399 -0.385 -0.494 -2.949
L 85 1 1 -0.237 -0.279 0.119 14.519	2 0.694 0.625 -0.176 -11.741	R 74 0 3 0.358 0.364 0.289 -2.281	4 -0.420 -0.403 -0.448 0.418
L 86 1 1 -0.234 -0.276 0.142 14.255	2 0.696 0.626 -0.176 -11.433	R 75 0 3 0.373 0.377 0.437 -1.868	4 -0.420 -0.420 -0.528 -0.514
L 86 1 1 -0.234 -0.274 0.051 13.815	2 0.697 0.627 0.040 -11.442	R 76 0 3 0.387 0.385 0.550 -0.321	4 -0.442 -0.432 -0.653 -2.255
L 87 1 1 -0.232 -0.271 0.040 13.851	2 0.697 0.627 0.062 -11.442	R 77 0 3 0.401 0.395 0.142 -0.963	4 -0.464 -0.449 -0.585 -3.705
L 88 1 1 -0.230 -0.268 0.165 13.420	2 0.699 0.628 0.017 -11.327	R 77 0 3 0.401 0.407 0.187 -2.114	4 -0.486 -0.467 -0.437 0.295
L 89 1 1 -0.227 -0.267 0.096 13.516	2 0.701 0.631 0.074 -11.512	R 78 0 3 0.415 0.419 0.380 -1.666	4 -0.486 -0.487 -0.607 -0.312
L 89 1 1 -0.227 -0.265 0.062 13.086	2 0.702 0.633 0.131 -12.347	R 79 0 3 0.428 0.426 0.460 -0.075	4 -0.508 -0.500 -0.687 -1.912
L 90 1 1 -0.225 -0.263 0.017 13.420	2 0.702 0.636 0.142 -12.945	R 80 0 3 0.440 0.434 0.108 -0.470	4 -0.530 -0.514 -0.550 -3.785
L 91 1 1 -0.223 -0.261 0.108 13.156	2 0.704 0.639 0.108 -13.270	R 80 0 3 0.440 0.445 0.244 -1.763	4 -0.551 -0.532 -0.437 0.207
L 92 1 1 -0.221 -0.260 0.085 13.138	2 0.706 0.642 0.096 -13.833	R 81 0 3 0.452 0.456 0.346 -1.543	4 -0.551 -0.552 -0.585 -0.321
L 92 1 1 -0.221 -0.257 0.085 12.629	2 0.707 0.645 0.119 -14.659	R 82 0 3 0.463 0.463 0.380 -0.479	4 -0.571 -0.564 -0.539 -1.833
L 93 1 1 -0.219 -0.255 0.006 12.804	2 0.707 0.646 0.062 -14.765	R 83 0 3 0.474 0.469 0.062 -0.743	4 -0.591 -0.576 -0.573 -3.653
L 94 1 1 -0.217 -0.252 0.165 12.295	2 0.709 0.648 0.040 -14.510	R 83 0 3 0.474 0.478 0.176 -1.631	4 -0.610 -0.593 -0.392 0.022
L 95 1 1 -0.215 -0.250 0.108 11.969	2 0.711 0.650 0.108 -14.651	R 84 0 3 0.484 0.487 0.244 -1.534	4 -0.610 -0.610 -0.619 -0.251
L 95 1 1 -0.215 -0.248 0.119 11.363	2 0.713 0.653 0.096 -15.090	R 85 0 3 0.492 0.492 0.233 -0.479	4 -0.627 -0.620 -0.369 -1.789
L 96 1 1 -0.212 -0.245 0.028 11.538	2 0.713 0.654 0.062 -15.231	R 86 0 3 0.500 0.497 0.108 -0.822	4 -0.643 -0.629 -0.516 -3.301
L 97 1 1 -0.210 -0.242 0.131 10.818	2 0.715 0.655 0.017 -15.046	R 86 0 3 0.500 0.503 0.153 -1.297	4 -0.658 -0.647 -0.369 -0.004
L 98 1 1 -0.208 -0.239 0.153 10.378	2 0.717 0.657 0.062 -15.055	R 87 0 3 0.507 0.509 0.165 -1.095	4 -0.658 -0.657 -0.380 -0.567
L 98 1 1 -0.208 -0.236 0.119 9.578	2 0.719 0.659 0.040 -15.310	R 88 0 3 0.513 0.513 0.176 -0.558	4 -0.671 -0.665 -0.358 -1.745
L 99 1 1 -0.206 -0.233 0.040 9.499	2 0.719 0.660 0.051 -15.415	R 89 0 3 0.517 0.517 0.085 -0.927	4 -0.683 -0.674 -0.369 -2.299
L 100 1 1 -0.204 -0.230 0.142 9.015	2 0.721 0.662 0.062 -15.266	R 89 0 3 0.517 0.519 -0.085 -0.593	4 -0.693 -0.683 -0.096 -0.708
L 101 1 1 -0.202 -0.228 0.074 8.884	2 0.723 0.664 0.108 -15.380	R 90 0 3 0.521 0.519 0.062 0.391	4 -0.693 -0.688 -0.187 -1.833
L 101 1 1 -0.202 -0.226 0.051 8.365	2 0.725 0.667 0.131 -16.163	R 91 0 3 0.523 0.519 0.040 1.464	4 -0.701 -0.693 -0.244 -2.747
L 102 1 1 -0.200 -0.224 0.040 8.505	2 0.725 0.672 0.142 -17.112	R 92 0 3 0.525 0.520 -0.006 1.569	4 -0.708 -0.698 -0.244 -2.958
L 103 1 1 -0.199 -0.224 -0.028 8.971	2 0.727 0.677 0.153 17.437	R 92 0 3 0.525 0.520 -0.040 1.675	4 -0.713 -0.703 -0.040 -2.097
L 104 1 1 -0.197 -0.224 0.006 9.402	2 0.730 0.683 0.199 16.119	R 93 0 3 0.525 0.520 0.006 1.815	4 -0.713 -0.708 -0.119 -2.211
L 104 1 1 -0.197 -0.224 -0.006 9.604	2 0.732 0.688 0.119 14.932	R 94 0 3 0.525 0.519 -0.040 1.938	4 -0.717 -0.710 -0.119 -2.273
L 105 1 1 -0.195 -0.224 -0.017 10.097	2 0.732 0.692 0.062 14.018	R 95 0 3 0.524 0.518 -0.051 2.211	4 -0.719 -0.712 -0.051 -2.519
L 106 1 1 -0.193 -0.222 0.051 10.097	2 0.734 0.694 0.028 14.062	R 95 0 3 0.524 0.517 -0.074 2.607	4 -0.721 -0.713 0.006 -2.571
L 107 1 1 -0.191 -0.221 0.062 10.053	2 0.737 0.696 0.062 14.387	R 96 0 3 0.522 0.514 -0.051 2.448	4 -0.721 -0.712 0.006 -2.949
L 107 1 1 -0.191 -0.219 0.017 9.631	2 0.739 0.696 0.006 14.642	R 97 0 3 0.519 0.513 -0.062 2.079	4 -0.721 -0.713 0.017 -2.914
L 108 1 1 -0.189 -0.217 0.028 9.481	2 0.739 0.696 0.017 15.055	R 98 0 3 0.516 0.511 -0.074 2.246	4 -0.720 -0.712 0.017 -2.914
L 109 1 1 -0.188 -0.215 0.028 9.569	2 0.742 0.697 0.028 15.785	R 98 0 3 0.516 0.509 -0.006 2.255	4 -0.719 -0.712 -0.051 -2.862
L 110 1 1 -0.186 -0.214 0.006 9.754	2 0.744 0.698 0.062 16.242	R 99 0 3 0.512 0.507 -0.062 1.833	4 -0.719 -0.712 -0.017 -2.404
L 110 1 1 -0.186 -0.213 0.028 9.692	2 0.747 0.700 0.062 15.934	R 0 1 3 0.509 0.506 -0.142 1.209	4 -0.717 -0.712 -0.028 -2.018
L 111 1 1 -0.184 -0.213 -0.006 10.070	2 0.747 0.702 0.096 15.635	R 1 1 3 0.505 0.504 -0.028 0.963	4 -0.715 -0.712 0.017 -1.508
L 112 1 1 -0.183 -0.213 -0.006 10.598	2 0.749 0.704 0.017 16.154	R 1 1 3 0.505 0.501 -0.085 1.200	4 -0.713 -0.714 -0.187 -0.435
L 113 1 1 -0.181 -0.210 0.062 10.255	2 0.752 0.704 0.017 16.963	R 2 1 3 0.501 0.498 -0.119 1.095	4 -0.713 -0.715 0.040 0.479
L 113 1 1 -0.181 -0.208 0.040 9.552	2 0.755 0.704 0.028 17.174	R 3 1 3 0.497 0.497 -0.142 0.119	4 -0.711 -0.715 0.040 1.270
L 114 1 1 -0.179 -0.207 0.051 9.675	2 0.755 0.705 0.040 17.270	R 4 1 3 0.493 0.493 -0.085 0.497	4 -0.709 -0.714 0.119 1.437
L 115 1 1 -0.178 -0.207 -0.051 10.070	2 0.758 0.708 0.085 17.455	R 4 1 3 0.493 0.490 -0.085 0.681	4 -0.707 -0.713 -0.040 1.165
L 116 1 1 -0.176 -0.206 0.051 10.000	2 0.760 0.709 0.085 17.754	R 5 1 3 0.489 0.488 -0.119 0.084	4 -0.707 -0.713 -0.051 1.833
L 116 1 1 -0.176 -0.205 0.017 9.771	2 0.763 0.711 0.062 17.613	R 6 1 3 0.485 0.487 -0.108 -0.646	4 -0.706 -0.712 0.017 2.396
L 117 1 1 -0.175 -0.204 0.006 10.149	2 0.763 0.714 0.085 17.376	R 7 1 3 0.481 0.485 -0.028 -0.497	4 -0.704 -0.712 0.051 2.668
L 118 1 1 -0.173 -0.203 -0.006 10.466	2 0.766 0.717 0.119 17.367	R 7 1 3 0.481 0.481 -0.108 -0.145	4 -0.702 -0.712 0.006 2.695
L 119 1 1 -0.172 -0.203 0.017 10.607	2 0.769 0.719 0.165 17.429	R 8 1 3 0.477 0.479 -0.153 -0.699	4 -0.702 -0.712 -0.040 3.415
L 119 1 1 -0.172 -0.202 0.062 10.413	2 0.772 0.721 0.085 17.191	R 9 1 3 0.473 0.476 -0.176 -0.637	4 -0.701 -0.712 -0.006 3.837
L 0 0 1 -0.170 -0.201 0.040 10.554	2 0.772 0.723 0.062 16.998	R 10 1 3 0.469 0.473 -0.028 -0.585	4 -0.699 -0.711 0.074 4.057
L 1 0 1 -0.169 -0.199 0.051 10.501	2 0.775 0.726 0.028 17.516	R 10 1 3 0.469 0.470 -0.051 -0.198	4 -0.697 -0.709 0.085 3.468
L 2 0 1 -0.168 -0.196 0.176 9.807	2 0.778 0.725 -0.006 -17.437	R 11 1 3 0.465 0.466 -0.153 -0.242	4 -0.697 -0.708 0.096 3.354
L 2 0 1 -0.168 -0.193 0.085 8.708	2 0.781 0.724 -0.040 -16.523	R 12 1 3 0.462 0.465 -0.119 -0.734	4 -0.696 -0.705 0.085 2.976
L 3 0 1 -0.166 -0.189 0.108 7.837	2 0.781 0.723 -0.028 -15.547	R 13 1 3 0.458 0.459 -0.062 0.321	4 -0.694 -0.702 0.119 2.308
L 4 0 1 -0.165 -0.186 0.074 7.380	2 0.784 0.723 0.017 -14.897	R 13 1 3 0.458 0.455 -0.108 1.086	4 -0.693 -0.699 0.028 1.692
L 5 0 1 -0.163 -0.183 0.108 6.862	2 0.786 0.725 0.085 -14.870	R 14 1 3 0.454 0.451 -0.153 0.954	4 -0.693 -0.699 0.017 1.974
L 5 0 1 -0.163 -0.181 0.074 6.396	2 0.786 0.727 0.142 -15.530	R 15 1 3 0.450 0.450 -0.187 0.541	4 -0.692 -0.699 -0.006 2.352
L 6 0 1 -0.160 -0.179 0.051 6.607	2 0.786 0.731 0.165 -16.514	R 16 1 3 0.447 0.446 -0.062 0.927	4 -0.690 -0.698 0.062 2.721
L 7 0 1 -0.158 -0.178 0.028 6.932	2 0.786 0.734 0.165 -17.727	R 16 1 3 0.447 0.442 -0.085 1.393	4 -0.689 -0.698 0.006 2.712
L 8 0 1 -0.154 -0.176 0.062 7.143	2 0.784 0.736 0.040 17.112	R 17 1 3 0.443 0.439 -0.142 1.631	4 -0.689 -0.697 -0.006 2.800
L 8 0 1 -0.154 -0.173 0.074 6.519	2 0.781 0.737 0.040 16.286	R 18 1 3 0.439 0.435 -0.210 1.684	4 -0.688 -0.695 0.085 2.580
L 9 0 1 -0.150 -0.170 0.142 6.492	2 0.781 0.736 -0.040 15.609	R 19 1 3 0.436 0.431 -0.108 2.229	4 -0.687 -0.693 0.119 2.176
L 10 0 1 -0.146 -0.166 0.142 6.712	2 0.776 0.735 -0.028 14.149	R 19 1 3 0.436 0.427 -0.131 3.002	4 -0.685 -0.691 0.074 1.367
L 11 0 1 -0.141 -0.162 0.142 7.090	2 0.770 0.733 -0.210 12.971	R 20 1 3 0.432 0.423 -0.153 3.178	4 -0.685 -0.688 0.096 0.804
L 11 0 1 -0.141 -0.158 0.165 5.956	2 0.761 0.732 -0.108 12.207	R 21 1 3 0.428 0.420 -0.187 3.046	4 -0.684 -0.686 0.017 0.585
L 12 0 1 -0.135 -0.154 0.131 6.492	2 0.761 0.729 -0.051 11.371	R 22 1 3 0.425 0.416 -0.062 3.662	4 -0.683 -0.685 0.131 0.356
L 13 0 1 -0.128 -0.149 0.165 7.099	2 0.751 0.724 -0.108 9.095	R 22 1 3 0.425 0.412 -0.153 4.725	4 -0.682 -0.680 0.062 -1.191
L 14 0 1 -0.121 -0.144 0.187 7.556	2 0.739 0.719 -0.312 7.503	R 23 1 3 0.421 0.408 -0.176 4.787	4 -0.682 -0.675 0.153 -2.712
L 14 0 1 -0.121 -0.138 0.176 6.211	2 0.725 0.714 -0.210 6.756	R 24 1 3 0.418 0.404 -0.153 4.875	4 -0.681 -0.670 0.176 -3.943
L 15 0 1 -0.112 -0.132 0.312 6.448	2 0.725 0.706 -0.199 6.624	R 25 1 3 0.414 0.401 -0.074 5.349	4 -0.680 -0.667 0.096 -4.840
L 16 0 1 -0.104 -0.126 0.244 7.231	2 0.709 0.698 -0.153 3.767	R 25 1 3 0.414 0.397 -0.153 6.281	4 -0.679 -0.663 0.142 -6.202
L 17 0 1 -0.095 -0.118 0.255 7.336	2 0.692 0.689 -0.414 1.701	R 26 1 3 0.410 0.393 -0.199 6.299	4 -0.679 -0.659 0.028 -6.457
L 17 0 1 -0.095 -0.110 0.278 5.279	2 0.673 0.683 -0.131 1.411	R 27 1 3 0.407 0.391 -0.096 5.631	4 -0.678 -0.657 0.176 -7.925
L 18 0 1 -0.085 -0.102 0.346 5.385	2 0.673 0.672 -0.278 -0.189	R 28 1 3 0.403 0.387 -0.040 6.123	4 -0.677 -0.653 0.096 -8.514
L 19 0 1 -0.075 -0.090 0.358 5.059	2 0.653 0.657 -0.573 -1.270	R 28 1 3 0.403 0.385 -0.040 6.193	4 -0.677 -0.652 -0.006 -8.919
L 20 0 1 -0.065 -0.077 0.460 3.275	2 0.632 0.644 -0.755 -2.519	R 29 1 3 0.400 0.385 -0.074 5.402	4 -0.677 -0.652 -0.028 -8.699
L 20 0 1 -0.065 -0.065 0.358 0.330	2 0.610 0.632 -0.085 -2.870	R 30 1 3 0.397 0.384 -0.006 4.295	4 -0.676 -0.652 0.006 -8.330
L 21 0 1 -0.054 -0.058 0.244 1.121	2 0.610 0.618 -0.301 -2.932	R 31 1 3 0.393 0.383 -0.040 4.189	4 -0.675 -0.652 0.017 -8.198
L 22 0 1 -0.044 -0.049 0.392 1.191	2 0.588 0.601 -0.812 -4.171	R 31 1 3 0.393 0.382 -0.074 4.004	4 -0.674 -0.652 0.017 -8.242
L 23 0 1 -0.034 -0.040 0.414 0.716	2 0.565 0.585 -0.812 -5.402	R 32 1 3 0.390 0.381 -0.131 3.266	4 -0.674 -0.652 -0.006 -8.119
L 23 0 1 -0.034 -0.032 0.062 -0.576	2 0.541 0.567 -0.187 -4.549	R 33 1 3 0.386 0.379 -0.062 2.404	4 -0.674 -0.651 0.006 -7.943
L 24 0 1 -0.024 -0.025 0.096 0.356	2 0.541 0.551 -0.494 -3.591	R 34 1 3 0.383 0.378 -0.028 2.088	4 -0.673 -0.651 0.040 -8.004
L 25 0 1 -0.014 -0.016 0.380 0.611	2 0.517 0.532 -0.846 -4.567	R 34 1 3 0.383 0.377 -0.051 2.097	4 -0.673 -0.649 0.074 -8.734
L 26 0 1 -0.004 -0.009 0.301 0.514	2 0.494 0.514 -0.778 -5.534	R 35 1 3 0.379 0.376 -0.074 1.349	4 -0.673 -0.647 0.096 -9.121
L 26 0 1 -0.004 -0.002 0.119 -0.725	2 0.470 0.497 -0.165 -4.778	R 36 1 3 0.376 0.374 -0.085 1.015	4 -0.672 -0.645 0.028 -9.499
L 27 0 1 0.005 0.004 0.165 0.163	2 0.470 0.480 -0.539 -3.538	R 37 1 3 0.373 0.373 -0.074 0.769	4 -0.672 -0.643 0.074 -10.149
L 28 0 1 0.013 0.010 0.358 0.796	2 0.447 0.461 -0.789 -4.716	R 37 1 3 0.373 0.371 0.017 0.523	4 -0.671 -0.641 0.062 -10.818
L 29 0 1 0.020 0.015 0.278 0.796	2 0.424 0.443 -0.812 -5.358	R 38 1 3 0.370 0.370 -0.040 -0.330	4 -0.671 -0.640 0.028 -11.266
L 29 0 1 0.020 0.020 0.062 0.004	2 0.402 0.427 -0.108 -4.725	R 39 1 3 0.366 0.369 -0.085 -0.998	4 -0.671 -0.638 0.040 -11.433
L 30 0 1 0.027 0.024 0.006 1.112	2 0.402 0.411 -0.607 -3.081	R 40 1 3 0.363 0.368 0.074 -1.182	4 -0.670 -0.638 0.040 -11.495
L 31 0 1 0.033 0.028 0.153 1.473	2 0.381 0.394 -0.721 -4.479	R 40 1 3 0.363 0.367 -0.062 -1.402	4 -0.670 -0.637 0.006 -11.749
L 32 0 1 0.038 0.034 0.165 0.980	2 0.360 0.379 -0.664 -5.305	R 41 1 3 0.360 0.367 -0.051 -2.325	4 -0.670 -0.637 -0.006 -11.758
L 32 0 1 0.038 0.038 0.085 0.215	2 0.341 0.364 -0.131 -4.444	R 42 1 3 0.356 0.366 -0.028 -3.319	4 -0.670 -0.636 0.006 -11.714
L 33 0 1 0.042 0.040 -0.006 0.804	2 0.341 0.352 -0.346 -4.136	R 43 1 3 0.353 0.366 0.017 -3.969	4 -0.669 -0.636 0.040 -11.758
L 34 0 1 0.046 0.043 0.074 0.971	2 0.322 0.336 -0.596 -4.778	R 43 1 3 0.353 0.366 -0.028 -4.321	4 -0.669 -0.635 0.051 -12.075
L 35 0 1 0.048 0.044 -0.006 0.892	2 0.305 0.323 -0.573 -5.349	R 44 1 3 0.350 0.365 -0.040 -5.305	4 -0.669 -0.634 0.017 -12.409
L 35 0 1 0.048 0.044 -0.062 1.200	2 0.288 0.309 -0.153 -4.321	R 45 1 3 0.347 0.364 -0.074 -5.842	4 -0.669 -0.633 0.040 -12.743
L 36 0 1 0.049 0.044 0.040 1.411	2 0.288 0.299 -0.335 -3.881	R 46 1 3 0.344 0.363 -0.006 -6.088	4 -0.669 -0.632 0.040 -13.103
L 37 0 1 0.049 0.044 0.017 1.411	2 0.273 0.288 -0.448 -5.051	R 46 1 3 0.344 0.362 -0.051 -6.264	4 -0.669 -0.630 0.040 -13.613
L 38 0 1 0.047 0.045 -0.040 0.963	2 0.259 0.275 -0.550 -4.980	R 47 1 3 0.341 0.360 -0.040 -6.888	4 -0.669 -0.629 0.017 -13.974
L 38 0 1 0.047 0.044 -0.062 1.033	2 0.246 0.267 -0.096 -4.734	R 48 1 3 0.337 0.358 -0.096 -7.125	4 -0.669 -0.628 0.017 -14.202
L 39 0 1 0.045 0.044 0.028 0.321	2 0.246 0.258 -0.369 -3.837	R 49 1 3 0.334 0.357 -0.028 -7.398	4 -0.669 -0.628 0.006 -14.281
L 40 0 1 0.042 0.043 -0.062 -0.374	2 0.235 0.246 -0.403 -3.960	R 49 1 3 0.334 0.356 -0.051 -7.609	4 -0.669 -0.628 -0.006 -14.273
L 41 0 1 0.038 0.043 -0.074 -1.499	2 0.225 0.242 -0.335 -5.191	R 50 1 3 0.331 0.354 -0.028 -8.145	4 -0.669 -0.628 0.017 -14.255
L 41 0 1 0.038 0.042 -0.074 -1.279	2 0.216 0.235 -0.131 -4.848	R 51 1 3 0.328 0.352 -0.108 -8.347	4 -0.669 -0.628 0.028 -14.343
L 42 0 1 0.033 0.041 -0.028 -2.844	2 0.216 0.227 -0.289 -4.013	R 52 1 3 0.325 0.351 -0.017 -8.470	4 -0.669 -0.628 -0.017 -14.343
L 43 0 1 0.027 0.038 -0.074 -4.145	2 0.208 0.221 -0.233 -4.444	R 52 1 3 0.325 0.350 -0.096 -8.382	4 -0.669 -0.628 0.028 -14.484
L 44 0 1 0.020 0.036 -0.142 -4.778	2 0.201 0.215 -0.244 -4.541	R 53 1 3 0.322 0.347 -0.051 -8.989	4 -0.669 -0.628 0.006 -14.536
L 44 0 1 0.020 0.030 -0.221 -3.574	2 0.196 0.211 -0.108 -4.277	R 54 1 3 0.319 0.345 -0.153 -9.068	4 -0.669 -0.627 0.040 -14.949
L 45 0 1 0.012 0.023 -0.199 -3.969	2 0.196 0.208 -0.119 -4.365	R 55 1 3 0.316 0.344 -0.074 -8.734	4 -0.669 -0.626 0.017 -15.187
L 46 0 1 0.004 0.016 -0.244 -4.400	2 0.191 0.204 -0.096 -4.752	R 55 1 3 0.316 0.341 -0.074 -8.664	4 -0.670 -0.626 0.028 -15.389
L 47 0 1 -0.005 0.009 -0.267 -4.259	2 0.187 0.200 -0.153 -4.593	R 56 1 3 0.313 0.339 -0.040 -9.033	4 -0.670 -0.625 -0.006 -15.635
L 47 0 1 -0.005 0.002 -0.221 -2.448	2 0.184 0.198 -0.085 -4.259	R 57 1 3 0.310 0.336 -0.131 -8.963	4 -0.670 -0.625 0.017 -16.048
L 48 0 1 -0.015 -0.006 -0.244 -3.196	2 0.184 0.197 -0.006 -4.426	R 58 1 3 0.307 0.335 -0.119 -8.866	4 -0.670 -0.624 0.006 -16.470
L 49 0 1 -0.025 -0.014 -0.323 -3.644	2 0.182 0.196 -0.051 -4.884	R 58 1 3 0.307 0.332 -0.062 -8.884	4 -0.671 -0.623 -0.017 -16.708
L 50 0 1 -0.035 -0.021 -0.301 -3.767	2 0.180 0.194 -0.074 -4.752	R 59 1 3 0.305 0.330 -0.028 -9.209	4 -0.671 -0.623 -0.017 -16.892
L 50 0 1 -0.035 -0.029 -0.221 -2.334	2 0.179 0.192 -0.085 -4.418	R 60 1 3 0.302 0.329 -0.108 -9.385	4 -0.671 -0.623 0.017 -17.086
L 51 0 1 -0.046 -0.037 -0.233 -3.187	2 0.179 0.191 -0.040 -4.259	R 61 1 3 0.299 0.327 -0.131 -9.165	4 -0.672 -0.623 -0.006 -17.200
L 52 0 1 -0.057 -0.045 -0.278 -4.084	2 0.178 0.189 -0.051 -4.180	R 61 1 3 0.299 0.326 -0.074 -9.332	4 -0.672 -0.623 -0.006 -17.182
L 53 0 1 -0.068 -0.053 -0.380 -3.837	2 0.177 0.189 -0.006 -4.110	R 62 1 3 0.296 0.324 -0.017 -10.079	4 -0.672 -0.623 -0.017 -17.305
L 53 0 1 -0.068 -0.062 -0.244 -2.149	2 0.177 0.188 -0.006 -3.952	R 63 1 3 0.293 0.322 -0.131 -9.886	4 -0.673 -0.623 -0.017 -17.587
L 54 0 1 -0.079 -0.070 -0.255 -3.099	2 0.177 0.189 -0.040 -4.031	R 64 1 3 0.290 0.320 -0.096 -9.815	4 -0.673 -0.623 0.006 -17.675
L 55 0 1 -0.090 -0.078 -0.289 -4.127	2 0.178 0.189 0.040 -3.978	R 64 1 3 0.290 0.319 -0.085 -9.877	4 -0.674 -0.623 -0.028 -17.666
L 56 0 1 -0.102 -0.087 -0.323 -4.259	2 0.179 0.189 0.051 -3.574	R 65 1 3 0.288 0.317 -0.017 -10.642	4 -0.674 -0.623 -0.017 -17.947
L 56 0 1 -0.102 -0.096 -0.312 -2.387	2 0.182 0.189 -0.028 -3.231	R 66 1 3 0.285 0.315 -0.108 -10.510	4 -0.674 -0.623 -0.028 17.789
L 57 0 1 -0.114 -0.105 -0.312 -3.231	2 0.182 0.191 0.108 -3.424	R 67 1 3 0.282 0.314 -0.085 -10.413	4 -0.675 -0.623 -0.028 17.666
L 58 0 1 -0.127 -0.114 -0.323 -4.215	2 0.185 0.195 0.187 -3.662	R 67 1 3 0.282 0.312 -0.085 -10.422	4 -0.676 -0.623 -0.040 17.701
L 59 0 1 -0.140 -0.124 -0.369 -4.444	2 0.190 0.199 0.119 -3.582	R 68 1 3 0.279 0.310 -0.017 -11.029	4 -0.676 -0.623 -0.028 17.534
L 59 0 1 -0.140 -0.133 -0.312 -2.404	2 0.195 0.202 0.017 -3.530	R 69 1 3 0.277 0.308 -0.142 -10.800	4 -0.677 -0.623 -0.017 17.235
L 60 0 1 -0.153 -0.142 -0.267 -3.705	2 0.195 0.205 0.119 -3.855	R 70 1 3 0.274 0.306 -0.108 -10.677	4 -0.677 -0.624 -0.062 17.077
L 61 0 1 -0.166 -0.152 -0.380 -4.866	2 0.202 0.212 0.255 -3.547	R 70 1 3 0.274 0.305 -0.085 -10.545	4 -0.678 -0.624 -0.017 17.068
L 62 0 1 -0.180 -0.162 -0.392 -4.989	2 0.210 0.217 0.176 -2.985	R 71 1 3 0.271 0.302 -0.006 -11.099	4 -0.678 -0.624 -0.028 16.699
L 62 0 1 -0.180 -0.172 -0.335 -2.580	2 0.219 0.221 0.017 -2.536	R 72 1 3 0.269 0.300 -0.142 -10.862	4 -0.679 -0.624 -0.028 16.488
L 63 0 1 -0.194 -0.183 -0.380 -3.785	2 0.219 0.228 0.323 -3.495	R 73 1 3 0.266 0.299 -0.074 -10.624	4 -0.680 -0.624 -0.051 16.505
L 64 0 1 -0.208 -0.195 -0.426 -4.488	2 0.230 0.240 0.414 -3.925	R 73 1 3 0.266 0.297 -0.051 -10.563	4 -0.681 -0.625 -0.051 16.620
L 65 0 1 -0.223 -0.205 -0.358 -4.602	2 0.242 0.248 0.335 -2.598	R 74 1 3 0.264 0.294 0.006 -11.064	4 -0.681 -0.625 -0.051 16.488
L 65 0 1 -0.223 -0.216 -0.335 -2.343	2 0.255 0.253 0.074 -1.965	R 75 1 3 0.261 0.292 -0.142 -10.730	4 -0.682 -0.626 -0.017 16.207
L 66 0 1 -0.237 -0.226 -0.358 -3.829	2 0.255 0.264 0.289 -3.389	R 76 1 3 0.258 0.290 -0.142 -10.519	4 -0.683 -0.627 -0.051 16.435
L 67 0 1 -0.252 -0.238 -0.482 -4.488	2 0.269 0.278 0.414 -3.099	R 76 1 3 0.258 0.289 -0.062 -10.492	4 -0.684 -0.629 -0.074 16.901
L 68 0 1 -0.267 -0.251 -0.414 -4.303	2 0.285 0.289 0.482 -1.965	R 77 1 3 0.256 0.286 0.017 -10.941	4 -0.684 -0.630 -0.096 17.068
L 68 0 1 -0.267 -0.263 -0.380 -1.473	2 0.302 0.297 0.108 -1.921	R 78 1 3 0.253 0.284 -0.142 -10.589	4 -0.685 -0.632 -0.040 16.998
L 69 0 1 -0.283 -0.275 -0.448 -2.413	2 0.302 0.310 0.255 -2.993	R 79 1 3 0.251 0.282 -0.142 -10.105	4 -0.687 -0.633 -0.062 17.209
L 70 0 1 -0.298 -0.286 -0.437 -3.626	2 0.319 0.323 0.369 -1.604	R 79 1 3 0.251 0.280 -0.040 -10.070	4 -0.688 -0.634 -0.085 17.543
L 71 0 1 -0.313 -0.299 -0.414 -3.389	2 0.338 0.336 0.709 -0.224	R 80 1 3 0.249 0.276 0.028 -10.308	4 -0.688 -0.635 -0.074 17.534
L 71 0 1 -0.313 -0.313 -0.482 -0.215	2 0.358 0.347 0.267 -0.813	R 81 1 3 0.246 0.274 -0.199 -9.323	4 -0.689 -0.636 -0.028 17.165
L 72 0 1 -0.328 -0.324 -0.426 -1.174	2 0.358 0.362 0.278 -1.490	R 82 1 3 0.244 0.272 -0.096 -9.341	4 -0.690 -0.637 -0.062 17.305
L 73 0 1 -0.343 -0.337 -0.505 -1.516	2 0.378 0.378 0.630 0.338	R 82 1 3 0.244 0.270 0.017 -9.244	4 -0.692 -0.638 -0.074 17.543
L 74 0 1 -0.358 -0.349 -0.369 -1.059	2 0.399 0.392 0.743 1.130	R 83 1 3 0.241 0.266 -0.096 -8.769	4 -0.692 -0.639 -0.017 17.314
L 74 0 1 -0.358 -0.363 -0.403 0.892	2 0.420 0.404 0.210 0.725	R 84 1 3 0.239 0.263 -0.199 -8.338	4 -0.693 -0.640 -0.040 17.341
L 75 0 1 -0.373 -0.374 -0.392 0.532	2 0.420 0.421 0.369 0.233	R 85 1 3 0.237 0.262 -0.051 -8.066	4 -0.694 -0.641 -0.062 17.341
L 76 0 1 -0.387 -0.387 -0.414 0.180	2 0.442 0.436 0.585 1.648	R 85 1 3 0.237 0.259 -0.096 -7.802	4 -0.696 -0.643 -0.085 17.763
L 77 0 1 -0.401 -0.398 -0.448 0.857	2 0.464 0.449 0.732 3.793	R 86 1 3 0.234 0.256 -0.006 -7.873	4 -0.696 -0.645 -0.074 17.930
L 77 0 1 -0.401 -0.411 -0.460 3.116	2 0.486 0.464 0.380 2.686	R 87 1 3 0.232 0.253 -0.153 -7.301	4 -0.697 -0.646 -0.062 17.921
L 78 0 1 -0.415 -0.422 -0.403 2.484	2 0.486 0.480 0.426 2.308	R 88 1 3 0.230 0.251 -0.085 -6.958	4 -0.699 -0.648 -0.085 -17.842
L 79 0 1 -0.428 -0.433 -0.403 2.404	2 0.508 0.495 0.664 3.925	R 88 1 3 0.230 0.249 -0.062 -6.703	4 -0.701 -0.650 -0.096 -17.007
L 80 0 1 -0.440 -0.444 -0.403 3.099	2 0.530 0.511 0.698 5.385	R 89 1 3 0.227 0.246 -0.040 -6.791	4 -0.701 -0.653 -0.108 -16.875
L 80 0 1 -0.440 -0.455 -0.301 5.042	2 0.551 0.527 0.289 3.732	R 90 1 3 0.225 0.243 -0.176 -5.921	4 -0.702 -0.654 -0.028 -16.963
L 81 0 1 -0.452 -0.461 -0.187 3.037	2 0.551 0.543 0.505 2.659	R 91 1 3 0.223 0.240 -0.165 -5.358	4 -0.704 -0.656 -0.096 -16.752
L 82 0 1 -0.463 -0.467 -0.210 1.604	2 0.571 0.558 0.653 3.864	R 91 1 3 0.223 0.238 -0.131 -5.024	4 -0.706 -0.657 -0.062 -16.391
L 83 0 1 -0.474 -0.475 -0.301 1.112	2 0.591 0.574 0.721 4.796	R 92 1 3 0.221 0.235 -0.017 -5.121	4 -0.706 -0.659 -0.074 -16.268
L 83 0 1 -0.474 -0.484 -0.289 3.767	2 0.610 0.590 0.244 3.020	R 93 1 3 0.219 0.232 -0.153 -4.382	4 -0.707 -0.661 -0.108 -16.207
L 84 0 1 -0.484 -0.490 -0.165 2.220	2 0.610 0.602 0.403 2.484	R 94 1 3 0.217 0.229 -0.142 -4.013	4 -0.709 -0.663 -0.085 -16.040
L 85 0 1 -0.492 -0.496 -0.199 1.473	2 0.627 0.616 0.550 3.582	R 94 1 3 0.217 0.227 -0.153 -3.697	4 -0.711 -0.665 -0.062 -15.600
L 86 0 1 -0.500 -0.503 -0.267 1.701	2 0.643 0.627 0.562 4.497	R 95 1 3 0.215 0.224 -0.062 -3.626	4 -0.711 -0.667 -0.051 -15.389
L 86 0 1 -0.500 -0.509 -0.210 3.530	2 0.658 0.641 0.221 3.116	R 96 1 3 0.212 0.222 -0.153 -3.187	4 -0.713 -0.669 -0.074 -15.371
L 87 0 1 -0.507 -0.514 -0.142 2.615	2 0.658 0.650 0.187 2.941	R 97 1 3 0.210 0.220 -0.131 -2.712	4 -0.715 -0.672 -0.096 -15.143
L 88 0 1 -0.513 -0.517 -0.108 1.798	2 0.671 0.660 0.460 3.442	R 97 1 3 0.210 0.218 -0.062 -2.607	4 -0.717 -0.674 -0.051 -14.501
L 89 0 1 -0.517 -0.520 -0.131 1.200	2 0.683 0.670 0.380 3.996	R 98 1 3 0.208 0.215 -0.040 -2.695	4 -0.717 -0.676 -0.074 -14.360
L 89 0 1 -0.517 -0.521 -0.051 1.279	2 0.693 0.677 -0.006 3.767	R 99 1 3 0.206 0.213 -0.119 -2.431	4 -0.719 -0.679 -0.085 -13.982
L 90 0 1 -0.521 -0.521 0.006 0.075	2 0.693 0.682 0.119 3.820	R 100 1 3 0.204 0.212 -0.017 -2.387	4 -0.721 -0.682 -0.085 -13.684
L 91 0 1 -0.523 -0.522 -0.028 -0.602	2 0.701 0.688 0.244 4.453	R 100 1 3 0.204 0.211 -0.051 -2.308	4 -0.723 -0.686 -0.119 -12.277
L 92 0 1 -0.525 -0.523 -0.074 -0.646	2 0.708 0.693 0.142 5.033	R 101 1 3 0.202 0.210 -0.017 -2.686	4 -0.723 -0.690 -0.165 -11.424
L 92 0 1 -0.525 -0.524 0.051 -0.576	2 0.713 0.695 0.017 5.086	R 102 1 3 0.200 0.210 -0.051 -3.055	4 -0.725 -0.694 -0.131 -10.949
L 93 0 1 -0.525 -0.524 -0.017 -0.699	2 0.713 0.700 0.108 4.734	R 103 1 3 0.199 0.209 -0.017 -3.319	4 -0.727 -0.698 -0.187 -10.097
L 94 0 1 -0.525 -0.523 -0.006 -0.690	2 0.717 0.703 0.085 4.910	R 103 1 3 0.199 0.209 0.017 -3.714	4 -0.730 -0.701 -0.096 -9.200
L 95 0 1 -0.524 -0.523 0.051 -0.664	2 0.719 0.704 0.096 5.332	R 104 1 3 0.197 0.208 -0.028 -4.163	4 -0.730 -0.704 -0.051 -9.235
L 95 0 1 -0.524 -0.521 0.040 -1.024	2 0.721 0.705 -0.017 5.376	R 105 1 3 0.195 0.208 -0.051 -4.505	4 -0.732 -0.705 -0.040 -9.587
L 96 0 1 -0.522 -0.520 0.028 -0.576	2 0.721 0.705 0.017 5.622	R 106 1 3 0.193 0.207 0.006 -4.585	4 -0.734 -0.706 -0.062 -9.710
L 97 0 1 -0.519 -0.519 0.085 -0.259	2 0.721 0.704 -0.006 5.666	R 106 1 3 0.193 0.206 -0.040 -4.532	4 -0.737 -0.708 -0.108 -9.323
L 98 0 1 -0.516 -0.517 0.040 0.207	2 0.720 0.704 -0.006 5.446	R 107 1 3 0.191 0.206 -0.017 -5.033	4 -0.737 -0.710 -0.074 -9.516
L 98 0 1 -0.516 -0.516 0.062 -0.119	2 0.719 0.704 0.006 5.191	R 108 1 3 0.189 0.205 -0.051 -5.279	4 -0.739 -0.712 -0.051 -9.613
L 99 0 1 -0.512 -0.513 0.131 0.242	2 0.719 0.704 -0.017 5.209	R 109 1 3 0.188 0.204 -0.028 -5.358	4 -0.742 -0.714 -0.096 -9.824
L 0 1 1 -0.509 -0.512 0.051 0.848	2 0.717 0.702 -0.028 4.998	R 109 1 3 0.188 0.203 -0.040 -5.341	4 -0.744 -0.715 -0.017 -9.596
L 1 1 1 -0.505 -0.509 0.096 0.910	2 0.715 0.701 -0.062 4.840	R 110 1 3 0.186 0.202 -0.040 -5.613	4 -0.744 -0.715 0.017 -10.325
L 1 1 1 -0.505 -0.505 0.040 0.066	2 0.713 0.704 0.108 3.679	R 111 1 3 0.184 0.199 -0.096 -5.024	4 -0.747 -0.715 -0.040 -11.125
L 2 1 1 -0.501 -0.503 0.028 0.734	2 0.713 0.704 0.017 3.090	R 112 1 3 0.183 0.198 -0.040 -4.971	4 -0.749 -0.716 -0.108 -11.415
L 3 1 1 -0.497 -0.501 0.108 1.578	2 0.711 0.704 0.006 2.492	R 112 1 3 0.183 0.196 -0.062 -5.033	4 -0.752 -0.718 -0.085 -10.897
L 4 1 1 -0.493 -0.499 0.119 1.859	2 0.709 0.703 -0.085 2.123	R 113 1 3 0.181 0.196 -0.028 -5.385	4 -0.752 -0.721 -0.006 -11.169
L 4 1 1 -0.493 -0.497 0.051 1.569	2 0.707 0.703 -0.006 1.736	R 114 1 3 0.179 0.196 -0.074 -5.771	4 -0.755 -0.723 -0.074 -11.178
L 5 1 1 -0.489 -0.495 0.074 2.149	2 0.707 0.703 -0.006 1.490	R 115 1 3 0.178 0.195 0.017 -5.815	4 -0.758 -0.725 -0.119 -11.327
L 6 1 1 -0.485 -0.493 0.119 2.686	2 0.706 0.702 -0.051 1.191	R 115 1 3 0.178 0.194 -0.062 -5.824	4 -0.760 -0.727 -0.096 -10.756
L 7 1 1 -0.481 -0.491 0.108 3.143	2 0.704 0.701 -0.096 1.042	R 116 1 3 0.176 0.194 -0.096 -6.079	4 -0.760 -0.730 -0.062 -10.914
L 7 1 1 -0.481 -0.488 0.085 2.466	2 0.702 0.700 -0.028 0.945	R 117 1 3 0.175 0.193 -0.028 -6.404	4 -0.763 -0.732 -0.051 -11.284
L 8 1 1 -0.477 -0.486 0.074 2.976	2 0.702 0.699 -0.051 0.919	R 118 1 3 0.173 0.193 0.006 -6.554	4 -0.766 -0.735 -0.131 -10.932
L 9 1 1 -0.473 -0.484 0.062 3.591	2 0.701 0.698 -0.074 0.787	R 118 1 3 0.173 0.192 -0.006 -6.756	4 -0.769 -0.737 -0.096 -10.343
L 10 1 1 -0.469 -0.482 0.085 3.899	2 0.699 0.697 -0.062 0.629	R 119 1 3 0.172 0.192 -0.051 -6.914	4 -0.769 -0.739 -0.096 -10.580
L 10 1 1 -0.469 -0.479 0.062 3.319	2 0.697 0.697 -0.006 0.514	R 0 0 3 0.170 0.191 -0.017 -7.231	4 -0.772 -0.741 -0.096 -10.949
L 11 1 1 -0.465 -0.477 0.119 3.749	2 0.697 0.696 -0.051 0.602	R 1 0 3 0.169 0.190 -0.040 -7.134	4 -0.775 -0.744 -0.142 -11.020
L 12 1 1 -0.462 -0.474 0.153 4.004	2 0.696 0.694 -0.062 0.646	R 1 0 3 0.169 0.189 -0.040 -7.055	4 -0.778 -0.746 -0.006 -10.633
L 13 1 1 -0.458 -0.471 0.108 4.004	2 0.694 0.693 -0.142 0.813	R 2 0 3 0.168 0.186 -0.153 -6.378	4 -0.778 -0.745 0.017 -11.811
L 13 1 1 -0.458 -0.467 0.051 3.134	2 0.693 0.691 -0.062 1.024	R 3 0 3 0.166 0.183 -0.096 -5.780	4 -0.781 -0.744 0.006 -13.279
L 14 1 1 -0.454 -0.463 0.176 2.888	2 0.693 0.687 -0.153 2.193	R 4 0 3 0.165 0.179 -0.131 -4.840	4 -0.784 -0.743 -0.017 -14.220
L 15 1 1 -0.450 -0.458 0.153 2.519	2 0.692 0.682 -0.131 3.354	R 4 0 3 0.165 0.176 -0.051 -4.321	4 -0.786 -0.743 -0.051 -14.325
L 16 1 1 -0.447 -0.454 0.119 2.290	2 0.690 0.680 -0.062 3.547	R 5 0 3 0.163 0.174 -0.119 -4.066	4 -0.786 -0.744 -0.074 -14.554
L 16 1 1 -0.447 -0.451 0.085 1.464	2 0.689 0.680 0.017 3.248	R 6 0 3 0.160 0.173 -0.040 -4.330	4 -0.786 -0.746 -0.074 -13.938
L 17 1 1 -0.443 -0.448 0.096 1.648	2 0.689 0.681 0.040 2.949	R 7 0 3 0.158 0.172 -0.017 -4.365	4 -0.786 -0.750 -0.176 -12.699
L 18 1 1 -0.439 -0.445 0.108 2.009	2 0.688 0.681 0.017 2.404	R 7 0 3 0.158 0.170 -0.040 -4.541	4 -0.784 -0.752 -0.085 -12.048
L 19 1 1 -0.436 -0.442 0.119 2.035	2 0.687 0.680 -0.017 2.132	R 8 0 3 0.154 0.168 -0.085 -4.857	4 -0.784 -0.752 0.006 -11.503
L 19 1 1 -0.436 -0.439 0.108 0.936	2 0.685 0.680 -0.028 2.079	R 9 0 3 0.150 0.165 -0.131 -4.804	4 -0.781 -0.751 0.006 -10.571
L 20 1 1 -0.432 -0.435 0.119 0.875	2 0.685 0.677 -0.040 2.730	R 10 0 3 0.146 0.162 -0.074 -4.558	4 -0.776 -0.750 0.085 -9.578
L 21 1 1 -0.428 -0.432 0.176 0.989	2 0.684 0.675 -0.085 3.433	R 10 0 3 0.146 0.159 -0.108 -4.312	4 -0.770 -0.749 0.017 -9.569
L 22 1 1 -0.425 -0.429 0.074 1.130	2 0.683 0.672 -0.096 3.846	R 11 0 3 0.141 0.155 -0.131 -5.051	4 -0.770 -0.746 0.028 -8.101
L 22 1 1 -0.425 -0.427 0.051 0.620	2 0.682 0.671 -0.085 4.171	R 12 0 3 0.135 0.152 -0.187 -5.701	4 -0.761 -0.743 0.176 -6.624
L 23 1 1 -0.421 -0.424 0.142 0.971	2 0.682 0.668 -0.085 4.936	R 13 0 3 0.128 0.149 -0.108 -5.710	4 -0.751 -0.739 0.323 -5.024
L 24 1 1 -0.418 -0.422 0.085 1.270	2 0.681 0.665 -0.153 5.727	R 13 0 3 0.128 0.143 -0.187 -5.297	4 -0.739 -0.735 0.142 -5.851
L 25 1 1 -0.414 -0.418 0.119 1.112	2 0.680 0.661 -0.176 7.002	R 14 0 3 0.121 0.138 -0.233 -5.886	4 -0.739 -0.727 0.108 -3.960
L 25 1 1 -0.414 -0.414 0.108 -0.057	2 0.679 0.656 -0.165 8.479	R 15 0 3 0.112 0.133 -0.221 -6.659	4 -0.725 -0.720 0.482 -2.299
L 26 1 1 -0.410 -0.412 0.165 0.347	2 0.679 0.651 -0.131 9.640	R 16 0 3 0.104 0.126 -0.210 -5.692	4 -0.709 -0.712 0.596 -0.013
L 27 1 1 -0.407 -0.408 0.131 0.154	2 0.678 0.648 -0.119 10.651	R 16 0 3 0.104 0.115 -0.301 -4.084	4 -0.692 -0.701 -0.062 -2.422
L 28 1 1 -0.403 -0.406 0.062 0.418	2 0.677 0.646 -0.074 11.275	R 17 0 3 0.095 0.106 -0.346 -3.969	4 -0.692 -0.691 0.448 -0.233
L 28 1 1 -0.403 -0.403 0.040 -0.127	2 0.677 0.643 -0.096 11.793	R 18 0 3 0.085 0.096 -0.403 -3.380	4 -0.673 -0.681 0.607 1.622
L 29 1 1 -0.400 -0.401 0.131 0.163	2 0.677 0.642 -0.017 12.163	R 19 0 3 0.075 0.086 -0.278 -1.640	4 -0.653 -0.665 0.664 2.571
L 30 1 1 -0.397 -0.399 0.119 0.593	2 0.676 0.641 -0.051 12.277	R 19 0 3 0.075 0.077 -0.301 -0.892	4 -0.632 -0.650 0.199 -0.901
L 31 1 1 -0.393 -0.395 0.040 0.409	2 0.675 0.641 0.028 11.899	R 20 0 3 0.065 0.070 -0.233 -1.798	4 -0.632 -0.633 0.698 0.207
L 31 1 1 -0.393 -0.395 0.028 0.541	2 0.674 0.641 0.028 11.618	R 21 0 3 0.054 0.065 -0.267 -2.826	4 -0.610 -0.619 0.653 1.903
L 32 1 1 -0.390 -0.394 0.028 1.358	2 0.674 0.642 -0.006 11.451	R 22 0 3 0.044 0.058 -0.176 -2.571	4 -0.588 -0.603 0.709 3.424
L 33 1 1 -0.386 -0.393 0.006 2.167	2 0.674 0.642 -0.017 11.196	R 22 0 3 0.044 0.050 -0.199 -2.255	4 -0.565 -0.580 0.437 -2.255
L 34 1 1 -0.383 -0.391 0.051 2.730	2 0.673 0.641 -0.028 11.327	R 23 0 3 0.034 0.043 -0.255 -2.914	4 -0.565 -0.564 0.596 0.057
L 34 1 1 -0.383 -0.389 0.006 2.308	2 0.673 0.640 -0.051 11.582	R 24 0 3 0.024 0.036 -0.312 -3.512	4 -0.541 -0.551 0.732 2.044
L 35 1 1 -0.379 -0.388 0.119 2.958	2 0.673 0.638 -0.074 12.189	R 25 0 3 0.014 0.028 -0.199 -2.800	4 -0.517 -0.532 0.687 3.415
L 36 1 1 -0.376 -0.387 0.017 3.653	2 0.672 0.636 -0.051 12.391	R 25 0 3 0.014 0.019 -0.255 -1.903	4 -0.494 -0.513 0.369 -1.121
L 37 1 1 -0.373 -0.386 -0.006 4.365	2 0.672 0.635 -0.096 12.910	R 26 0 3 0.004 0.011 -0.289 -2.149	4 -0.494 -0.494 0.743 0.101
L 37 1 1 -0.373 -0.385 -0.017 4.215	2 0.671 0.634 -0.028 13.182	R 27 0 3 -0.005 0.006 -0.244 -2.835	4 -0.470 -0.479 0.585 2.202
L 38 1 1 -0.370 -0.385 0.006 5.437	2 0.671 0.633 0.017 13.218	R 28 0 3 -0.013 -0.000 -0.165 -2.431	4 -0.447 -0.463 0.812 3.565
L 39 1 1 -0.366 -0.385 -0.006 6.571	2 0.671 0.633 -0.006 13.209	R 28 0 3 -0.013 -0.007 -0.187 -2.053	4 -0.424 -0.442 0.426 -1.429
L 40 1 1 -0.363 -0.385 0.017 7.371	2 0.670 0.633 -0.006 13.147	R 29 0 3 -0.020 -0.014 -0.221 -2.299	4 -0.424 -0.423 0.664 0.048
L 40 1 1 -0.363 -0.384 -0.028 7.582	2 0.670 0.633 -0.006 13.130	R 30 0 3 -0.027 -0.018 -0.176 -2.941	4 -0.402 -0.412 0.607 2.097
L 41 1 1 -0.360 -0.384 0.017 8.330	2 0.670 0.633 -0.040 13.068	R 31 0 3 -0.033 -0.021 -0.096 -2.844	4 -0.381 -0.396 0.585 3.582
L 42 1 1 -0.356 -0.382 0.028 8.989	2 0.670 0.632 -0.062 13.182	R 31 0 3 -0.033 -0.027 -0.221 -2.070	4 -0.360 -0.378 0.380 -0.593
L 43 1 1 -0.353 -0.381 0.062 9.270	2 0.669 0.631 -0.040 13.516	R 32 0 3 -0.038 -0.033 -0.187 -1.754	4 -0.360 -0.360 0.675 0.057
L 43 1 1 -0.353 -0.379 0.017 8.910	2 0.669 0.629 -0.062 14.185	R 33 0 3 -0.042 -0.036 -0.108 -2.009	4 -0.341 -0.348 0.528 1.877
L 44 1 1 -0.350 -0.376 0.108 9.024	2 0.669 0.627 -0.051 15.011	R 34 0 3 -0.046 -0.038 -0.028 -2.053	4 -0.322 -0.338 0.573 3.785
L 45 1 1 -0.347 -0.374 0.096 9.297	2 0.669 0.625 -0.074 15.574	R 34 0 3 -0.046 -0.041 -0.096 -1.886	4 -0.305 -0.321 0.369 -0.110
L 46 1 1 -0.344 -0.371 0.040 9.262	2 0.669 0.623 -0.051 16.251	R 35 0 3 -0.048 -0.042 -0.006 -2.105	4 -0.305 -0.305 0.539 0.136
L 46 1 1 -0.344 -0.369 0.062 8.778	2 0.669 0.621 -0.040 16.681	R 36 0 3 -0.049 -0.041 -0.028 -2.519	4 -0.288 -0.295 0.460 1.534
L 47 1 1 -0.341 -0.367 0.051 9.297	2 0.669 0.621 -0.006 16.884	R 37 0 3 -0.049 -0.042 0.017 -2.563	4 -0.273 -0.285 0.392 3.002
L 48 1 1 -0.337 -0.365 0.062 9.622	2 0.669 0.620 -0.028 16.927	R 37 0 3 -0.049 -0.043 -0.062 -2.273	4 -0.259 -0.273 0.312 0.031
L 49 1 1 -0.334 -0.364 0.085 9.921	2 0.669 0.620 -0.006 16.963	R 38 0 3 -0.047 -0.042 -0.006 -1.903	4 -0.259 -0.260 0.312 0.514
L 49 1 1 -0.334 -0.362 0.006 9.754	2 0.669 0.620 0.006 16.980	R 39 0 3 -0.045 -0.041 0.017 -1.543	4 -0.246 -0.253 0.403 1.560
L 50 1 1 -0.331 -0.361 0.062 10.255	2 0.669 0.620 0.017 16.954	R 40 0 3 -0.042 -0.041 0.028 -1.314	4 -0.235 -0.245 0.278 2.536
L 51 1 1 -0.328 -0.359 0.074 10.615	2 0.669 0.620 -0.006 16.989	R 40 0 3 -0.042 -0.039 -0.006 -1.068	4 -0.225 -0.237 0.096 0.576
L 52 1 1 -0.325 -0.357 0.074 10.818	2 0.669 0.620 -0.051 17.103	R 41 0 3 -0.038 -0.038 0.062 -0.189	4 -0.225 -0.227 0.221 0.910
L 52 1 1 -0.325 -0.355 0.028 10.360	2 0.669 0.620 -0.006 17.191	R 42 0 3 -0.033 -0.036 0.074 0.215	4 -0.216 -0.222 0.278 1.903
L 53 1 1 -0.322 -0.353 0.085 10.686	2 0.669 0.620 -0.017 17.244	R 43 0 3 -0.027 -0.032 0.108 0.268	4 -0.208 -0.217 0.176 2.835
L 54 1 1 -0.319 -0.351 0.096 11.169	2 0.669 0.619 -0.051 17.455	R 43 0 3 -0.027 -0.025 0.131 -0.470	4 -0.201 -0.212 0.165 0.998
L 55 1 1 -0.316 -0.350 0.062 11.363	2 0.669 0.619 -0.017 17.508	R 44 0 3 -0.020 -0.019 0.301 -0.435	4 -0.201 -0.205 0.165 1.165
L 55 1 1 -0.316 -0.348 0.006 11.213	2 0.670 0.619 0.006 17.552	R 45 0 3 -0.012 -0.014 0.267 -0.022	4 -0.196 -0.199 0.244 1.095
L 56 1 1 -0.313 -0.346 0.040 11.574	2 0.670 0.619 -0.017 17.648	R 46 0 3 -0.004 -0.008 0.119 -0.505	4 -0.191 -0.196 0.210 1.393
L 57 1 1 -0.310 -0.344 0.108 11.829	2 0.670 0.619 -0.028 17.895	R 46 0 3 -0.004 -0.000 0.085 -1.209	4 -0.187 -0.194 -0.062 0.989
L 58 1 1 -0.307 -0.343 0.085 12.031	2 0.670 0.619 -0.028 -17.886	R 47 0 3 0.005 0.007 0.255 -0.497	4 -0.187 -0.192 0.062 1.516
L 58 1 1 -0.307 -0.341 0.006 11.820	2 0.671 0.618 -0.040 -17.710	R 48 0 3 0.015 0.011 0.301 0.593	4 -0.184 -0.189 0.074 1.736
L 59 1 1 -0.305 -0.339 0.062 12.048	2 0.671 0.618 -0.006 -17.464	R 49 0 3 0.025 0.018 0.040 0.207	4 -0.182 -0.188 0.040 2.062
L 60 1 1 -0.302 -0.337 0.062 12.286	2 0.671 0.617 0.017 -17.200	R 49 0 3 0.025 0.027 0.221 -0.708	4 -0.180 -0.188 0.040 2.053
L 61 1 1 -0.299 -0.336 0.051 12.497	2 0.672 0.617 -0.176 -17.103	R 50 0 3 0.035 0.034 0.380 0.171	4 -0.180 -0.186 0.051 2.018
L 61 1 1 -0.299 -0.334 0.006 12.312	2 0.672 0.617 0.017 -17.015	R 51 0 3 0.046 0.041 0.358 0.884	4 -0.179 -0.184 0.062 1.921
L 62 1 1 -0.296 -0.332 0.051 12.585	2 0.672 0.617 0.017 -16.936	R 52 0 3 0.057 0.049 0.085 0.277	4 -0.178 -0.183 0.040 1.763
L 63 1 1 -0.293 -0.331 0.062 12.980	2 0.673 0.617 -0.176 -16.646	R 52 0 3 0.057 0.060 0.278 -1.112	4 -0.177 -0.183 -0.017 1.736
L 64 1 1 -0.290 -0.329 0.062 13.262	2 0.673 0.617 -0.006 -16.549	R 53 0 3 0.068 0.067 0.403 0.075	4 -0.177 -0.183 -0.006 1.807
L 64 1 1 -0.290 -0.328 -0.006 13.051	2 0.674 0.617 0.017 -16.426	R 54 0 3 0.079 0.074 0.403 0.716	4 -0.177 -0.183 -0.006 1.815
L 65 1 1 -0.288 -0.326 0.028 13.508	2 0.674 0.617 0.017 -16.259	R 55 0 3 0.090 0.083 0.017 0.207	4 -0.178 -0.183 0.006 1.622
L 66 1 1 -0.285 -0.324 0.040 13.719	2 0.674 0.617 -0.006 -15.969	R 55 0 3 0.090 0.092 0.289 -0.470	4 -0.179 -0.183 -0.017 1.631
L 67 1 1 -0.282 -0.323 0.062 13.965	2 0.675 0.617 -0.006 -15.846	R 56 0 3 0.102 0.101 0.460 0.330	4 -0.179 -0.183 -0.051 1.314
L 67 1 1 -0.282 -0.321 0.085 13.481	2 0.676 0.617 -0.176 -15.714	R 57 0 3 0.114 0.107 0.233 1.736	4 -0.182 -0.184 -0.017 0.629
L 68 1 1 -0.279 -0.319 0.062 13.736	2 0.676 0.617 0.017 -15.582	R 58 0 3 0.127 0.118 0.244 0.198	4 -0.185 -0.186 -0.142 0.514
L 69 1 1 -0.277 -0.317 0.028 14.167	2 0.677 0.617 0.028 -15.319	R 58 0 3 0.127 0.129 0.289 -0.655	4 -0.190 -0.190 -0.096 1.736
L 70 1 1 -0.274 -0.315 0.074 14.114	2 0.677 0.617 -0.017 -15.046	R 59 0 3 0.140 0.138 0.471 0.356	4 -0.190 -0.192 -0.051 0.919
L 70 1 1 -0.274 -0.314 0.028 13.763	2 0.678 0.617 0.040 -14.932	R 60 0 3 0.153 0.145 0.233 1.736	4 -0.195 -0.195 -0.165 0.022
L 71 1 1 -0.271 -0.312 0.051 14.167	2 0.678 0.617 -0.176 -14.686	R 61 0 3 0.166 0.157 0.255 0.224	4 -0.202 -0.199 -0.255 -0.681
L 72 1 1 -0.269 -0.310 0.062 14.510	2 0.679 0.618 -0.176 -14.448	R 61 0 3 0.166 0.168 0.301 -0.708	4 -0.210 -0.205 -0.165 1.068
L 73 1 1 -0.266 -0.309 0.074 14.686	2 0.680 0.618 -0.176 -14.193	R 62 0 3 0.180 0.178 0.505 0.303	4 -0.210 -0.213 -0.289 1.112
L 73 1 1 -0.266 -0.307 0.017 14.413	2 0.681 0.618 0.017 -14.088	R 63 0 3 0.194 0.187 0.380 1.279	4 -0.219 -0.220 -0.233 0.505
L 74 1 1 -0.264 -0.305 0.062 14.615	2 0.681 0.618 0.017 -13.851	R 64 0 3 0.208 0.199 0.176 0.224	4 -0.230 -0.227 -0.301 0.084
L 75 1 1 -0.261 -0.304 0.017 14.976	2 0.682 0.618 0.017 -13.516	R 64 0 3 0.208 0.210 0.369 -0.444	4 -0.242 -0.236 -0.267 1.455
L 76 1 1 -0.258 -0.302 0.074 14.993	2 0.683 0.619 0.028 -13.376	R 65 0 3 0.223 0.220 0.539 0.470	4 -0.242 -0.243 -0.255 0.541
L 76 1 1 -0.258 -0.301 0.028 14.765	2 0.684 0.619 0.017 -13.323	R 66 0 3 0.237 0.228 0.392 1.965	4 -0.255 -0.253 -0.482 0.048
L 77 1 1 -0.256 -0.299 0.017 15.029	2 0.684 0.619 -0.176 -13.244	R 67 0 3 0.252 0.242 0.210 0.400	4 -0.269 -0.264 -0.448 -0.532
L 78 1 1 -0.253 -0.297 0.051 15.248	2 0.685 0.620 -0.006 -12.989	R 67 0 3 0.252 0.255 0.448 -0.743	4 -0.285 -0.276 -0.255 1.121
L 79 1 1 -0.251 -0.296 0.028 15.635	2 0.687 0.620 0.040 -12.919	R 68 0 3 0.267 0.264 0.516 0.497	4 -0.285 -0.288 -0.448 0.716
L 79 1 1 -0.251 -0.294 0.074 15.231	2 0.688 0.621 -0.006 -12.910	R 69 0 3 0.283 0.275 0.414 1.376	4 -0.302 -0.299 -0.505 -0.541
L 80 1 1 -0.249 -0.292 0.051 15.371	2 0.688 0.621 -0.006 -12.760	R 70 0 3 0.298 0.287 0.210 0.233	4 -0.319 -0.311 -0.528 -1.059
L 81 1 1 -0.246 -0.290 0.096 15.503	2 0.689 0.622 -0.176 -12.338	R 70 0 3 0.298 0.302 0.392 -1.209	4 -0.338 -0.326 -0.346 1.657
L 82 1 1 -0.244 -0.289 0.108 15.591	2 0.690 0.622 0.040 -12.251	R 71 0 3 0.313 0.313 0.596 0.048	4 -0.338 -0.338 -0.437 -0.295
L 82 1 1 -0.244 -0.287 0.006 15.240	2 0.692 0.623 -0.176 -12.163	R 72 0 3 0.328 0.322 0.482 0.673	4 -0.358 -0.352 -0.743 -0.848
L 83 1 1 -0.241 -0.285 0.040 15.327	2 0.692 0.623 0.040 -12.066	R 73 0 3 0.343 0.335 0.210 -0.470	4 -0.378 -0.367 -0.482 -2.545
L 84 1 1 -0.239 -0.283 0.131 15.029	2 0.693 0.624 -0.176 -11.793	R 73 0 3 0.343 0.349 0.244 -2.044	4 -0.399 -0.382 -0.448 0.760
L 85 1 1 -0.237 -0.281 0.085 15.029	2 0.694 0.625 0.017 -11.670	R 74 0 3 0.358 0.361 0.505 -1.429	4 -0.399 -0.399 -0.539 -0.514
L 85 1 1 -0.237 -0.279 0.040 14.721	2 0.696 0.626 0.062 -11.749	R 75 0 3 0.373 0.371 0.539 -0.233	4 -0.420 -0.411 -0.675 -2.149
L 86 1 1 -0.234 -0.276 0.051 14.721	2 0.696 0.627 0.051 -11.723	R 76 0 3 0.387 0.380 0.176 -0.954	4 -0.442 -0.427 -0.698 -3.521
L 87 1 1 -0.232 -0.273 0.119 14.501	2 0.697 0.627 0.040 -11.442	R 76 0 3 0.387 0.393 0.176 -2.211	4 -0.464 -0.446 -0.380 0.532
L 88 1 1 -0.230 -0.272 0.119 14.211	2 0.699 0.629 0.051 -11.433	R 77 0 3 0.401 0.405 0.471 -1.560	4 -0.464 -0.464 -0.653 -0.435
L 88 1 1 -0.230 -0.270 0.028 13.930	2 0.701 0.631 0.096 -11.916	R 78 0 3 0.415 0.412 0.426 0.004	4 -0.486 -0.477 -0.687 -2.105
L 89 1 1 -0.227 -0.267 0.017 14.070	2 0.701 0.632 0.085 -12.084	R 79 0 3 0.428 0.420 0.119 -0.365	4 -0.508 -0.493 -0.585 -3.688
L 90 1 1 -0.225 -0.265 0.085 13.798	2 0.702 0.634 0.051 -12.145	R 79 0 3 0.428 0.433 0.233 -1.859	4 -0.530 -0.511 -0.392 0.277
L 91 1 1 -0.223 -0.263 0.074 13.851	2 0.704 0.637 0.062 -12.338	R 80 0 3 0.440 0.443 0.403 -1.429	4 -0.530 -0.530 -0.653 -0.391
L 91 1 1 -0.223 -0.262 0.006 13.552	2 0.706 0.640 0.131 -13.411	R 81 0 3 0.452 0.451 0.369 -0.391	4 -0.551 -0.543 -0.585 -1.938
L 92 1 1 -0.221 -0.260 0.017 13.516	2 0.706 0.642 0.062 -13.842	R 82 0 3 0.463 0.459 0.108 -0.796	4 -0.571 -0.556 -0.607 -3.705
L 93 1 1 -0.219 -0.257 0.108 13.358	2 0.707 0.644 0.062 -13.745	R 82 0 3 0.463 0.469 0.176 -2.105	4 -0.591 -0.574 -0.392 0.048
L 94 1 1 -0.217 -0.255 0.096 12.998	2 0.709 0.646 0.040 -13.789	R 83 0 3 0.474 0.477 0.289 -1.437	4 -0.591 -0.590 -0.607 -0.321
L 94 1 1 -0.217 -0.253 0.062 12.532	2 0.711 0.648 0.096 -14.202	R 84 0 3 0.484 0.484 0.244 -0.532	4 -0.610 -0.603 -0.437 -1.877
L 95 1 1 -0.215 -0.250 0.062 12.286	2 0.711 0.649 0.051 -14.343	R 85 0 3 0.492 0.488 0.017 -0.629	4 -0.627 -0.613 -0.528 -3.134
L 96 1 1 -0.212 -0.247 0.142 11.969	2 0.713 0.651 0.074 -14.343	R 85 0 3 0.492 0.496 0.131 -1.262	4 -0.643 -0.630 -0.346 -0.013
L 97 1 1 -0.210 -0.245 0.119 11.741	2 0.715 0.654 0.062 -14.369	R 86 0 3 0.500 0.503 0.244 -1.059	4 -0.643 -0.641 -0.414 -0.734
L 97 1 1 -0.210 -0.242 0.085 11.037	2 0.717 0.656 0.028 -14.958	R 87 0 3 0.507 0.507 0.255 -0.541	4 -0.658 -0.652 -0.460 -1.499
L 98 1 1 -0.208 -0.240 0.051 10.985	2 0.717 0.657 0.051 -15.196	R 88 0 3 0.513 0.512 0.153 -1.138	4 -0.671 -0.662 -0.289 -2.492
L 99 1 1 -0.206 -0.236 0.142 10.369	2 0.719 0.659 0.051 -14.993	R 88 0 3 0.513 0.517 0.096 -1.596	4 -0.683 -0.670 -0.187 -0.743
L 100 1 1 -0.204 -0.234 0.108 9.982	2 0.721 0.661 0.096 -14.879	R 89 0 3 0.517 0.520 0.085 -0.954	4 -0.683 -0.681 -0.392 -0.708
L 100 1 1 -0.204 -0.231 0.096 9.244	2 0.723 0.662 0.085 -15.336	R 90 0 3 0.521 0.521 0.062 -0.312	4 -0.693 -0.688 -0.289 -1.534
L 101 1 1 -0.202 -0.228 0.062 9.077	2 0.723 0.664 0.074 -15.495	R 91 0 3 0.523 0.521 -0.040 0.092	4 -0.701 -0.693 -0.187 -2.484
L 102 1 1 -0.200 -0.226 0.074 8.901	2 0.725 0.667 0.085 -15.662	R 91 0 3 0.523 0.522 0.040 0.426	4 -0.708 -0.696 -0.040 -2.176
L 103 1 1 -0.199 -0.224 0.051 8.725	2 0.727 0.672 0.142 -16.453	R 92 0 3 0.525 0.522 0.017 1.059	4 -0.708 -0.701 -0.199 -2.624
L 103 1 1 -0.199 -0.223 0.017 8.620	2 0.730 0.677 0.153 17.956	R 93 0 3 0.525 0.522 0.006 1.244	4 -0.713 -0.705 -0.267 -2.905
L 104 1 1 -0.197 -0.223 -0.017 9.007	2 0.730 0.682 0.119 16.708	R 94 0 3 0.525 0.522 0.006 1.270	4 -0.717 -0.709 -0.131 -2.651
L 105 1 1 -0.195 -0.222 0.006 9.429	2 0.732 0.687 0.119 16.040	R 94 0 3 0.525 0.521 -0.062 1.385	4 -0.719 -0.712 -0.040 -1.833
L 106 1 1 -0.193 -0.221 0.051 9.569	2 0.734 0.691 0.119 15.090	R 95 0 3 0.524 0.520 -0.040 1.297	4 -0.719 -0.714 -0.062 -1.930
L 106 1 1 -0.193 -0.220 0.040 9.297	2 0.737 0.693 0.085 14.633	R 96 0 3 0.522 0.519 -0.153 1.147	4 -0.721 -0.715 0.006 -2.105