L 0 1 1 -0.509 -0.510 0.108 0.497	2 0.717 0.709 -0.006 2.897	R 110 1 3 0.186 0.178 -0.028 3.178	4 -0.744 -0.694 -0.096 -17.631
L 1 1 1 -0.505 -0.507 0.233 0.514	2 0.715 0.707 -0.062 2.853	R 110 1 3 0.186 0.176 -0.051 3.345	4 -0.747 -0.698 -0.074 -16.646
L 2 1 1 -0.501 -0.504 0.085 0.752	2 0.713 0.706 -0.028 2.387	R 111 1 3 0.184 0.176 -0.051 2.949	4 -0.747 -0.700 -0.051 -16.347
L 2 1 1 -0.501 -0.501 0.096 0.119	2 0.711 0.706 -0.028 2.167	R 112 1 3 0.183 0.175 -0.108 2.923	4 -0.749 -0.702 -0.051 -16.497
L 3 1 1 -0.497 -0.498 0.119 0.400	2 0.711 0.704 -0.108 2.536	R 113 1 3 0.181 0.173 -0.028 3.002	4 -0.752 -0.704 -0.085 -16.664
L 4 1 1 -0.493 -0.496 0.176 0.831	2 0.709 0.702 -0.074 2.369	R 113 1 3 0.181 0.171 -0.074 3.380	4 -0.755 -0.706 -0.040 -16.462
L 5 1 1 -0.489 -0.493 0.006 0.901	2 0.707 0.700 -0.074 2.536	R 114 1 3 0.179 0.170 -0.006 3.196	4 -0.755 -0.706 -0.040 -17.024
L 5 1 1 -0.489 -0.490 0.119 0.180	2 0.706 0.698 -0.062 2.879	R 115 1 3 0.178 0.168 -0.085 3.407	4 -0.758 -0.707 -0.028 -17.675
L 6 1 1 -0.485 -0.485 0.085 0.198	2 0.706 0.697 -0.017 2.941	R 116 1 3 0.176 0.167 -0.017 3.380	4 -0.760 -0.709 -0.131 -17.719
L 7 1 1 -0.481 -0.484 0.119 0.945	2 0.704 0.695 -0.028 3.046	R 116 1 3 0.176 0.167 -0.051 3.486	4 -0.763 -0.712 -0.119 -17.086
L 8 1 1 -0.477 -0.481 0.040 1.059	2 0.702 0.695 -0.051 2.510	R 117 1 3 0.175 0.166 -0.006 3.081	4 -0.763 -0.714 -0.074 -17.455
L 8 1 1 -0.477 -0.479 0.028 0.699	2 0.701 0.694 -0.040 2.404	R 118 1 3 0.173 0.166 -0.017 2.765	4 -0.766 -0.716 -0.096 -17.727
L 9 1 1 -0.473 -0.477 0.119 1.103	2 0.701 0.692 -0.096 2.888	R 119 1 3 0.172 0.165 0.028 2.730	4 -0.769 -0.719 -0.108 -17.701
L 10 1 1 -0.469 -0.474 0.119 1.385	2 0.699 0.691 -0.051 2.703	R 119 1 3 0.172 0.164 -0.074 2.800	4 -0.772 -0.720 -0.085 -17.262
L 11 1 1 -0.465 -0.471 0.142 1.279	2 0.697 0.690 -0.074 2.879	R 0 0 3 0.170 0.163 -0.062 2.571	4 -0.772 -0.722 -0.051 -17.736
L 11 1 1 -0.465 -0.468 0.028 0.734	2 0.696 0.688 -0.051 3.020	R 1 0 3 0.169 0.162 -0.017 2.369	4 -0.775 -0.724 -0.062 17.965
L 12 1 1 -0.462 -0.466 0.108 1.182	2 0.696 0.687 -0.028 3.125	R 2 0 3 0.168 0.161 -0.006 2.545	4 -0.778 -0.726 -0.176 17.824
L 13 1 1 -0.458 -0.463 0.085 1.727	2 0.694 0.686 -0.062 2.897	R 2 0 3 0.168 0.160 -0.051 2.659	4 -0.781 -0.728 -0.062 -17.727
L 14 1 1 -0.454 -0.461 0.096 2.062	2 0.693 0.685 -0.108 2.958	R 3 0 3 0.166 0.159 -0.085 2.431	4 -0.781 -0.731 -0.062 -17.921
L 14 1 1 -0.454 -0.458 0.062 1.420	2 0.692 0.684 -0.017 2.800	R 4 0 3 0.165 0.159 -0.040 2.149	4 -0.784 -0.733 -0.074 -17.727
L 15 1 1 -0.450 -0.456 0.096 1.824	2 0.692 0.684 -0.006 2.747	R 5 0 3 0.163 0.157 0.006 2.158	4 -0.786 -0.736 -0.142 -17.200
L 16 1 1 -0.447 -0.453 0.062 2.281	2 0.690 0.682 -0.085 2.914	R 5 0 3 0.163 0.157 -0.040 2.158	4 -0.786 -0.739 -0.074 -16.558
L 17 1 1 -0.443 -0.451 0.119 2.369	2 0.689 0.682 -0.096 2.712	R 6 0 3 0.160 0.154 -0.051 2.105	4 -0.786 -0.741 -0.085 -16.057
L 17 1 1 -0.443 -0.448 0.017 1.578	2 0.688 0.681 -0.006 2.738	R 7 0 3 0.158 0.152 -0.085 1.859	4 -0.786 -0.742 -0.028 -15.609
L 18 1 1 -0.439 -0.445 0.165 1.833	2 0.688 0.678 -0.062 3.319	R 8 0 3 0.154 0.150 -0.062 2.149	4 -0.784 -0.742 0.006 -15.073
L 19 1 1 -0.436 -0.441 0.108 1.807	2 0.687 0.675 -0.051 3.881	R 8 0 3 0.154 0.147 -0.131 2.422	4 -0.781 -0.743 -0.006 -14.826
L 20 1 1 -0.432 -0.437 0.176 1.446	2 0.685 0.673 -0.187 4.541	R 9 0 3 0.150 0.145 -0.108 2.062	4 -0.781 -0.742 -0.028 -13.789
L 20 1 1 -0.432 -0.434 0.062 0.602	2 0.684 0.670 -0.017 5.033	R 10 0 3 0.146 0.143 -0.096 1.165	4 -0.776 -0.741 0.108 -12.787
L 21 1 1 -0.428 -0.431 0.119 0.892	2 0.684 0.667 -0.062 5.807	R 11 0 3 0.141 0.140 -0.051 1.147	4 -0.770 -0.740 0.119 -11.134
L 22 1 1 -0.425 -0.428 -0.006 1.068	2 0.683 0.665 -0.051 6.299	R 11 0 3 0.141 0.138 -0.040 1.051	4 -0.761 -0.738 -0.051 -11.081
L 23 1 1 -0.421 -0.426 0.062 1.226	2 0.682 0.662 -0.108 7.011	R 12 0 3 0.135 0.134 -0.165 0.356	4 -0.761 -0.733 0.074 -9.675
L 23 1 1 -0.421 -0.422 0.119 0.347	2 0.681 0.660 -0.051 7.635	R 13 0 3 0.128 0.131 -0.233 -0.497	4 -0.751 -0.728 0.244 -7.916
L 24 1 1 -0.418 -0.420 0.040 0.857	2 0.681 0.656 -0.153 8.637	R 14 0 3 0.121 0.126 -0.062 0.426	4 -0.739 -0.724 0.323 -6.123
L 25 1 1 -0.414 -0.416 0.278 0.505	2 0.680 0.653 -0.074 9.218	R 14 0 3 0.121 0.120 -0.199 0.048	4 -0.725 -0.719 0.074 -6.800
L 26 1 1 -0.410 -0.413 -0.028 0.470	2 0.679 0.649 -0.187 10.712	R 15 0 3 0.112 0.114 -0.244 -0.347	4 -0.725 -0.710 0.153 -4.822
L 26 1 1 -0.410 -0.410 0.131 -0.470	2 0.678 0.645 -0.131 12.031	R 16 0 3 0.104 0.109 -0.176 -0.910	4 -0.709 -0.702 0.528 -3.178
L 27 1 1 -0.407 -0.405 0.119 -0.629	2 0.678 0.640 -0.165 13.358	R 17 0 3 0.095 0.102 -0.187 -0.295	4 -0.692 -0.695 0.585 -0.004
L 28 1 1 -0.403 -0.401 0.153 -0.971	2 0.677 0.636 -0.108 14.607	R 17 0 3 0.095 0.094 -0.233 -0.189	4 -0.673 -0.684 0.096 -2.756
L 29 1 1 -0.400 -0.398 0.108 -1.174	2 0.677 0.632 -0.108 15.785	R 18 0 3 0.085 0.087 -0.346 -0.435	4 -0.673 -0.667 0.437 -1.842
L 29 1 1 -0.400 -0.394 0.108 -2.176	2 0.676 0.628 -0.108 16.857	R 19 0 3 0.075 0.079 -0.210 -0.435	4 -0.653 -0.661 0.619 1.305
L 30 1 1 -0.397 -0.392 0.062 -1.763	2 0.676 0.626 -0.131 17.516	R 20 0 3 0.065 0.073 -0.096 -0.453	4 -0.632 -0.646 0.550 3.134
L 31 1 1 -0.393 -0.390 0.062 -1.288	2 0.675 0.624 -0.040 17.938	R 20 0 3 0.065 0.066 -0.165 -0.892	4 -0.610 -0.630 0.233 -0.180
L 32 1 1 -0.390 -0.388 0.051 -0.919	2 0.674 0.622 -0.040 -17.657	R 21 0 3 0.054 0.062 -0.199 -2.651	4 -0.610 -0.615 0.550 1.095
L 32 1 1 -0.390 -0.387 0.040 -0.998	2 0.674 0.621 -0.006 -17.446	R 22 0 3 0.044 0.058 -0.233 -4.127	4 -0.588 -0.596 0.914 1.824
L 33 1 1 -0.386 -0.387 0.051 0.022	2 0.674 0.620 -0.040 -17.182	R 23 0 3 0.034 0.052 -0.187 -4.127	4 -0.565 -0.578 0.562 2.897
L 34 1 1 -0.383 -0.385 0.085 0.708	2 0.673 0.619 -0.051 -17.015	R 23 0 3 0.034 0.044 -0.244 -3.653	4 -0.541 -0.560 0.255 -1.165
L 35 1 1 -0.379 -0.383 0.017 0.927	2 0.673 0.617 -0.074 -16.505	R 24 0 3 0.024 0.036 -0.278 -4.400	4 -0.541 -0.542 0.664 0.198
L 35 1 1 -0.379 -0.382 -0.006 0.892	2 0.672 0.616 -0.051 -16.365	R 25 0 3 0.014 0.028 -0.369 -4.365	4 -0.517 -0.529 0.653 2.809
L 36 1 1 -0.376 -0.382 0.040 1.833	2 0.672 0.616 -0.176 -16.356	R 26 0 3 0.004 0.018 -0.301 -2.527	4 -0.494 -0.513 0.732 4.541
L 37 1 1 -0.373 -0.382 -0.017 3.169	2 0.672 0.616 -0.006 -16.479	R 26 0 3 0.004 0.007 -0.358 -1.015	4 -0.470 -0.491 0.426 -0.189
L 38 1 1 -0.370 -0.382 0.006 4.295	2 0.671 0.616 -0.006 -16.382	R 27 0 3 -0.005 -0.000 -0.187 -1.552	4 -0.470 -0.472 0.675 0.752
L 38 1 1 -0.370 -0.382 -0.017 4.409	2 0.671 0.615 -0.176 -16.251	R 28 0 3 -0.013 -0.004 -0.142 -2.624	4 -0.447 -0.459 0.755 3.187
L 39 1 1 -0.366 -0.382 0.006 5.499	2 0.671 0.614 -0.028 -15.996	R 29 0 3 -0.020 -0.007 -0.062 -3.046	4 -0.424 -0.443 0.755 4.347
L 40 1 1 -0.363 -0.382 0.006 6.580	2 0.670 0.613 -0.040 -15.785	R 29 0 3 -0.020 -0.012 -0.176 -2.985	4 -0.402 -0.421 0.369 -0.374
L 41 1 1 -0.360 -0.382 0.017 7.345	2 0.670 0.611 -0.119 -15.222	R 30 0 3 -0.027 -0.017 -0.210 -3.459	4 -0.402 -0.404 0.596 0.690
L 41 1 1 -0.360 -0.381 0.017 7.319	2 0.670 0.609 -0.096 -14.668	R 31 0 3 -0.033 -0.021 -0.176 -3.987	4 -0.381 -0.390 0.675 2.369
L 42 1 1 -0.356 -0.379 0.028 7.908	2 0.670 0.607 -0.062 -13.974	R 32 0 3 -0.038 -0.026 -0.142 -3.292	4 -0.360 -0.377 0.528 4.330
L 43 1 1 -0.353 -0.378 0.006 8.620	2 0.669 0.604 -0.051 -13.411	R 32 0 3 -0.038 -0.032 -0.199 -2.281	4 -0.341 -0.361 0.346 0.752
L 44 1 1 -0.350 -0.377 0.085 8.919	2 0.669 0.602 -0.040 -12.479	R 33 0 3 -0.042 -0.037 -0.119 -2.105	4 -0.341 -0.344 0.539 1.429
L 44 1 1 -0.350 -0.375 0.028 8.936	2 0.669 0.600 -0.062 -11.776	R 34 0 3 -0.046 -0.039 -0.074 -2.255	4 -0.322 -0.333 0.607 2.897
L 45 1 1 -0.347 -0.374 0.028 9.473	2 0.669 0.599 -0.028 -11.486	R 35 0 3 -0.048 -0.039 0.040 -2.519	4 -0.305 -0.321 0.539 4.338
L 46 1 1 -0.344 -0.373 0.040 10.202	2 0.669 0.598 -0.017 -11.319	R 35 0 3 -0.048 -0.040 -0.017 -2.730	4 -0.288 -0.306 0.323 0.822
L 47 1 1 -0.341 -0.372 0.062 10.659	2 0.669 0.598 -0.051 -10.967	R 36 0 3 -0.049 -0.040 -0.028 -3.055	4 -0.288 -0.291 0.471 0.998
L 47 1 1 -0.341 -0.371 0.040 10.563	2 0.669 0.597 -0.028 -10.756	R 37 0 3 -0.049 -0.039 0.006 -3.240	4 -0.273 -0.283 0.437 2.703
L 48 1 1 -0.337 -0.369 0.051 11.055	2 0.669 0.596 -0.006 -10.440	R 38 0 3 -0.047 -0.040 -0.028 -2.923	4 -0.259 -0.272 0.392 3.626
L 49 1 1 -0.334 -0.368 0.028 11.688	2 0.669 0.595 -0.006 -10.176	R 38 0 3 -0.047 -0.041 -0.051 -2.378	4 -0.246 -0.262 0.199 1.033
L 50 1 1 -0.331 -0.366 0.096 11.837	2 0.669 0.595 -0.028 -9.956	R 39 0 3 -0.045 -0.041 0.017 -1.754	4 -0.246 -0.252 0.244 2.044
L 50 1 1 -0.331 -0.365 0.062 11.626	2 0.669 0.594 -0.176 -9.798	R 40 0 3 -0.042 -0.039 0.062 -1.314	4 -0.235 -0.244 0.437 2.580
L 51 1 1 -0.328 -0.363 0.028 12.180	2 0.669 0.594 -0.176 -9.684	R 41 0 3 -0.038 -0.038 0.051 -1.103	4 -0.225 -0.236 0.323 3.037
L 52 1 1 -0.325 -0.361 0.096 12.514	2 0.669 0.593 -0.051 -9.473	R 41 0 3 -0.038 -0.036 0.006 -0.611	4 -0.216 -0.228 0.062 1.130
L 53 1 1 -0.322 -0.359 0.108 12.479	2 0.669 0.592 -0.062 -9.086	R 42 0 3 -0.033 -0.033 0.199 -0.321	4 -0.216 -0.221 0.176 2.044
L 53 1 1 -0.322 -0.357 0.051 12.189	2 0.669 0.591 -0.040 -8.690	R 43 0 3 -0.027 -0.029 0.187 0.251	4 -0.208 -0.216 0.358 2.176
L 54 1 1 -0.319 -0.354 0.074 12.400	2 0.669 0.590 -0.176 -8.251	R 44 0 3 -0.020 -0.024 0.131 -0.110	4 -0.201 -0.211 0.233 2.800
L 55 1 1 -0.316 -0.352 0.131 12.365	2 0.669 0.588 -0.062 -7.811	R 44 0 3 -0.020 -0.017 0.074 -0.760	4 -0.196 -0.205 0.119 1.156
L 56 1 1 -0.313 -0.350 0.051 12.479	2 0.670 0.588 -0.176 -7.389	R 45 0 3 -0.012 -0.011 0.221 -0.576	4 -0.196 -0.199 0.040 1.253
L 56 1 1 -0.313 -0.348 0.062 11.960	2 0.670 0.587 -0.028 -7.090	R 46 0 3 -0.004 -0.004 0.392 -0.462	4 -0.191 -0.197 0.199 1.675
L 57 1 1 -0.310 -0.345 -0.006 12.514	2 0.670 0.587 -0.006 -6.923	R 47 0 3 0.005 0.002 0.210 -1.147	4 -0.187 -0.194 0.153 2.176
L 58 1 1 -0.307 -0.344 0.085 12.462	2 0.670 0.587 -0.006 -6.668	R 47 0 3 0.005 0.009 0.074 -1.297	4 -0.184 -0.192 0.085 1.578
L 59 1 1 -0.305 -0.342 0.074 12.655	2 0.671 0.587 -0.006 -6.536	R 48 0 3 0.015 0.016 0.210 -0.532	4 -0.184 -0.189 0.062 1.692
L 59 1 1 -0.305 -0.340 0.028 12.426	2 0.671 0.587 -0.176 -6.448	R 49 0 3 0.025 0.021 0.335 0.549	4 -0.182 -0.188 0.028 2.097
L 60 1 1 -0.302 -0.339 -0.051 13.103	2 0.671 0.587 -0.176 -6.308	R 50 0 3 0.035 0.027 0.051 0.470	4 -0.180 -0.188 0.028 2.563
L 61 1 1 -0.299 -0.337 0.051 13.130	2 0.672 0.587 -0.176 -6.176	R 50 0 3 0.035 0.037 0.233 -0.374	4 -0.179 -0.186 0.051 1.842
L 62 1 1 -0.296 -0.336 0.040 13.516	2 0.672 0.587 -0.006 -6.053	R 51 0 3 0.046 0.044 0.392 0.479	4 -0.179 -0.184 0.085 1.525
L 62 1 1 -0.296 -0.333 0.096 12.980	2 0.673 0.587 -0.176 -5.974	R 52 0 3 0.057 0.050 0.323 1.174	4 -0.178 -0.182 0.017 1.543
L 63 1 1 -0.293 -0.331 0.085 13.253	2 0.673 0.587 0.017 -5.807	R 53 0 3 0.068 0.061 0.165 -0.127	4 -0.177 -0.182 -0.017 1.666
L 64 1 1 -0.290 -0.330 0.040 13.798	2 0.673 0.587 -0.176 -5.666	R 53 0 3 0.068 0.071 0.210 -1.130	4 -0.177 -0.182 0.040 1.499
L 65 1 1 -0.288 -0.329 0.040 14.149	2 0.674 0.587 0.017 -5.420	R 54 0 3 0.079 0.081 0.392 -0.716	4 -0.177 -0.181 -0.006 1.253
L 65 1 1 -0.288 -0.327 0.062 13.692	2 0.674 0.587 -0.017 -5.279	R 55 0 3 0.090 0.088 0.460 0.180	4 -0.178 -0.181 -0.062 1.095
L 66 1 1 -0.285 -0.325 -0.040 14.246	2 0.674 0.587 -0.006 -5.051	R 56 0 3 0.102 0.095 0.199 -0.374	4 -0.179 -0.181 -0.051 0.760
L 67 1 1 -0.282 -0.323 0.096 14.211	2 0.675 0.586 0.017 -4.919	R 56 0 3 0.102 0.106 0.210 -1.165	4 -0.182 -0.183 -0.074 1.024
L 68 1 1 -0.279 -0.321 0.040 14.387	2 0.676 0.586 -0.017 -4.655	R 57 0 3 0.114 0.112 0.414 0.391	4 -0.182 -0.184 -0.051 0.646
L 68 1 1 -0.279 -0.320 -0.017 14.176	2 0.677 0.586 -0.176 -4.576	R 58 0 3 0.127 0.119 0.244 1.710	4 -0.185 -0.185 -0.131 -0.022
L 69 1 1 -0.277 -0.318 0.074 14.334	2 0.677 0.586 0.017 -4.374	R 59 0 3 0.140 0.130 0.255 0.400	4 -0.190 -0.190 -0.255 0.435
L 70 1 1 -0.274 -0.316 0.074 14.536	2 0.677 0.586 -0.028 -4.145	R 59 0 3 0.140 0.142 0.255 -0.541	4 -0.195 -0.195 -0.108 1.886
L 71 1 1 -0.271 -0.314 0.096 14.510	2 0.678 0.587 -0.006 -3.758	R 60 0 3 0.153 0.150 0.482 0.593	4 -0.195 -0.197 -0.062 0.769
L 71 1 1 -0.271 -0.312 0.040 14.334	2 0.679 0.587 -0.176 -3.723	R 61 0 3 0.166 0.159 0.358 1.288	4 -0.202 -0.201 -0.244 -0.215
L 72 1 1 -0.269 -0.310 0.096 14.527	2 0.679 0.587 -0.006 -3.521	R 62 0 3 0.180 0.171 0.199 -0.084	4 -0.210 -0.205 -0.131 -0.400
L 73 1 1 -0.266 -0.309 0.017 15.020	2 0.680 0.587 -0.176 -3.257	R 62 0 3 0.180 0.182 0.312 -0.699	4 -0.219 -0.212 -0.210 0.303
L 74 1 1 -0.264 -0.307 0.074 14.985	2 0.681 0.587 0.028 -2.862	R 63 0 3 0.194 0.193 0.562 -0.013	4 -0.219 -0.221 -0.369 0.277
L 74 1 1 -0.264 -0.306 0.017 14.695	2 0.682 0.587 -0.006 -2.747	R 64 0 3 0.208 0.202 0.403 0.743	4 -0.230 -0.230 -0.358 0.127
L 75 1 1 -0.261 -0.303 0.096 14.651	2 0.682 0.587 0.017 -2.466	R 65 0 3 0.223 0.212 0.131 0.215	4 -0.242 -0.237 -0.255 -0.303
L 76 1 1 -0.258 -0.302 0.096 14.897	2 0.683 0.587 0.028 -2.220	R 65 0 3 0.223 0.226 0.323 -1.015	4 -0.255 -0.244 -0.176 0.242
L 77 1 1 -0.256 -0.300 0.085 15.046	2 0.684 0.587 0.017 -1.851	R 66 0 3 0.237 0.236 0.630 0.136	4 -0.255 -0.256 -0.505 0.242
L 77 1 1 -0.256 -0.298 0.040 14.853	2 0.685 0.587 0.028 -1.903	R 67 0 3 0.252 0.244 0.392 1.508	4 -0.269 -0.266 -0.437 -0.505
L 78 1 1 -0.253 -0.297 0.062 15.099	2 0.685 0.587 -0.028 -1.833	R 68 0 3 0.267 0.257 0.165 0.171	4 -0.285 -0.277 -0.358 -1.270
L 79 1 1 -0.251 -0.295 0.028 15.574	2 0.687 0.587 -0.017 -1.824	R 68 0 3 0.267 0.271 0.482 -0.998	4 -0.302 -0.290 -0.312 0.980
L 80 1 1 -0.249 -0.294 0.062 15.451	2 0.688 0.587 -0.176 -1.798	R 69 0 3 0.283 0.281 0.494 0.321	4 -0.302 -0.304 -0.539 0.180
L 80 1 1 -0.249 -0.292 0.017 15.213	2 0.689 0.587 0.028 -1.842	R 70 0 3 0.298 0.291 0.550 0.690	4 -0.319 -0.313 -0.437 -1.367
L 81 1 1 -0.246 -0.290 -0.017 15.582	2 0.689 0.587 0.040 -1.833	R 71 0 3 0.313 0.304 0.051 0.136	4 -0.338 -0.327 -0.664 -1.982
L 82 1 1 -0.244 -0.289 0.108 15.538	2 0.690 0.587 -0.176 -1.851	R 71 0 3 0.313 0.316 0.358 -1.253	4 -0.358 -0.342 -0.278 0.233
L 83 1 1 -0.241 -0.287 0.074 15.688	2 0.692 0.587 0.017 -1.807	R 72 0 3 0.328 0.329 0.607 -0.646	4 -0.358 -0.356 -0.471 -0.673
L 83 1 1 -0.241 -0.286 0.006 15.389	2 0.693 0.587 -0.176 -1.824	R 73 0 3 0.343 0.339 0.585 0.022	4 -0.378 -0.368 -0.675 -2.677
L 84 1 1 -0.239 -0.282 0.062 15.433	2 0.693 0.587 0.017 -1.842	R 74 0 3 0.358 0.352 0.255 -1.358	4 -0.399 -0.383 -0.721 -3.626
L 85 1 1 -0.237 -0.281 0.085 15.266	2 0.694 0.587 0.028 -1.868	R 74 0 3 0.358 0.366 0.244 -2.835	4 -0.420 -0.400 -0.278 -0.488
L 86 1 1 -0.234 -0.279 0.119 15.222	2 0.696 0.587 0.028 -1.824	R 75 0 3 0.373 0.378 0.323 -2.079	4 -0.420 -0.415 -0.539 -1.701
L 86 1 1 -0.234 -0.277 0.096 14.809	2 0.697 0.588 -0.006 -1.780	R 76 0 3 0.387 0.387 0.482 -0.804	4 -0.442 -0.430 -0.743 -3.125
L 87 1 1 -0.232 -0.274 -0.028 15.090	2 0.697 0.588 -0.176 -1.851	R 77 0 3 0.401 0.397 0.244 -1.684	4 -0.464 -0.445 -0.550 -5.200
L 88 1 1 -0.230 -0.272 0.131 14.695	2 0.699 0.588 0.017 -1.842	R 77 0 3 0.401 0.408 0.301 -2.844	4 -0.486 -0.464 -0.482 -0.585
L 89 1 1 -0.227 -0.270 0.119 14.510	2 0.701 0.588 0.028 -1.763	R 78 0 3 0.415 0.419 0.289 -1.930	4 -0.486 -0.483 -0.539 -1.376
L 89 1 1 -0.227 -0.268 0.051 14.176	2 0.702 0.588 0.062 -1.754	R 79 0 3 0.428 0.428 0.505 -0.831	4 -0.508 -0.495 -0.687 -3.538
L 90 1 1 -0.225 -0.266 -0.006 14.325	2 0.702 0.588 0.017 -1.851	R 80 0 3 0.440 0.437 0.199 -1.719	4 -0.530 -0.511 -0.709 -4.716
L 91 1 1 -0.223 -0.263 0.119 14.009	2 0.704 0.588 0.051 -1.859	R 80 0 3 0.440 0.447 0.267 -2.791	4 -0.551 -0.530 -0.346 -0.611
L 92 1 1 -0.221 -0.261 0.119 13.666	2 0.706 0.589 -0.176 -1.745	R 81 0 3 0.452 0.457 0.289 -1.912	4 -0.551 -0.545 -0.585 -1.833
L 92 1 1 -0.221 -0.259 0.096 13.147	2 0.707 0.590 0.040 -1.684	R 82 0 3 0.463 0.465 0.323 -1.112	4 -0.571 -0.559 -0.687 -3.178
L 93 1 1 -0.219 -0.257 0.040 13.349	2 0.707 0.590 0.040 -1.868	R 83 0 3 0.474 0.472 0.199 -1.710	4 -0.591 -0.574 -0.471 -4.971
L 94 1 1 -0.217 -0.253 0.085 12.971	2 0.709 0.591 0.062 -1.842	R 83 0 3 0.474 0.481 0.301 -2.941	4 -0.610 -0.589 -0.380 -0.884
L 95 1 1 -0.215 -0.252 0.085 12.857	2 0.711 0.593 0.040 -1.807	R 84 0 3 0.484 0.488 0.210 -1.991	4 -0.610 -0.606 -0.482 -1.508
L 95 1 1 -0.215 -0.250 0.096 12.374	2 0.713 0.595 0.051 -1.516	R 85 0 3 0.492 0.494 0.233 -0.910	4 -0.627 -0.614 -0.392 -3.864
L 96 1 1 -0.212 -0.249 -0.006 12.813	2 0.713 0.598 0.006 -2.932	R 86 0 3 0.500 0.497 0.062 -0.787	4 -0.643 -0.627 -0.550 -4.435
L 97 1 1 -0.210 -0.247 0.028 12.822	2 0.715 0.600 0.051 -1.771	R 86 0 3 0.500 0.503 0.142 -0.998	4 -0.658 -0.638 -0.153 -2.299
L 98 1 1 -0.208 -0.247 0.017 13.182	2 0.717 0.605 0.006 -1.851	R 87 0 3 0.507 0.506 0.119 0.154	4 -0.658 -0.648 -0.312 -3.538
L 98 1 1 -0.208 -0.247 -0.017 13.358	2 0.719 0.612 0.289 -1.103	R 88 0 3 0.513 0.508 0.051 1.341	4 -0.671 -0.657 -0.505 -4.453
L 99 1 1 -0.206 -0.247 -0.006 14.193	2 0.719 0.619 0.323 -2.730	R 89 0 3 0.517 0.511 0.051 1.015	4 -0.683 -0.665 -0.346 -5.481
L 100 1 1 -0.204 -0.247 -0.028 15.116	2 0.721 0.628 0.255 -2.756	R 89 0 3 0.517 0.513 0.051 1.376	4 -0.693 -0.674 -0.165 -3.442
L 101 1 1 -0.202 -0.248 -0.006 15.785	2 0.723 0.635 0.244 -5.552	R 90 0 3 0.521 0.515 0.051 1.938	4 -0.693 -0.684 -0.289 -3.486
L 101 1 1 -0.202 -0.248 0.028 15.925	2 0.725 0.641 0.255 -7.143	R 91 0 3 0.523 0.515 0.017 2.782	4 -0.701 -0.690 -0.312 -3.855
L 102 1 1 -0.200 -0.248 -0.006 16.593	2 0.725 0.647 0.142 -8.673	R 92 0 3 0.525 0.516 -0.040 3.020	4 -0.708 -0.694 -0.187 -4.620
L 103 1 1 -0.199 -0.247 0.051 17.015	2 0.727 0.651 0.131 -9.411	R 92 0 3 0.525 0.516 -0.006 3.284	4 -0.713 -0.698 -0.062 -3.952
L 104 1 1 -0.197 -0.246 0.051 17.130	2 0.730 0.654 0.085 -9.622	R 93 0 3 0.525 0.515 -0.028 3.538	4 -0.713 -0.700 -0.006 -5.121
L 104 1 1 -0.197 -0.244 0.096 16.567	2 0.732 0.656 0.074 -9.710	R 94 0 3 0.525 0.514 -0.051 3.943	4 -0.717 -0.700 -0.051 -5.833
L 105 1 1 -0.195 -0.242 0.040 16.567	2 0.732 0.657 0.096 -9.675	R 95 0 3 0.524 0.513 -0.096 4.268	4 -0.719 -0.701 -0.085 -6.246
L 106 1 1 -0.193 -0.240 0.028 16.532	2 0.734 0.659 0.108 -9.569	R 95 0 3 0.524 0.511 -0.017 4.382	4 -0.721 -0.702 -0.040 -6.141
L 107 1 1 -0.191 -0.239 0.040 16.646	2 0.737 0.662 0.142 -9.982	R 96 0 3 0.522 0.509 -0.074 4.382	4 -0.721 -0.704 -0.074 -5.938
L 107 1 1 -0.191 -0.238 0.028 16.374	2 0.739 0.664 0.108 -10.510	R 97 0 3 0.519 0.508 -0.119 3.969	4 -0.721 -0.705 -0.028 -5.692
L 108 1 1 -0.189 -0.237 0.085 16.514	2 0.739 0.667 0.074 -10.580	R 98 0 3 0.516 0.506 -0.028 3.890	4 -0.720 -0.705 0.006 -5.420
L 109 1 1 -0.188 -0.235 0.006 16.637	2 0.742 0.668 0.017 -10.176	R 98 0 3 0.516 0.504 -0.074 4.145	4 -0.719 -0.705 -0.017 -5.473
L 110 1 1 -0.186 -0.234 0.051 16.532	2 0.744 0.669 0.096 -9.947	R 99 0 3 0.512 0.501 -0.108 3.978	4 -0.719 -0.704 -0.017 -5.174
L 110 1 1 -0.186 -0.232 0.040 16.180	2 0.747 0.671 0.040 -9.903	R 0 1 3 0.509 0.500 -0.085 3.160	4 -0.717 -0.704 0.028 -4.831
L 111 1 1 -0.184 -0.231 0.074 16.277	2 0.747 0.672 0.062 -9.886	R 1 1 3 0.505 0.498 -0.051 3.073	4 -0.715 -0.703 0.040 -4.347
L 112 1 1 -0.183 -0.230 0.017 16.708	2 0.749 0.675 0.108 -9.886	R 1 1 3 0.505 0.495 -0.040 3.125	4 -0.713 -0.702 0.006 -4.541
L 113 1 1 -0.181 -0.229 0.040 16.752	2 0.752 0.677 0.096 -9.859	R 2 1 3 0.501 0.492 -0.085 2.870	4 -0.713 -0.701 -0.006 -4.215
L 113 1 1 -0.181 -0.228 0.074 16.374	2 0.755 0.680 0.051 -10.325	R 3 1 3 0.497 0.490 -0.187 2.492	4 -0.711 -0.700 0.096 -4.092
L 114 1 1 -0.179 -0.226 0.085 16.259	2 0.755 0.681 0.051 -10.229	R 4 1 3 0.493 0.488 -0.085 2.501	4 -0.709 -0.699 0.051 -3.829
L 115 1 1 -0.178 -0.224 0.062 16.277	2 0.758 0.682 0.028 -9.358	R 4 1 3 0.493 0.485 -0.074 2.747	4 -0.707 -0.698 0.028 -4.075
L 116 1 1 -0.176 -0.223 0.017 16.233	2 0.760 0.683 0.028 -8.813	R 5 1 3 0.489 0.482 -0.142 2.378	4 -0.707 -0.696 -0.006 -3.952
L 116 1 1 -0.176 -0.221 0.051 15.785	2 0.763 0.683 0.028 -8.576	R 6 1 3 0.485 0.480 -0.142 1.648	4 -0.706 -0.695 0.074 -3.873
L 117 1 1 -0.175 -0.221 0.051 15.899	2 0.763 0.684 0.028 -8.338	R 7 1 3 0.481 0.478 -0.062 1.631	4 -0.704 -0.694 0.051 -3.626
L 118 1 1 -0.173 -0.220 -0.006 16.163	2 0.766 0.686 0.085 -8.136	R 7 1 3 0.481 0.476 -0.006 1.789	4 -0.702 -0.694 -0.006 -3.670
L 119 1 1 -0.172 -0.218 0.017 16.242	2 0.769 0.688 0.119 -7.793	R 8 1 3 0.477 0.473 -0.051 1.402	4 -0.702 -0.693 -0.028 -3.160
L 119 1 1 -0.172 -0.217 0.074 15.846	2 0.772 0.691 0.051 -8.119	R 9 1 3 0.473 0.471 -0.153 1.174	4 -0.701 -0.693 0.028 -2.809
L 0 0 1 -0.170 -0.216 0.028 15.908	2 0.772 0.693 0.017 -8.092	R 10 1 3 0.469 0.468 -0.074 1.112	4 -0.699 -0.693 0.051 -2.448
L 1 0 1 -0.169 -0.215 -0.006 16.013	2 0.775 0.695 0.017 -7.767	R 10 1 3 0.469 0.466 -0.131 1.305	4 -0.697 -0.692 0.006 -2.492
L 2 0 1 -0.168 -0.213 0.028 15.864	2 0.778 0.697 0.085 -7.530	R 11 1 3 0.465 0.463 -0.142 1.112	4 -0.697 -0.690 0.028 -2.545
L 2 0 1 -0.168 -0.212 0.074 15.275	2 0.781 0.698 0.040 -7.380	R 12 1 3 0.462 0.459 -0.210 1.051	4 -0.696 -0.689 0.119 -2.870
L 3 0 1 -0.166 -0.209 0.085 14.967	2 0.781 0.699 -0.006 -6.897	R 13 1 3 0.458 0.456 -0.108 1.552	4 -0.694 -0.687 0.006 -2.668
L 4 0 1 -0.165 -0.207 0.062 14.879	2 0.784 0.699 0.062 -6.475	R 13 1 3 0.458 0.452 -0.119 2.185	4 -0.693 -0.685 0.062 -3.222
L 5 0 1 -0.163 -0.205 0.074 14.484	2 0.786 0.701 0.074 -6.466	R 14 1 3 0.454 0.448 -0.074 2.141	4 -0.693 -0.685 -0.017 -3.029
L 5 0 1 -0.163 -0.202 0.085 13.974	2 0.786 0.702 0.108 -6.862	R 15 1 3 0.450 0.445 -0.187 2.018	4 -0.692 -0.684 0.051 -2.993
L 6 0 1 -0.160 -0.201 0.096 13.982	2 0.786 0.705 0.108 -7.538	R 16 1 3 0.447 0.442 -0.074 2.273	4 -0.690 -0.683 0.051 -2.800
L 7 0 1 -0.158 -0.199 0.028 14.343	2 0.786 0.709 0.142 -8.910	R 16 1 3 0.447 0.439 -0.074 2.826	4 -0.689 -0.682 0.017 -2.835
L 8 0 1 -0.154 -0.197 0.062 14.607	2 0.784 0.712 0.108 -10.396	R 17 1 3 0.443 0.435 -0.119 2.993	4 -0.689 -0.682 -0.017 -2.598
L 8 0 1 -0.154 -0.195 0.085 14.062	2 0.781 0.714 0.085 -11.582	R 18 1 3 0.439 0.432 -0.187 2.985	4 -0.688 -0.681 0.085 -2.615
L 9 0 1 -0.150 -0.191 0.176 14.114	2 0.781 0.714 0.017 -12.347	R 19 1 3 0.436 0.427 -0.119 3.626	4 -0.687 -0.679 0.074 -2.765
L 10 0 1 -0.146 -0.187 0.085 14.554	2 0.776 0.713 -0.017 -14.000	R 19 1 3 0.436 0.423 -0.142 4.532	4 -0.685 -0.676 0.119 -3.732
L 11 0 1 -0.141 -0.184 0.165 14.387	2 0.770 0.712 -0.074 -15.591	R 20 1 3 0.432 0.418 -0.187 5.244	4 -0.685 -0.673 0.040 -4.330
L 11 0 1 -0.141 -0.179 0.119 13.534	2 0.761 0.712 -0.028 -16.611	R 21 1 3 0.428 0.413 -0.165 5.455	4 -0.684 -0.670 0.096 -5.095
L 12 0 1 -0.135 -0.175 0.187 13.771	2 0.761 0.709 -0.006 -17.895	R 22 1 3 0.425 0.409 -0.119 6.211	4 -0.683 -0.668 0.051 -5.569
L 13 0 1 -0.128 -0.170 0.187 14.360	2 0.751 0.705 -0.096 15.644	R 22 1 3 0.425 0.405 -0.142 7.055	4 -0.682 -0.665 0.040 -6.290
L 14 0 1 -0.121 -0.165 0.176 14.659	2 0.739 0.701 -0.267 14.079	R 23 1 3 0.421 0.401 -0.199 7.310	4 -0.682 -0.661 0.085 -7.530
L 14 0 1 -0.121 -0.159 0.165 13.534	2 0.725 0.697 -0.108 12.910	R 24 1 3 0.418 0.396 -0.187 7.776	4 -0.681 -0.657 0.176 -8.848
L 15 0 1 -0.112 -0.153 0.255 13.938	2 0.725 0.690 -0.187 12.092	R 25 1 3 0.414 0.391 -0.142 9.024	4 -0.680 -0.653 0.165 -9.921
L 16 0 1 -0.104 -0.147 0.244 14.431	2 0.709 0.682 -0.244 9.376	R 25 1 3 0.414 0.387 -0.142 9.719	4 -0.679 -0.647 0.131 -11.398
L 17 0 1 -0.095 -0.138 0.289 14.299	2 0.692 0.672 -0.482 7.345	R 26 1 3 0.410 0.382 -0.199 10.088	4 -0.679 -0.644 0.176 -12.673
L 17 0 1 -0.095 -0.129 0.187 12.259	2 0.673 0.668 0.062 5.552	R 27 1 3 0.407 0.380 -0.096 9.596	4 -0.678 -0.641 0.131 -13.516
L 18 0 1 -0.085 -0.120 0.482 11.512	2 0.673 0.658 -0.301 5.429	R 28 1 3 0.403 0.376 -0.096 10.211	4 -0.677 -0.637 0.108 -14.237
L 19 0 1 -0.075 -0.106 0.460 10.580	2 0.653 0.646 -0.550 2.923	R 28 1 3 0.403 0.374 -0.085 10.308	4 -0.677 -0.634 0.051 -15.266
L 20 0 1 -0.065 -0.091 0.494 8.022	2 0.632 0.636 -0.528 -0.066	R 29 1 3 0.400 0.373 -0.085 9.569	4 -0.677 -0.633 -0.040 -15.398
L 20 0 1 -0.065 -0.076 0.471 3.969	2 0.610 0.621 -0.323 1.138	R 30 1 3 0.397 0.372 -0.028 8.567	4 -0.676 -0.633 -0.062 -15.125
L 21 0 1 -0.054 -0.067 0.335 3.969	2 0.610 0.611 -0.312 -0.497	R 31 1 3 0.393 0.372 0.040 8.004	4 -0.675 -0.633 0.017 -14.826
L 22 0 1 -0.044 -0.059 0.233 4.945	2 0.588 0.598 -0.585 -3.099	R 31 1 3 0.393 0.371 -0.062 7.582	4 -0.674 -0.633 0.017 -14.949
L 23 0 1 -0.034 -0.049 0.346 4.321	2 0.565 0.584 -0.709 -5.367	R 32 1 3 0.390 0.371 -0.040 6.440	4 -0.674 -0.632 0.006 -15.011
L 23 0 1 -0.034 -0.038 0.358 1.314	2 0.541 0.569 -0.267 -4.523	R 33 1 3 0.386 0.372 -0.006 5.244	4 -0.674 -0.631 0.074 -15.108
L 24 0 1 -0.024 -0.029 0.335 1.657	2 0.541 0.551 -0.380 -4.084	R 34 1 3 0.383 0.372 0.028 4.409	4 -0.673 -0.630 0.062 -15.292
L 25 0 1 -0.014 -0.018 0.335 1.613	2 0.517 0.534 -0.755 -5.420	R 34 1 3 0.383 0.372 -0.017 3.881	4 -0.673 -0.628 0.096 -16.004
L 26 0 1 -0.004 -0.010 0.221 1.007	2 0.494 0.515 -0.812 -6.352	R 35 1 3 0.379 0.372 0.017 2.527	4 -0.673 -0.626 0.051 -16.409
L 26 0 1 -0.004 -0.003 0.096 -0.400	2 0.470 0.500 -0.221 -5.552	R 36 1 3 0.376 0.372 -0.028 1.596	4 -0.672 -0.624 0.028 -17.007
L 27 0 1 0.005 0.001 -0.028 1.253	2 0.470 0.479 -0.619 -3.679	R 37 1 3 0.373 0.372 0.028 0.989	4 -0.672 -0.621 0.085 -17.736
L 28 0 1 0.013 0.005 0.062 2.967	2 0.447 0.461 -0.857 -4.084	R 37 1 3 0.373 0.372 -0.006 0.330	4 -0.671 -0.619 0.074 17.534
L 29 0 1 0.020 0.008 0.142 3.442	2 0.424 0.443 -0.698 -5.833	R 38 1 3 0.370 0.371 -0.085 -0.426	4 -0.671 -0.617 0.108 16.699
L 29 0 1 0.020 0.014 0.176 2.211	2 0.402 0.429 -0.199 -5.015	R 39 1 3 0.366 0.371 -0.051 -1.560	4 -0.671 -0.614 0.096 15.960
L 30 0 1 0.027 0.019 0.176 2.686	2 0.402 0.411 -0.630 -3.240	R 40 1 3 0.363 0.371 0.051 -1.156	4 -0.670 -0.611 0.096 15.029
L 31 0 1 0.033 0.025 0.176 2.826	2 0.381 0.396 -0.550 -5.121	R 40 1 3 0.363 0.371 -0.006 -2.853	4 -0.670 -0.609 0.040 14.290
L 32 0 1 0.038 0.032 0.187 1.921	2 0.360 0.382 -0.653 -6.413	R 41 1 3 0.360 0.371 -0.017 -4.004	4 -0.670 -0.607 0.006 13.842
L 32 0 1 0.038 0.037 0.153 0.365	2 0.341 0.368 -0.187 -5.684	R 42 1 3 0.356 0.371 -0.051 -4.910	4 -0.670 -0.606 0.006 13.613
L 33 0 1 0.042 0.039 -0.006 1.042	2 0.341 0.352 -0.460 -4.347	R 43 1 3 0.353 0.371 0.051 -5.736	4 -0.669 -0.606 0.176 13.578
L 34 0 1 0.046 0.040 -0.028 1.877	2 0.322 0.336 -0.675 -4.532	R 43 1 3 0.353 0.372 0.006 -6.475	4 -0.669 -0.605 0.017 13.332
L 35 0 1 0.048 0.040 -0.017 2.404	2 0.305 0.324 -0.585 -5.560	R 44 1 3 0.350 0.372 -0.028 -7.688	4 -0.669 -0.604 0.028 12.980
L 35 0 1 0.048 0.041 -0.006 2.334	2 0.288 0.310 -0.131 -4.708	R 45 1 3 0.347 0.372 -0.040 -8.620	4 -0.669 -0.603 0.028 12.637
L 36 0 1 0.049 0.041 0.017 2.519	2 0.288 0.300 -0.380 -4.277	R 46 1 3 0.344 0.372 -0.006 -9.235	4 -0.669 -0.601 0.062 12.136
L 37 0 1 0.049 0.042 0.028 2.229	2 0.273 0.288 -0.369 -5.130	R 46 1 3 0.344 0.372 -0.028 -9.895	4 -0.669 -0.599 0.028 11.574
L 38 0 1 0.047 0.044 -0.017 1.385	2 0.259 0.278 -0.494 -5.657	R 47 1 3 0.341 0.371 0.006 -10.993	4 -0.669 -0.598 0.028 11.002
L 38 0 1 0.047 0.043 -0.074 1.622	2 0.246 0.268 -0.096 -5.165	R 48 1 3 0.337 0.371 -0.051 -11.741	4 -0.669 -0.596 0.028 10.510
L 39 0 1 0.045 0.042 -0.017 0.901	2 0.246 0.258 -0.289 -4.312	R 49 1 3 0.334 0.371 0.006 -12.242	4 -0.669 -0.596 0.176 10.237
L 40 0 1 0.042 0.042 -0.051 0.092	2 0.235 0.248 -0.403 -4.479	R 49 1 3 0.334 0.371 -0.017 -12.875	4 -0.669 -0.596 0.006 10.211
L 41 0 1 0.038 0.041 -0.028 -0.752	2 0.225 0.242 -0.312 -5.429	R 50 1 3 0.331 0.371 -0.028 -13.859	4 -0.669 -0.595 0.006 10.185
L 41 0 1 0.038 0.039 0.006 -0.673	2 0.216 0.235 -0.119 -4.989	R 51 1 3 0.328 0.370 -0.096 -14.404	4 -0.669 -0.595 -0.017 10.018
L 42 0 1 0.033 0.039 -0.051 -2.070	2 0.216 0.227 -0.165 -4.303	R 52 1 3 0.325 0.369 -0.017 -14.721	4 -0.669 -0.595 0.006 10.018
L 43 0 1 0.027 0.037 -0.119 -3.512	2 0.208 0.220 -0.210 -4.418	R 52 1 3 0.325 0.368 -0.028 -14.976	4 -0.669 -0.595 0.176 10.044
L 44 0 1 0.020 0.034 -0.221 -4.101	2 0.201 0.217 -0.210 -5.323	R 53 1 3 0.322 0.366 -0.017 -15.591	4 -0.669 -0.595 0.006 9.930
L 44 0 1 0.020 0.029 -0.165 -3.275	2 0.196 0.214 -0.062 -5.288	R 54 1 3 0.319 0.364 -0.119 -15.697	4 -0.669 -0.594 0.051 9.508
L 45 0 1 0.012 0.024 -0.153 -4.215	2 0.196 0.209 -0.187 -4.716	R 55 1 3 0.316 0.362 -0.108 -15.319	4 -0.669 -0.593 0.040 9.086
L 46 0 1 0.004 0.018 -0.233 -4.875	2 0.191 0.204 -0.153 -4.681	R 55 1 3 0.316 0.360 -0.074 -15.152	4 -0.670 -0.591 0.074 8.488
L 47 0 1 -0.005 0.011 -0.312 -4.848	2 0.187 0.200 -0.142 -4.426	R 56 1 3 0.313 0.356 -0.074 -15.037	4 -0.670 -0.589 0.074 7.591
L 47 0 1 -0.005 0.004 -0.267 -3.204	2 0.184 0.197 -0.028 -4.066	R 57 1 3 0.310 0.352 -0.187 -14.536	4 -0.670 -0.587 0.006 6.879
L 48 0 1 -0.015 -0.005 -0.221 -3.705	2 0.184 0.196 -0.085 -4.101	R 58 1 3 0.307 0.350 -0.176 -13.982	4 -0.670 -0.585 0.051 5.974
L 49 0 1 -0.025 -0.013 -0.278 -4.145	2 0.182 0.194 -0.017 -4.514	R 58 1 3 0.307 0.347 -0.074 -13.938	4 -0.671 -0.584 0.028 5.464
L 50 0 1 -0.035 -0.021 -0.323 -3.978	2 0.180 0.192 -0.062 -4.312	R 59 1 3 0.305 0.344 -0.028 -14.000	4 -0.671 -0.583 -0.051 5.086
L 50 0 1 -0.035 -0.028 -0.221 -2.466	2 0.179 0.192 -0.006 -4.400	R 60 1 3 0.302 0.342 -0.142 -13.965	4 -0.671 -0.582 -0.017 4.743
L 51 0 1 -0.046 -0.036 -0.233 -3.477	2 0.179 0.192 -0.017 -4.673	R 61 1 3 0.299 0.340 -0.108 -13.684	4 -0.672 -0.582 -0.017 4.646
L 52 0 1 -0.057 -0.044 -0.244 -4.435	2 0.178 0.191 -0.017 -4.593	R 61 1 3 0.299 0.339 -0.074 -13.815	4 -0.672 -0.583 -0.028 4.708
L 53 0 1 -0.068 -0.051 -0.335 -4.655	2 0.177 0.189 -0.006 -4.505	R 62 1 3 0.296 0.337 -0.006 -14.624	4 -0.672 -0.583 -0.051 4.813
L 53 0 1 -0.068 -0.060 -0.289 -2.501	2 0.177 0.189 -0.028 -4.259	R 63 1 3 0.293 0.335 -0.085 -14.510	4 -0.673 -0.583 0.176 4.646
L 54 0 1 -0.079 -0.069 -0.267 -3.495	2 0.177 0.189 -0.017 -4.303	R 64 1 3 0.290 0.334 -0.096 -14.431	4 -0.673 -0.584 0.176 4.593
L 55 0 1 -0.090 -0.078 -0.301 -4.233	2 0.178 0.190 0.017 -4.242	R 64 1 3 0.290 0.332 -0.028 -14.536	4 -0.674 -0.584 -0.051 4.620
L 56 0 1 -0.102 -0.087 -0.346 -4.303	2 0.179 0.190 0.051 -3.864	R 65 1 3 0.288 0.330 -0.028 -15.125	4 -0.674 -0.584 0.176 4.347
L 56 0 1 -0.102 -0.096 -0.312 -2.413	2 0.182 0.190 -0.028 -3.451	R 66 1 3 0.285 0.327 -0.085 -14.967	4 -0.674 -0.584 -0.017 4.040
L 57 0 1 -0.114 -0.104 -0.289 -3.319	2 0.182 0.191 0.028 -3.363	R 67 1 3 0.282 0.326 -0.085 -14.853	4 -0.675 -0.584 -0.040 3.969
L 58 0 1 -0.127 -0.113 -0.335 -4.514	2 0.185 0.194 0.119 -3.081	R 67 1 3 0.282 0.324 -0.074 -14.659	4 -0.676 -0.584 -0.017 3.960
L 59 0 1 -0.140 -0.123 -0.369 -4.681	2 0.190 0.196 0.108 -2.659	R 68 1 3 0.279 0.321 -0.006 -15.046	4 -0.676 -0.584 -0.017 3.749
L 59 0 1 -0.140 -0.133 -0.323 -2.422	2 0.195 0.199 0.017 -2.615	R 69 1 3 0.277 0.319 -0.131 -14.738	4 -0.677 -0.584 -0.017 3.468
L 60 0 1 -0.153 -0.142 -0.369 -3.380	2 0.195 0.203 0.119 -2.862	R 70 1 3 0.274 0.317 -0.108 -14.440	4 -0.677 -0.584 -0.028 3.275
L 61 0 1 -0.166 -0.153 -0.380 -4.462	2 0.202 0.210 0.278 -2.976	R 70 1 3 0.274 0.315 -0.085 -14.396	4 -0.678 -0.584 0.006 3.310
L 62 0 1 -0.180 -0.163 -0.392 -4.558	2 0.210 0.217 0.312 -2.993	R 71 1 3 0.271 0.313 -0.017 -14.826	4 -0.678 -0.584 -0.028 2.949
L 62 0 1 -0.180 -0.173 -0.346 -2.211	2 0.219 0.224 0.165 -3.662	R 72 1 3 0.269 0.310 -0.131 -14.466	4 -0.679 -0.585 0.176 2.738
L 63 0 1 -0.194 -0.183 -0.346 -3.846	2 0.219 0.229 0.221 -3.618	R 73 1 3 0.266 0.308 -0.108 -14.255	4 -0.680 -0.585 -0.040 2.782
L 64 0 1 -0.208 -0.192 -0.323 -5.209	2 0.230 0.238 0.369 -3.055	R 73 1 3 0.266 0.307 -0.062 -14.070	4 -0.681 -0.586 -0.028 2.976
L 65 0 1 -0.223 -0.203 -0.414 -5.305	2 0.242 0.247 0.414 -2.563	R 74 1 3 0.264 0.305 0.040 -14.756	4 -0.681 -0.587 -0.074 3.081
L 65 0 1 -0.223 -0.215 -0.448 -2.448	2 0.255 0.256 0.165 -3.459	R 75 1 3 0.261 0.302 -0.142 -14.176	4 -0.682 -0.588 -0.062 3.029
L 66 0 1 -0.237 -0.226 -0.392 -3.925	2 0.255 0.266 0.244 -3.635	R 76 1 3 0.258 0.300 -0.142 -13.868	4 -0.683 -0.590 -0.028 3.301
L 67 0 1 -0.252 -0.237 -0.358 -5.051	2 0.269 0.276 0.460 -2.668	R 76 1 3 0.258 0.299 -0.085 -13.851	4 -0.684 -0.591 -0.017 3.644
L 68 0 1 -0.267 -0.249 -0.403 -4.910	2 0.285 0.287 0.596 -1.710	R 77 1 3 0.256 0.295 -0.006 -14.202	4 -0.684 -0.592 -0.096 3.978
L 68 0 1 -0.267 -0.262 -0.448 -1.815	2 0.302 0.297 0.255 -1.859	R 78 1 3 0.253 0.293 -0.119 -13.771	4 -0.685 -0.594 -0.096 3.960
L 69 0 1 -0.283 -0.274 -0.448 -2.756	2 0.302 0.309 0.289 -2.879	R 79 1 3 0.251 0.291 -0.153 -13.481	4 -0.687 -0.596 -0.051 4.374
L 70 0 1 -0.298 -0.286 -0.448 -3.714	2 0.319 0.324 0.573 -1.789	R 79 1 3 0.251 0.289 -0.040 -13.499	4 -0.688 -0.599 -0.142 5.068
L 71 0 1 -0.313 -0.299 -0.392 -3.292	2 0.338 0.336 0.562 0.136	R 80 1 3 0.249 0.286 -0.017 -13.640	4 -0.688 -0.601 -0.131 5.675
L 71 0 1 -0.313 -0.312 -0.448 -0.382	2 0.358 0.345 0.187 -0.418	R 81 1 3 0.246 0.283 -0.210 -12.585	4 -0.689 -0.603 -0.062 5.657
L 72 0 1 -0.328 -0.324 -0.482 -1.376	2 0.358 0.362 0.312 -1.174	R 82 1 3 0.244 0.282 -0.074 -12.576	4 -0.690 -0.605 -0.040 5.991
L 73 0 1 -0.343 -0.336 -0.346 -2.053	2 0.378 0.376 0.539 0.629	R 82 1 3 0.244 0.278 -0.051 -12.277	4 -0.692 -0.606 -0.119 6.615
L 74 0 1 -0.358 -0.348 -0.392 -1.367	2 0.399 0.389 0.846 1.807	R 83 1 3 0.241 0.274 -0.131 -11.670	4 -0.692 -0.607 0.017 6.229
L 74 0 1 -0.358 -0.362 -0.323 0.453	2 0.420 0.402 0.267 1.156	R 84 1 3 0.239 0.271 -0.210 -11.020	4 -0.693 -0.609 -0.051 6.316
L 75 0 1 -0.373 -0.374 -0.426 0.312	2 0.420 0.419 0.358 0.778	R 85 1 3 0.237 0.269 -0.096 -10.519	4 -0.694 -0.609 -0.051 6.132
L 76 0 1 -0.387 -0.387 -0.460 0.189	2 0.442 0.435 0.630 2.343	R 85 1 3 0.237 0.265 -0.062 -10.105	4 -0.696 -0.611 -0.051 6.404
L 77 0 1 -0.401 -0.400 -0.437 1.358	2 0.464 0.449 0.823 3.802	R 86 1 3 0.234 0.261 -0.096 -9.587	4 -0.696 -0.611 -0.040 6.167
L 77 0 1 -0.401 -0.412 -0.482 3.002	2 0.486 0.461 0.176 3.802	R 87 1 3 0.232 0.257 -0.221 -8.374	4 -0.697 -0.612 -0.051 6.097
L 78 0 1 -0.415 -0.422 -0.403 2.141	2 0.486 0.477 0.380 3.336	R 88 1 3 0.230 0.254 -0.108 -7.925	4 -0.699 -0.615 -0.108 6.404
L 79 0 1 -0.428 -0.433 -0.414 2.404	2 0.508 0.493 0.721 4.611	R 88 1 3 0.230 0.251 -0.085 -7.345	4 -0.701 -0.617 -0.085 7.046
L 80 0 1 -0.440 -0.444 -0.392 3.090	2 0.530 0.510 0.630 5.851	R 89 1 3 0.227 0.247 -0.040 -7.301	4 -0.701 -0.620 -0.131 7.635
L 80 0 1 -0.440 -0.454 -0.312 5.130	2 0.551 0.525 0.153 4.840	R 90 1 3 0.225 0.244 -0.187 -6.352	4 -0.702 -0.622 -0.074 7.785
L 81 0 1 -0.452 -0.463 -0.278 3.793	2 0.551 0.539 0.494 3.899	R 91 1 3 0.223 0.242 -0.142 -5.719	4 -0.704 -0.624 -0.074 8.110
L 82 0 1 -0.463 -0.470 -0.233 2.378	2 0.571 0.558 0.823 4.119	R 91 1 3 0.223 0.238 -0.153 -5.147	4 -0.706 -0.627 -0.074 8.796
L 83 0 1 -0.474 -0.477 -0.278 1.560	2 0.591 0.572 0.539 5.499	R 92 1 3 0.221 0.235 -0.017 -5.182	4 -0.706 -0.630 -0.119 9.464
L 83 0 1 -0.474 -0.484 -0.267 3.811	2 0.610 0.586 0.278 4.031	R 93 1 3 0.219 0.232 -0.165 -4.444	4 -0.707 -0.633 -0.131 9.604
L 84 0 1 -0.484 -0.490 -0.221 2.571	2 0.610 0.599 0.346 3.574	R 94 1 3 0.217 0.229 -0.119 -3.934	4 -0.709 -0.637 -0.165 10.607
L 85 0 1 -0.492 -0.498 -0.255 2.202	2 0.627 0.612 0.607 4.760	R 94 1 3 0.217 0.227 -0.119 -3.574	4 -0.711 -0.640 -0.165 11.908
L 86 0 1 -0.500 -0.505 -0.267 2.431	2 0.643 0.627 0.539 5.059	R 95 1 3 0.215 0.223 -0.085 -3.222	4 -0.711 -0.643 -0.153 12.198
L 86 0 1 -0.500 -0.511 -0.187 4.084	2 0.658 0.637 0.119 4.453	R 96 1 3 0.212 0.220 -0.131 -2.431	4 -0.713 -0.645 -0.119 12.154
L 87 0 1 -0.507 -0.515 -0.165 3.064	2 0.658 0.648 0.380 3.336	R 97 1 3 0.210 0.216 -0.165 -1.446	4 -0.715 -0.647 -0.096 12.198
L 88 0 1 -0.513 -0.519 -0.142 2.255	2 0.671 0.659 0.403 4.057	R 97 1 3 0.210 0.213 -0.085 -0.892	4 -0.717 -0.649 -0.051 12.716
L 89 0 1 -0.517 -0.522 -0.096 1.947	2 0.683 0.666 0.278 5.367	R 98 1 3 0.208 0.209 -0.096 -0.523	4 -0.717 -0.651 -0.108 12.998
L 89 0 1 -0.517 -0.525 -0.108 2.835	2 0.693 0.675 0.176 4.040	R 99 1 3 0.206 0.208 -0.108 -0.497	4 -0.719 -0.654 -0.085 13.033
L 90 0 1 -0.521 -0.528 -0.108 2.440	2 0.693 0.684 0.221 3.319	R 100 1 3 0.204 0.204 -0.153 0.154	4 -0.721 -0.655 -0.108 12.927
L 91 0 1 -0.523 -0.529 -0.028 1.692	2 0.701 0.690 0.176 4.154	R 100 1 3 0.204 0.201 -0.108 0.875	4 -0.723 -0.657 -0.119 13.631
L 92 0 1 -0.525 -0.528 0.040 1.103	2 0.708 0.693 0.199 4.796	R 101 1 3 0.202 0.199 -0.017 1.367	4 -0.723 -0.660 -0.131 14.026
L 92 0 1 -0.525 -0.528 0.028 0.813	2 0.713 0.699 0.085 4.127	R 102 1 3 0.200 0.196 -0.108 1.596	4 -0.725 -0.665 -0.165 14.738
L 93 0 1 -0.525 -0.527 0.028 0.470	2 0.713 0.702 0.165 3.881	R 103 1 3 0.199 0.195 -0.051 1.569	4 -0.727 -0.670 -0.199 15.881
L 94 0 1 -0.525 -0.526 0.051 0.303	2 0.717 0.705 0.085 4.127	R 103 1 3 0.199 0.193 -0.074 1.868	4 -0.730 -0.675 -0.199 17.604
L 95 0 1 -0.524 -0.525 0.006 0.338	2 0.719 0.707 0.085 4.057	R 104 1 3 0.197 0.192 -0.017 1.569	4 -0.730 -0.679 -0.176 -17.596
L 95 0 1 -0.524 -0.523 0.040 -0.356	2 0.721 0.710 0.051 3.424	R 105 1 3 0.195 0.191 -0.062 1.455	4 -0.732 -0.683 -0.131 -17.270
L 96 0 1 -0.522 -0.520 0.062 -0.602	2 0.721 0.712 0.028 3.046	R 106 1 3 0.193 0.190 -0.017 1.402	4 -0.734 -0.687 -0.108 -16.655
L 97 0 1 -0.519 -0.517 0.040 -0.585	2 0.721 0.712 -0.028 3.055	R 106 1 3 0.193 0.188 -0.085 1.763	4 -0.737 -0.688 -0.062 -16.251
L 98 0 1 -0.516 -0.515 0.108 -0.778	2 0.720 0.712 -0.028 2.888	R 107 1 3 0.191 0.186 -0.051 1.789	4 -0.737 -0.690 -0.062 -16.444
L 98 0 1 -0.516 -0.512 0.017 -1.560	2 0.719 0.711 -0.017 2.809	R 108 1 3 0.189 0.185 -0.062 1.719	4 -0.739 -0.691 -0.074 -16.690
L 99 0 1 -0.512 -0.509 0.119 -1.481	2 0.719 0.709 -0.006 3.222	R 109 1 3 0.188 0.183 -0.040 1.859	4 -0.742 -0.693 -0.051 -16.875
L 0 1 1 -0.509 -0.506 0.074 -1.138	2 0.717 0.708 -0.040 3.116	R 109 1 3 0.188 0.182 -0.028 1.912	4 -0.744 -0.696 -0.062 -16.242
L 1 1 1 -0.505 -0.504 0.096 -0.637	2 0.715 0.707 -0.074 2.870	R 110 1 3 0.186 0.182 -0.017 1.516	4 -0.744 -0.698 -0.074 -16.462
L 1 1 1 -0.505 -0.501 0.051 -1.174	2 0.713 0.707 0.017 2.624	R 111 1 3 0.184 0.181 -0.028 1.323	4 -0.747 -0.699 -0.040 -16.708
L 2 1 1 -0.501 -0.499 0.074 -0.585	2 0.713 0.706 -0.006 2.668	R 112 1 3 0.183 0.180 -0.051 1.332	4 -0.749 -0.701 -0.108 -16.796
L 3 1 1 -0.497 -0.497 0.119 -0.004	2 0.711 0.704 -0.085 2.747	R 112 1 3 0.183 0.179 -0.062 1.393	4 -0.752 -0.702 -0.040 -16.681
L 4 1 1 -0.493 -0.495 0.096 0.145	2 0.709 0.703 -0.074 2.378	R 113 1 3 0.181 0.177 -0.051 1.297	4 -0.752 -0.703 -0.040 -17.200
L 4 1 1 -0.493 -0.492 0.006 -0.303	2 0.707 0.701 -0.017 2.607	R 114 1 3 0.179 0.176 -0.006 1.068	4 -0.755 -0.704 -0.028 -17.807
L 5 1 1 -0.489 -0.489 0.074 -0.092	2 0.707 0.699 -0.085 3.011	R 115 1 3 0.178 0.175 -0.085 1.446	4 -0.758 -0.705 -0.062 17.622
L 6 1 1 -0.485 -0.486 0.096 0.303	2 0.706 0.698 -0.040 2.765	R 115 1 3 0.178 0.174 -0.051 1.490	4 -0.760 -0.706 -0.028 17.745
L 7 1 1 -0.481 -0.485 -0.006 0.884	2 0.704 0.696 -0.085 2.879	R 116 1 3 0.176 0.173 -0.040 1.235	4 -0.760 -0.707 -0.028 17.367
L 7 1 1 -0.481 -0.481 0.096 -0.031	2 0.702 0.695 -0.017 2.695	R 117 1 3 0.175 0.172 -0.074 1.095	4 -0.763 -0.709 -0.085 17.042
L 8 1 1 -0.477 -0.479 0.119 0.488	2 0.702 0.694 -0.028 2.782	R 118 1 3 0.173 0.171 -0.028 1.033	4 -0.766 -0.711 -0.131 16.936
L 9 1 1 -0.473 -0.477 0.119 1.200	2 0.701 0.693 -0.074 2.651	R 118 1 3 0.173 0.171 -0.028 0.884	4 -0.769 -0.713 -0.062 17.420
L 10 1 1 -0.469 -0.474 0.028 1.068	2 0.699 0.693 -0.006 2.264	R 119 1 3 0.172 0.170 0.017 0.576	4 -0.769 -0.716 -0.062 17.059
L 10 1 1 -0.469 -0.471 0.051 0.637	2 0.697 0.692 -0.006 2.132	R 0 0 3 0.170 0.169 -0.062 0.338	4 -0.772 -0.718 -0.085 16.901
L 11 1 1 -0.465 -0.469 0.108 1.103	2 0.697 0.690 -0.096 2.730	R 1 0 3 0.169 0.168 -0.006 0.418	4 -0.775 -0.720 -0.142 16.734
L 12 1 1 -0.462 -0.467 0.074 1.552	2 0.696 0.688 -0.051 2.677	R 1 0 3 0.169 0.168 -0.040 0.356	4 -0.778 -0.722 -0.074 17.051
L 13 1 1 -0.458 -0.464 0.119 1.727	2 0.694 0.687 -0.040 2.677	R 2 0 3 0.168 0.167 -0.040 0.154	4 -0.778 -0.723 -0.074 16.716
L 13 1 1 -0.458 -0.461 0.074 1.051	2 0.693 0.687 -0.006 2.396	R 3 0 3 0.166 0.166 -0.051 0.075	4 -0.781 -0.726 -0.085 16.497
L 14 1 1 -0.454 -0.459 0.051 1.648	2 0.693 0.685 -0.085 2.747	R 4 0 3 0.165 0.165 0.006 0.057	4 -0.784 -0.728 -0.142 16.664
L 15 1 1 -0.450 -0.456 0.108 2.026	2 0.692 0.684 -0.051 2.756	R 4 0 3 0.165 0.164 -0.051 0.207	4 -0.786 -0.731 -0.142 17.332
L 16 1 1 -0.447 -0.453 0.062 2.114	2 0.690 0.683 -0.040 2.369	R 5 0 3 0.163 0.163 -0.040 -0.101	4 -0.786 -0.733 -0.119 17.446
L 16 1 1 -0.447 -0.450 0.108 1.270	2 0.689 0.682 -0.040 2.695	R 6 0 3 0.160 0.162 -0.074 -0.382	4 -0.786 -0.735 -0.074 17.974
L 17 1 1 -0.443 -0.448 0.119 1.481	2 0.689 0.682 0.006 2.536	R 7 0 3 0.158 0.160 -0.006 -0.163	4 -0.786 -0.736 -0.051 -17.473
L 18 1 1 -0.439 -0.445 0.074 1.763	2 0.688 0.681 -0.040 2.290	R 7 0 3 0.158 0.157 -0.131 0.110	4 -0.784 -0.737 0.006 -17.191
L 19 1 1 -0.436 -0.442 0.119 1.684	2 0.687 0.680 -0.074 2.220	R 8 0 3 0.154 0.155 -0.142 -0.092	4 -0.784 -0.737 0.006 -16.664
L 19 1 1 -0.436 -0.438 0.153 0.760	2 0.685 0.678 -0.040 2.651	R 9 0 3 0.150 0.152 -0.199 -0.198	4 -0.781 -0.736 0.051 -15.723
L 20 1 1 -0.432 -0.434 0.176 0.558	2 0.685 0.675 -0.040 3.503	R 10 0 3 0.146 0.149 0.028 -0.136	4 -0.776 -0.736 0.074 -14.642
L 21 1 1 -0.428 -0.430 0.142 0.567	2 0.684 0.673 -0.040 3.952	R 10 0 3 0.146 0.144 -0.187 0.505	4 -0.770 -0.735 0.017 -14.457
L 22 1 1 -0.425 -0.427 0.085 0.453	2 0.683 0.671 -0.131 4.259	R 11 0 3 0.141 0.142 -0.165 -0.391	4 -0.770 -0.733 -0.040 -12.813
L 22 1 1 -0.425 -0.425 0.040 -0.101	2 0.682 0.669 -0.176 5.121	R 12 0 3 0.135 0.138 -0.187 -0.804	4 -0.761 -0.731 0.062 -10.730
L 23 1 1 -0.421 -0.420 0.017 -0.286	2 0.682 0.665 -0.131 6.044	R 13 0 3 0.128 0.134 0.028 -0.110	4 -0.751 -0.727 0.255 -9.165
L 24 1 1 -0.418 -0.416 0.131 -0.681	2 0.681 0.661 -0.119 7.029	R 13 0 3 0.128 0.129 -0.187 -0.479	4 -0.739 -0.723 0.142 -9.842
L 25 1 1 -0.414 -0.412 0.176 -1.156	2 0.680 0.657 -0.199 8.163	R 14 0 3 0.121 0.122 -0.301 -0.462	4 -0.739 -0.717 0.062 -7.468
L 25 1 1 -0.414 -0.408 0.131 -2.334	2 0.679 0.653 -0.142 9.130	R 15 0 3 0.112 0.118 -0.221 -0.954	4 -0.725 -0.709 0.312 -5.560
L 26 1 1 -0.410 -0.404 0.176 -2.484	2 0.679 0.649 -0.176 10.695	R 16 0 3 0.104 0.112 -0.153 -0.980	4 -0.709 -0.704 0.482 -3.301
L 27 1 1 -0.407 -0.400 0.085 -2.484	2 0.678 0.645 -0.142 11.820	R 16 0 3 0.104 0.106 -0.108 -1.103	4 -0.692 -0.698 0.051 -3.864
L 28 1 1 -0.403 -0.396 0.153 -3.037	2 0.677 0.640 -0.199 13.059	R 17 0 3 0.095 0.100 -0.221 -1.965	4 -0.692 -0.686 0.176 -1.807
L 28 1 1 -0.403 -0.392 0.165 -4.312	2 0.677 0.636 -0.153 14.501	R 18 0 3 0.085 0.096 -0.255 -2.897	4 -0.673 -0.677 0.698 0.356
L 29 1 1 -0.400 -0.389 0.119 -4.145	2 0.677 0.632 -0.165 15.793	R 19 0 3 0.075 0.089 -0.187 -2.510	4 -0.653 -0.665 0.369 2.932
L 30 1 1 -0.397 -0.385 0.108 -4.040	2 0.676 0.628 -0.142 16.936	R 19 0 3 0.075 0.080 -0.267 -1.763	4 -0.632 -0.653 0.267 0.127
L 31 1 1 -0.393 -0.383 0.085 -3.758	2 0.675 0.625 -0.096 17.684	R 20 0 3 0.065 0.073 -0.244 -2.914	4 -0.632 -0.634 0.687 0.558
L 31 1 1 -0.393 -0.381 0.062 -3.275	2 0.674 0.622 -0.074 -17.596	R 21 0 3 0.054 0.066 -0.323 -3.389	4 -0.610 -0.620 0.675 2.396
L 32 1 1 -0.390 -0.380 0.062 -3.547	2 0.674 0.620 -0.051 -17.051	R 22 0 3 0.044 0.060 -0.119 -3.442	4 -0.588 -0.603 0.721 3.284
L 33 1 1 -0.386 -0.380 0.006 -2.325	2 0.674 0.620 -0.176 -17.200	R 22 0 3 0.044 0.052 -0.289 -2.580	4 -0.565 -0.585 0.301 -0.611
L 34 1 1 -0.383 -0.380 -0.017 -1.402	2 0.673 0.620 -0.017 -17.429	R 23 0 3 0.034 0.044 -0.244 -3.503	4 -0.565 -0.565 0.766 0.242
L 34 1 1 -0.383 -0.380 -0.028 -1.024	2 0.673 0.620 -0.176 -17.525	R 24 0 3 0.024 0.037 -0.335 -4.233	4 -0.541 -0.552 0.619 2.642
L 35 1 1 -0.379 -0.380 0.017 0.066	2 0.673 0.620 0.028 -17.675	R 25 0 3 0.014 0.030 -0.255 -3.319	4 -0.517 -0.534 0.778 3.969
L 36 1 1 -0.376 -0.380 0.074 0.954	2 0.672 0.621 0.028 17.982	R 25 0 3 0.014 0.020 -0.369 -2.070	4 -0.494 -0.516 0.323 -0.092
L 37 1 1 -0.373 -0.379 -0.028 1.842	2 0.672 0.620 -0.051 -17.877	R 26 0 3 0.004 0.010 -0.289 -2.000	4 -0.494 -0.495 0.778 0.488
L 37 1 1 -0.373 -0.379 0.006 1.982	2 0.671 0.619 -0.051 -17.437	R 27 0 3 -0.005 0.004 -0.210 -2.659	4 -0.470 -0.482 0.516 3.213
L 38 1 1 -0.370 -0.378 0.040 2.879	2 0.671 0.617 -0.062 -16.875	R 28 0 3 -0.013 -0.000 -0.119 -2.448	4 -0.447 -0.467 0.868 4.743
L 39 1 1 -0.366 -0.378 -0.028 4.092	2 0.671 0.615 -0.051 -16.400	R 28 0 3 -0.013 -0.006 -0.199 -2.352	4 -0.424 -0.445 0.448 -0.066
L 40 1 1 -0.363 -0.377 0.017 4.875	2 0.670 0.613 -0.051 -15.925	R 29 0 3 -0.020 -0.012 -0.165 -3.073	4 -0.424 -0.425 0.641 0.593
L 40 1 1 -0.363 -0.377 -0.028 4.998	2 0.670 0.612 -0.051 -15.380	R 30 0 3 -0.027 -0.015 -0.119 -4.013	4 -0.402 -0.413 0.687 2.510
L 41 1 1 -0.360 -0.377 0.017 5.956	2 0.670 0.610 -0.040 -15.064	R 31 0 3 -0.033 -0.019 -0.119 -3.714	4 -0.381 -0.398 0.630 4.321
L 42 1 1 -0.356 -0.376 0.006 6.923	2 0.670 0.608 -0.062 -14.624	R 31 0 3 -0.033 -0.026 -0.278 -2.607	4 -0.360 -0.381 0.323 0.497
L 43 1 1 -0.353 -0.376 0.006 7.521	2 0.669 0.607 -0.040 -13.982	R 32 0 3 -0.038 -0.033 -0.142 -2.193	4 -0.360 -0.362 0.653 0.831
L 43 1 1 -0.353 -0.375 0.028 7.477	2 0.669 0.605 -0.017 -13.473	R 33 0 3 -0.042 -0.036 -0.108 -2.246	4 -0.341 -0.353 0.505 3.363
L 44 1 1 -0.350 -0.373 0.040 8.189	2 0.669 0.603 -0.040 -12.866	R 34 0 3 -0.046 -0.037 0.006 -2.413	4 -0.322 -0.340 0.687 4.470
L 45 1 1 -0.347 -0.373 0.006 8.998	2 0.669 0.603 -0.028 -12.734	R 34 0 3 -0.046 -0.039 -0.074 -2.413	4 -0.305 -0.323 0.346 0.840
L 46 1 1 -0.344 -0.372 0.040 9.499	2 0.669 0.602 -0.017 -12.488	R 35 0 3 -0.048 -0.039 0.028 -2.932	4 -0.305 -0.308 0.562 0.857
L 46 1 1 -0.344 -0.371 0.028 9.411	2 0.669 0.601 -0.006 -12.268	R 36 0 3 -0.049 -0.039 0.006 -3.415	4 -0.288 -0.296 0.505 2.123
L 47 1 1 -0.341 -0.369 0.051 10.097	2 0.669 0.600 -0.006 -11.811	R 37 0 3 -0.049 -0.039 -0.028 -3.407	4 -0.273 -0.288 0.289 4.242
L 48 1 1 -0.337 -0.368 0.062 10.580	2 0.669 0.599 -0.017 -11.345	R 37 0 3 -0.049 -0.040 -0.108 -2.905	4 -0.259 -0.277 0.301 1.393
L 49 1 1 -0.334 -0.366 0.085 10.782	2 0.669 0.597 -0.051 -10.844	R 38 0 3 -0.047 -0.042 -0.074 -1.859	4 -0.259 -0.263 0.369 1.613
L 49 1 1 -0.334 -0.365 0.028 10.440	2 0.669 0.596 -0.176 -10.545	R 39 0 3 -0.045 -0.042 0.085 -1.385	4 -0.246 -0.256 0.346 2.905
L 50 1 1 -0.331 -0.363 0.085 10.958	2 0.669 0.595 -0.017 -10.264	R 40 0 3 -0.042 -0.041 0.085 -1.508	4 -0.235 -0.248 0.346 3.442
L 51 1 1 -0.328 -0.361 0.051 11.363	2 0.669 0.595 -0.017 -10.062	R 40 0 3 -0.042 -0.038 0.017 -1.244	4 -0.225 -0.237 0.369 0.884
L 52 1 1 -0.325 -0.359 0.108 11.380	2 0.669 0.594 -0.051 -9.754	R 41 0 3 -0.038 -0.036 0.142 -0.822	4 -0.225 -0.229 0.131 1.499
L 52 1 1 -0.325 -0.357 0.040 11.090	2 0.669 0.593 -0.028 -9.464	R 42 0 3 -0.033 -0.033 0.142 -0.919	4 -0.216 -0.225 0.244 2.765
L 53 1 1 -0.322 -0.354 0.062 11.222	2 0.669 0.592 -0.017 -9.174	R 43 0 3 -0.027 -0.028 0.096 -0.778	4 -0.208 -0.220 0.233 3.275
L 54 1 1 -0.319 -0.352 0.131 11.433	2 0.669 0.591 -0.006 -8.769	R 43 0 3 -0.027 -0.024 0.017 -0.699	4 -0.201 -0.212 0.199 1.305
L 55 1 1 -0.316 -0.350 0.085 11.644	2 0.669 0.591 -0.074 -8.356	R 44 0 3 -0.020 -0.019 0.165 -0.189	4 -0.201 -0.204 0.187 1.165
L 55 1 1 -0.316 -0.348 0.085 11.187	2 0.670 0.590 -0.028 -8.022	R 45 0 3 -0.012 -0.015 0.233 0.549	4 -0.196 -0.200 0.176 1.314
L 56 1 1 -0.313 -0.346 -0.017 11.626	2 0.670 0.589 -0.176 -7.785	R 46 0 3 -0.004 -0.009 0.199 -0.207	4 -0.191 -0.199 0.085 2.519
L 57 1 1 -0.310 -0.344 0.085 11.679	2 0.670 0.588 -0.006 -7.495	R 46 0 3 -0.004 0.000 0.187 -1.393	4 -0.187 -0.197 0.028 1.965
L 58 1 1 -0.307 -0.343 0.040 12.101	2 0.670 0.588 -0.176 -7.301	R 47 0 3 0.005 0.006 0.301 -0.391	4 -0.187 -0.194 0.040 2.316
L 58 1 1 -0.307 -0.341 0.006 11.890	2 0.671 0.588 0.017 -7.160	R 48 0 3 0.015 0.013 0.414 0.198	4 -0.184 -0.191 0.176 2.220
L 59 1 1 -0.305 -0.339 -0.006 12.268	2 0.671 0.588 0.017 -7.108	R 49 0 3 0.025 0.019 0.199 -0.286	4 -0.182 -0.189 0.142 2.149
L 60 1 1 -0.302 -0.337 0.085 12.303	2 0.671 0.588 0.040 -6.967	R 49 0 3 0.025 0.027 0.153 -0.725	4 -0.180 -0.188 -0.006 2.141
L 61 1 1 -0.299 -0.336 0.085 12.637	2 0.672 0.588 0.017 -6.721	R 50 0 3 0.035 0.036 0.403 -0.356	4 -0.180 -0.187 0.040 2.334
L 61 1 1 -0.299 -0.334 -0.006 12.330	2 0.672 0.588 -0.176 -6.659	R 51 0 3 0.046 0.041 0.335 0.892	4 -0.179 -0.185 0.096 2.026
L 62 1 1 -0.296 -0.332 0.096 12.558	2 0.672 0.588 0.062 -6.571	R 52 0 3 0.057 0.047 -0.051 0.910	4 -0.178 -0.182 0.051 1.455
L 63 1 1 -0.293 -0.331 0.085 12.848	2 0.673 0.588 -0.040 -6.229	R 52 0 3 0.057 0.059 0.335 -0.813	4 -0.177 -0.181 0.006 1.174
L 64 1 1 -0.290 -0.329 0.051 13.103	2 0.673 0.588 0.017 -6.079	R 53 0 3 0.068 0.067 0.437 -0.101	4 -0.177 -0.181 -0.017 1.262
L 64 1 1 -0.290 -0.327 0.074 12.787	2 0.674 0.588 -0.176 -6.000	R 54 0 3 0.079 0.074 0.267 1.068	4 -0.177 -0.181 0.028 1.174
L 65 1 1 -0.288 -0.325 0.062 13.138	2 0.674 0.588 -0.176 -5.815	R 55 0 3 0.090 0.083 0.176 0.224	4 -0.178 -0.181 0.006 0.910
L 66 1 1 -0.285 -0.323 0.131 13.349	2 0.674 0.587 -0.040 -5.429	R 55 0 3 0.090 0.093 0.255 -0.910	4 -0.179 -0.181 -0.006 0.989
L 67 1 1 -0.282 -0.322 0.119 13.437	2 0.675 0.587 -0.017 -5.288	R 56 0 3 0.102 0.104 0.494 -0.453	4 -0.179 -0.182 -0.051 0.760
L 67 1 1 -0.282 -0.320 0.040 13.182	2 0.676 0.587 0.051 -5.182	R 57 0 3 0.114 0.109 0.471 0.831	4 -0.182 -0.183 -0.062 0.303
L 68 1 1 -0.279 -0.317 0.028 13.543	2 0.676 0.587 -0.017 -5.007	R 58 0 3 0.127 0.117 0.062 0.690	4 -0.185 -0.184 -0.108 -0.127
L 69 1 1 -0.277 -0.316 0.131 13.323	2 0.677 0.587 -0.176 -4.708	R 58 0 3 0.127 0.129 0.346 -0.734	4 -0.190 -0.189 -0.176 1.314
L 70 1 1 -0.274 -0.315 0.085 13.789	2 0.677 0.587 -0.006 -4.488	R 59 0 3 0.140 0.139 0.494 0.119	4 -0.190 -0.195 -0.187 1.877
L 70 1 1 -0.274 -0.312 0.040 13.560	2 0.678 0.587 -0.176 -4.312	R 60 0 3 0.153 0.144 0.403 1.622	4 -0.195 -0.197 -0.131 0.673
L 71 1 1 -0.271 -0.311 0.062 13.719	2 0.678 0.587 0.028 -4.048	R 61 0 3 0.166 0.155 0.153 0.576	4 -0.202 -0.199 -0.233 -0.470
L 72 1 1 -0.269 -0.309 0.085 14.123	2 0.679 0.587 -0.028 -3.776	R 61 0 3 0.166 0.168 0.403 -0.558	4 -0.210 -0.205 -0.028 0.743
L 73 1 1 -0.266 -0.307 0.051 14.237	2 0.680 0.587 0.017 -3.600	R 62 0 3 0.180 0.179 0.437 0.400	4 -0.210 -0.211 -0.210 0.251
L 73 1 1 -0.266 -0.306 0.074 13.789	2 0.681 0.587 -0.017 -3.442	R 63 0 3 0.194 0.185 0.471 1.587	4 -0.219 -0.215 -0.346 -0.646
L 74 1 1 -0.264 -0.304 0.006 14.220	2 0.681 0.588 -0.017 -3.231	R 64 0 3 0.208 0.200 0.312 -0.374	4 -0.230 -0.225 -0.414 -0.523
L 75 1 1 -0.261 -0.302 0.096 14.246	2 0.682 0.588 -0.017 -2.782	R 64 0 3 0.208 0.211 0.244 -0.910	4 -0.242 -0.237 -0.187 0.822
L 76 1 1 -0.258 -0.300 0.028 14.422	2 0.683 0.588 0.040 -2.589	R 65 0 3 0.223 0.221 0.494 0.119	4 -0.242 -0.244 -0.119 -0.338
L 76 1 1 -0.258 -0.299 0.017 14.079	2 0.684 0.588 0.017 -2.431	R 66 0 3 0.237 0.230 0.437 1.314	4 -0.255 -0.248 -0.380 -1.349
L 77 1 1 -0.256 -0.297 0.062 14.404	2 0.684 0.588 -0.017 -2.176	R 67 0 3 0.252 0.242 0.006 0.734	4 -0.269 -0.262 -0.619 -1.147
L 78 1 1 -0.253 -0.295 0.062 14.642	2 0.685 0.588 0.017 -1.877	R 67 0 3 0.252 0.254 0.392 -0.796	4 -0.285 -0.275 -0.187 0.330
L 79 1 1 -0.251 -0.294 0.062 14.765	2 0.687 0.589 0.017 -1.736	R 68 0 3 0.267 0.268 0.630 -0.488	4 -0.285 -0.285 -0.380 -0.084
L 79 1 1 -0.251 -0.293 0.017 14.563	2 0.688 0.589 0.017 -1.859	R 69 0 3 0.283 0.276 0.392 1.270	4 -0.302 -0.297 -0.641 -0.778
L 80 1 1 -0.249 -0.290 0.040 14.774	2 0.688 0.589 -0.176 -1.842	R 70 0 3 0.298 0.288 0.289 -0.268	4 -0.319 -0.308 -0.380 -2.448
L 81 1 1 -0.246 -0.289 0.108 14.738	2 0.689 0.590 0.017 -1.736	R 70 0 3 0.298 0.303 0.358 -1.745	4 -0.338 -0.322 -0.346 0.497
L 82 1 1 -0.244 -0.288 0.062 15.160	2 0.690 0.590 0.040 -1.798	R 71 0 3 0.313 0.314 0.539 -0.409	4 -0.338 -0.337 -0.460 -0.708
L 82 1 1 -0.244 -0.286 0.017 14.897	2 0.692 0.590 0.017 -1.798	R 72 0 3 0.328 0.324 0.585 0.101	4 -0.358 -0.348 -0.653 -2.343
L 83 1 1 -0.241 -0.284 -0.074 15.169	2 0.692 0.590 0.028 -1.833	R 73 0 3 0.343 0.336 0.108 -0.690	4 -0.378 -0.363 -0.607 -3.890
L 84 1 1 -0.239 -0.282 0.165 14.624	2 0.693 0.590 -0.006 -1.798	R 73 0 3 0.343 0.349 0.278 -2.264	4 -0.399 -0.378 -0.210 -0.787
L 85 1 1 -0.237 -0.280 0.142 14.686	2 0.694 0.591 -0.176 -1.789	R 74 0 3 0.358 0.364 0.471 -2.387	4 -0.399 -0.396 -0.619 -1.033
L 85 1 1 -0.237 -0.279 0.051 14.677	2 0.696 0.591 0.040 -1.789	R 75 0 3 0.373 0.374 0.505 -1.174	4 -0.420 -0.409 -0.653 -3.248
L 86 1 1 -0.234 -0.276 -0.017 14.782	2 0.696 0.591 -0.176 -1.842	R 76 0 3 0.387 0.382 0.267 -1.516	4 -0.442 -0.422 -0.664 -4.980
L 87 1 1 -0.232 -0.273 0.074 14.554	2 0.697 0.591 -0.006 -1.824	R 76 0 3 0.387 0.395 0.301 -2.914	4 -0.464 -0.442 -0.346 -0.901
L 88 1 1 -0.230 -0.272 0.153 14.123	2 0.699 0.591 -0.176 -1.780	R 77 0 3 0.401 0.406 0.267 -1.807	4 -0.464 -0.460 -0.653 -1.147
L 88 1 1 -0.230 -0.270 0.040 14.035	2 0.701 0.592 0.028 -1.754	R 78 0 3 0.415 0.414 0.358 -0.418	4 -0.486 -0.474 -0.607 -3.635
L 89 1 1 -0.227 -0.268 -0.006 14.290	2 0.701 0.593 0.051 -1.780	R 79 0 3 0.428 0.423 0.278 -1.429	4 -0.508 -0.488 -0.596 -5.288
L 90 1 1 -0.225 -0.266 0.131 14.035	2 0.702 0.594 0.062 -1.745	R 79 0 3 0.428 0.435 0.267 -2.818	4 -0.530 -0.508 -0.448 -0.848
L 91 1 1 -0.223 -0.264 0.142 13.930	2 0.704 0.596 0.028 -1.710	R 80 0 3 0.440 0.445 0.267 -1.974	4 -0.530 -0.527 -0.562 -1.077
L 91 1 1 -0.223 -0.263 0.028 13.886	2 0.706 0.597 0.119 -3.116	R 81 0 3 0.452 0.453 0.403 -0.971	4 -0.551 -0.537 -0.539 -4.154
L 92 1 1 -0.221 -0.261 0.006 14.070	2 0.706 0.599 -0.176 -1.314	R 82 0 3 0.463 0.463 0.301 -2.299	4 -0.571 -0.551 -0.709 -5.200
L 93 1 1 -0.219 -0.260 0.062 14.167	2 0.707 0.601 0.040 -1.921	R 82 0 3 0.463 0.472 0.244 -3.275	4 -0.591 -0.572 -0.358 -0.804
L 94 1 1 -0.217 -0.257 0.153 13.780	2 0.709 0.603 0.028 -1.833	R 83 0 3 0.474 0.479 0.221 -2.079	4 -0.591 -0.586 -0.460 -1.675
L 94 1 1 -0.217 -0.255 0.074 13.209	2 0.711 0.603 0.017 -1.780	R 84 0 3 0.484 0.484 0.233 -0.567	4 -0.610 -0.596 -0.607 -3.626
L 95 1 1 -0.215 -0.252 0.040 13.147	2 0.711 0.604 0.040 -1.903	R 85 0 3 0.492 0.490 0.176 -1.262	4 -0.627 -0.611 -0.528 -4.444
L 96 1 1 -0.212 -0.249 0.085 12.655	2 0.713 0.604 0.040 -1.798	R 85 0 3 0.492 0.497 0.176 -1.771	4 -0.643 -0.627 -0.267 -0.743
L 97 1 1 -0.210 -0.247 0.051 12.453	2 0.715 0.605 0.040 -1.789	R 86 0 3 0.500 0.501 0.187 -0.611	4 -0.643 -0.638 -0.301 -2.343
L 97 1 1 -0.210 -0.244 0.096 11.829	2 0.717 0.606 0.074 -1.719	R 87 0 3 0.507 0.503 0.131 0.664	4 -0.658 -0.644 -0.369 -4.629
L 98 1 1 -0.208 -0.242 0.017 11.916	2 0.717 0.609 0.153 -2.044	R 88 0 3 0.513 0.507 -0.074 0.752	4 -0.671 -0.651 -0.358 -6.009
L 99 1 1 -0.206 -0.241 0.040 12.242	2 0.719 0.614 0.233 -2.211	R 88 0 3 0.513 0.509 0.062 1.262	4 -0.683 -0.661 -0.199 -3.978
L 100 1 1 -0.204 -0.242 -0.017 12.857	2 0.721 0.622 0.301 -2.088	R 89 0 3 0.517 0.511 0.028 2.343	4 -0.683 -0.670 -0.199 -4.936
L 100 1 1 -0.204 -0.242 -0.040 13.376	2 0.723 0.631 0.210 -3.978	R 90 0 3 0.521 0.512 0.131 2.774	4 -0.693 -0.679 -0.494 -4.286
L 101 1 1 -0.202 -0.244 -0.051 14.527	2 0.723 0.639 0.255 -6.510	R 91 0 3 0.523 0.514 0.006 2.818	4 -0.701 -0.687 -0.267 -4.338
L 102 1 1 -0.200 -0.244 -0.006 15.292	2 0.725 0.648 0.210 -8.593	R 91 0 3 0.523 0.515 0.006 2.888	4 -0.708 -0.694 -0.096 -2.809
L 103 1 1 -0.199 -0.244 0.028 15.811	2 0.727 0.653 0.153 -10.114	R 92 0 3 0.525 0.515 -0.028 3.468	4 -0.708 -0.699 -0.085 -3.521
L 103 1 1 -0.199 -0.244 0.017 15.776	2 0.730 0.656 0.108 -10.615	R 93 0 3 0.525 0.514 -0.017 3.793	4 -0.713 -0.700 -0.108 -4.549
L 104 1 1 -0.197 -0.242 0.062 15.925	2 0.730 0.658 0.040 -10.844	R 94 0 3 0.525 0.514 -0.017 3.978	4 -0.717 -0.702 -0.074 -5.024
L 105 1 1 -0.195 -0.241 0.074 16.004	2 0.732 0.659 -0.176 -10.316	R 94 0 3 0.525 0.513 -0.096 4.505	4 -0.719 -0.702 0.006 -5.349
L 106 1 1 -0.193 -0.238 0.040 15.582	2 0.734 0.660 0.051 -9.991	R 95 0 3 0.524 0.511 -0.074 4.593	4 -0.719 -0.702 -0.028 -6.026
L 106 1 1 -0.193 -0.237 0.051 15.187	2 0.737 0.661 0.040 -10.097	R 96 0 3 0.522 0.509 -0.062 4.462	4 -0.721 -0.704 -0.074 -5.991
L 107 1 1 -0.191 -0.235 0.040 15.424	2 0.737 0.664 0.040 -10.387	R 97 0 3 0.519 0.508 -0.040 4.435	4 -0.721 -0.705 -0.051 -5.710
L 108 1 1 -0.189 -0.234 0.062 15.767	2 0.739 0.666 0.074 -10.387	R 97 0 3 0.519 0.506 -0.017 4.462	4 -0.720 -0.705 -0.006 -5.657
L 109 1 1 -0.188 -0.233 0.017 15.802	2 0.742 0.669 0.085 -10.563	R 98 0 3 0.516 0.504 -0.085 4.127	4 -0.720 -0.705 -0.006 -5.367
L 109 1 1 -0.188 -0.232 0.062 15.407	2 0.744 0.670 0.062 -10.668	R 99 0 3 0.512 0.503 -0.142 3.644	4 -0.719 -0.705 0.006 -4.945
L 110 1 1 -0.186 -0.231 0.051 15.635	2 0.744 0.672 0.040 -10.519	R 0 1 3 0.509 0.501 -0.051 3.424	4 -0.717 -0.704 0.028 -4.593
L 111 1 1 -0.184 -0.230 0.040 15.925	2 0.747 0.673 0.074 -10.229	R 0 1 3 0.509 0.499 -0.028 3.477	4 -0.715 -0.704 -0.028 -4.558
L 112 1 1 -0.183 -0.229 0.051 16.048	2 0.749 0.675 0.108 -9.991	R 1 1 3 0.505 0.496 -0.085 2.879	4 -0.715 -0.704 -0.006 -4.031
L 112 1 1 -0.183 -0.228 0.006 15.785	2 0.752 0.677 0.062 -10.141	R 2 1 3 0.501 0.495 -0.119 2.211	4 -0.713 -0.703 0.028 -3.679
L 113 1 1 -0.181 -0.227 0.051 16.013	2 0.752 0.678 0.051 -10.053	R 3 1 3 0.497 0.493 -0.051 2.132	4 -0.711 -0.702 0.062 -3.477
L 114 1 1 -0.179 -0.226 0.040 16.189	2 0.755 0.680 0.028 -9.578	R 3 1 3 0.497 0.490 -0.062 2.422	4 -0.709 -0.701 0.006 -3.662
L 115 1 1 -0.178 -0.224 0.051 16.040	2 0.758 0.680 0.051 -8.963	R 4 1 3 0.493 0.486 -0.062 2.193	4 -0.709 -0.699 0.017 -3.556
L 115 1 1 -0.178 -0.222 0.085 15.345	2 0.760 0.680 0.028 -8.646	R 5 1 3 0.489 0.484 -0.119 1.991	4 -0.707 -0.698 0.051 -3.547
L 116 1 1 -0.176 -0.221 0.040 15.345	2 0.760 0.682 0.017 -8.321	R 6 1 3 0.485 0.482 -0.040 1.903	4 -0.706 -0.696 0.051 -3.371
L 117 1 1 -0.175 -0.219 0.040 15.538	2 0.763 0.683 0.074 -7.837	R 6 1 3 0.485 0.479 -0.017 2.026	4 -0.704 -0.696 -0.006 -3.459
L 118 1 1 -0.173 -0.218 0.028 15.459	2 0.766 0.685 0.119 -7.723	R 7 1 3 0.481 0.476 -0.119 1.771	4 -0.704 -0.695 0.028 -3.160
L 118 1 1 -0.173 -0.216 0.108 14.853	2 0.769 0.687 0.074 -7.943	R 8 1 3 0.477 0.474 -0.176 1.305	4 -0.702 -0.694 0.074 -2.870
L 119 1 1 -0.172 -0.215 0.051 15.090	2 0.769 0.689 0.108 -7.881	R 9 1 3 0.473 0.472 -0.142 1.270	4 -0.701 -0.694 0.040 -2.589
L 0 0 1 -0.170 -0.214 0.017 15.301	2 0.772 0.692 0.119 -7.688	R 9 1 3 0.473 0.469 -0.085 1.604	4 -0.699 -0.693 -0.017 -2.607
L 1 0 1 -0.169 -0.213 0.017 15.327	2 0.775 0.694 0.108 -7.512	R 10 1 3 0.469 0.466 -0.085 1.077	4 -0.699 -0.693 -0.006 -2.141
L 1 0 1 -0.169 -0.212 0.074 14.870	2 0.778 0.696 0.062 -7.829	R 11 1 3 0.465 0.464 -0.119 0.716	4 -0.697 -0.693 0.028 -1.815
L 2 0 1 -0.168 -0.210 0.040 14.668	2 0.778 0.698 0.085 -7.714	R 12 1 3 0.462 0.461 -0.074 0.963	4 -0.696 -0.692 0.074 -1.701
L 3 0 1 -0.166 -0.208 0.074 14.624	2 0.781 0.699 0.028 -7.073	R 12 1 3 0.462 0.456 -0.153 1.974	4 -0.694 -0.690 0.006 -2.255
L 4 0 1 -0.165 -0.205 0.074 14.070	2 0.784 0.700 0.051 -6.844	R 13 1 3 0.458 0.452 -0.142 2.273	4 -0.694 -0.687 0.040 -2.607
L 4 0 1 -0.165 -0.203 0.131 13.262	2 0.786 0.701 0.051 -6.835	R 14 1 3 0.454 0.448 -0.187 2.404	4 -0.693 -0.685 0.108 -2.888
L 5 0 1 -0.163 -0.200 0.085 12.963	2 0.786 0.702 0.040 -6.800	R 15 1 3 0.450 0.445 -0.074 2.510	4 -0.692 -0.685 0.040 -2.659
L 6 0 1 -0.160 -0.197 0.074 12.901	2 0.786 0.704 0.074 -7.196	R 15 1 3 0.450 0.442 -0.074 3.020	4 -0.690 -0.685 0.006 -2.642
L 7 0 1 -0.158 -0.196 0.006 13.200	2 0.786 0.707 0.142 -8.374	R 16 1 3 0.447 0.439 -0.108 2.853	4 -0.690 -0.683 0.028 -2.404
L 7 0 1 -0.158 -0.194 0.062 12.690	2 0.784 0.711 0.131 -9.895	R 17 1 3 0.443 0.435 -0.176 3.011	4 -0.689 -0.683 -0.017 -2.123
L 8 0 1 -0.154 -0.192 0.085 13.147	2 0.784 0.714 0.108 -11.319	R 18 1 3 0.439 0.432 -0.165 3.266	4 -0.688 -0.683 0.062 -1.930
L 9 0 1 -0.150 -0.189 0.165 13.446	2 0.781 0.715 0.017 -12.760	R 18 1 3 0.439 0.428 -0.108 4.040	4 -0.687 -0.682 0.028 -2.123
L 10 0 1 -0.146 -0.186 0.108 13.402	2 0.776 0.714 -0.040 -14.167	R 19 1 3 0.436 0.423 -0.199 4.532	4 -0.687 -0.678 0.096 -2.818
L 10 0 1 -0.146 -0.181 0.119 12.330	2 0.770 0.714 -0.017 -15.037	R 20 1 3 0.432 0.418 -0.199 5.218	4 -0.685 -0.675 0.165 -3.758
L 11 0 1 -0.141 -0.177 0.176 12.558	2 0.770 0.712 -0.028 -16.013	R 21 1 3 0.428 0.413 -0.142 6.053	4 -0.684 -0.673 0.085 -4.251
L 12 0 1 -0.135 -0.173 0.165 13.200	2 0.761 0.710 -0.062 17.833	R 21 1 3 0.428 0.409 -0.108 6.738	4 -0.683 -0.670 0.028 -4.848
L 13 0 1 -0.128 -0.168 0.142 13.429	2 0.751 0.707 -0.244 15.785	R 22 1 3 0.425 0.405 -0.176 6.897	4 -0.683 -0.667 0.040 -5.402
L 13 0 1 -0.128 -0.163 0.142 12.330	2 0.739 0.704 -0.131 15.002	R 23 1 3 0.421 0.402 -0.131 7.002	4 -0.682 -0.664 0.131 -6.316
L 14 0 1 -0.121 -0.158 0.199 13.077	2 0.739 0.699 -0.165 14.114	R 24 1 3 0.418 0.397 -0.187 8.207	4 -0.681 -0.661 0.142 -7.503
L 15 0 1 -0.112 -0.152 0.221 13.754	2 0.725 0.693 -0.187 11.081	R 24 1 3 0.418 0.392 -0.176 8.998	4 -0.680 -0.656 0.176 -8.998
L 16 0 1 -0.104 -0.147 0.187 13.991	2 0.709 0.686 -0.380 8.796	R 25 1 3 0.414 0.387 -0.187 9.473	4 -0.680 -0.651 0.187 -10.334
L 16 0 1 -0.104 -0.138 0.278 11.925	2 0.692 0.678 -0.199 8.523	R 26 1 3 0.410 0.384 -0.153 9.587	4 -0.679 -0.647 0.119 -11.503
L 17 0 1 -0.095 -0.130 0.335 12.101	2 0.692 0.669 -0.233 8.031	R 27 1 3 0.407 0.379 -0.074 10.343	4 -0.678 -0.643 0.108 -12.462
L 18 0 1 -0.085 -0.122 0.312 12.629	2 0.673 0.660 -0.244 4.629	R 27 1 3 0.407 0.376 -0.085 10.615	4 -0.677 -0.640 0.119 -13.675
L 19 0 1 -0.075 -0.110 0.426 11.011	2 0.653 0.655 -0.562 1.314	R 28 1 3 0.403 0.373 -0.153 10.607	4 -0.677 -0.636 0.131 -14.686
L 19 0 1 -0.075 -0.094 0.528 6.659	2 0.632 0.641 -0.346 2.211	R 29 1 3 0.400 0.371 -0.017 9.947	4 -0.677 -0.633 0.062 -15.380
L 20 0 1 -0.065 -0.081 0.494 5.191	2 0.632 0.625 -0.460 2.202	R 30 1 3 0.397 0.371 0.006 9.745	4 -0.676 -0.632 -0.040 -15.284
L 21 0 1 -0.054 -0.070 0.289 5.235	2 0.610 0.613 -0.414 -0.857	R 30 1 3 0.397 0.371 0.006 9.007	4 -0.675 -0.633 -0.006 -15.029
L 22 0 1 -0.044 -0.061 0.233 4.989	2 0.588 0.603 -0.630 -3.837	R 31 1 3 0.393 0.371 -0.074 8.057	4 -0.675 -0.633 0.028 -14.800
L 22 0 1 -0.044 -0.053 0.335 2.809	2 0.565 0.590 -0.187 -4.066	R 32 1 3 0.390 0.371 0.006 6.791	4 -0.674 -0.632 0.051 -14.932
L 23 0 1 -0.034 -0.043 0.414 2.615	2 0.565 0.573 -0.539 -3.301	R 33 1 3 0.386 0.370 0.051 6.193	4 -0.674 -0.632 -0.017 -14.870
L 24 0 1 -0.024 -0.031 0.323 2.563	2 0.541 0.554 -0.846 -4.084	R 33 1 3 0.386 0.371 0.006 5.305	4 -0.673 -0.631 0.040 -15.187
L 25 0 1 -0.014 -0.022 0.346 1.552	2 0.517 0.540 -0.698 -6.571	R 34 1 3 0.383 0.371 0.006 4.031	4 -0.673 -0.630 0.006 -15.257
L 25 0 1 -0.014 -0.012 0.233 -0.444	2 0.494 0.524 -0.346 -5.481	R 35 1 3 0.379 0.372 -0.028 2.765	4 -0.673 -0.628 0.062 -15.908
L 26 0 1 -0.004 -0.005 0.165 0.092	2 0.494 0.506 -0.641 -4.075	R 36 1 3 0.376 0.371 0.028 2.193	4 -0.672 -0.626 0.062 -16.391
L 27 0 1 0.005 0.001 0.255 1.033	2 0.470 0.484 -0.778 -4.734	R 36 1 3 0.376 0.371 -0.040 1.684	4 -0.672 -0.623 0.062 -17.332
L 28 0 1 0.013 0.004 0.233 1.956	2 0.447 0.468 -0.778 -6.070	R 37 1 3 0.373 0.371 -0.017 0.505	4 -0.672 -0.620 0.085 -17.859
L 28 0 1 0.013 0.007 0.051 1.815	2 0.424 0.450 -0.289 -4.435	R 38 1 3 0.370 0.371 -0.085 -0.497	4 -0.671 -0.618 0.062 17.349
L 29 0 1 0.020 0.010 0.142 3.565	2 0.424 0.434 -0.550 -3.389	R 39 1 3 0.366 0.371 0.028 -1.033	4 -0.671 -0.616 0.051 16.602
L 30 0 1 0.027 0.015 0.176 4.207	2 0.402 0.415 -0.812 -4.110	R 39 1 3 0.366 0.371 -0.017 -1.657	4 -0.670 -0.612 0.108 15.389
L 31 0 1 0.033 0.022 0.233 3.196	2 0.381 0.402 -0.550 -6.176	R 40 1 3 0.363 0.371 -0.062 -2.466	4 -0.670 -0.609 0.074 14.563
L 31 0 1 0.033 0.030 0.255 1.103	2 0.360 0.387 -0.187 -4.989	R 41 1 3 0.360 0.371 -0.028 -3.662	4 -0.670 -0.607 0.028 13.815
L 32 0 1 0.038 0.036 0.199 0.760	2 0.360 0.374 -0.460 -4.514	R 42 1 3 0.356 0.371 0.051 -4.330	4 -0.670 -0.606 0.017 13.376
L 33 0 1 0.042 0.039 0.085 0.910	2 0.341 0.357 -0.687 -5.349	R 42 1 3 0.356 0.371 0.017 -5.086	4 -0.669 -0.605 -0.017 13.244
L 34 0 1 0.046 0.041 -0.051 1.349	2 0.322 0.341 -0.619 -5.710	R 43 1 3 0.353 0.371 0.017 -6.290	4 -0.669 -0.605 0.017 13.288
L 34 0 1 0.046 0.041 -0.040 1.736	2 0.305 0.329 -0.165 -5.156	R 44 1 3 0.350 0.371 -0.017 -7.415	4 -0.669 -0.604 0.028 13.138
L 35 0 1 0.048 0.041 0.051 2.176	2 0.305 0.315 -0.539 -3.538	R 45 1 3 0.347 0.372 0.040 -8.154	4 -0.669 -0.603 0.040 12.884
L 36 0 1 0.049 0.041 0.006 2.457	2 0.288 0.301 -0.494 -4.532	R 45 1 3 0.347 0.372 -0.040 -8.787	4 -0.669 -0.602 0.028 12.426
L 37 0 1 0.049 0.042 0.006 2.246	2 0.273 0.292 -0.471 -5.727	R 46 1 3 0.344 0.372 0.017 -9.859	4 -0.669 -0.601 0.028 11.934
L 37 0 1 0.049 0.042 -0.006 2.220	2 0.259 0.282 -0.153 -5.182	R 47 1 3 0.341 0.372 -0.040 -10.818	4 -0.669 -0.599 0.040 11.451
L 38 0 1 0.047 0.042 0.017 1.859	2 0.259 0.270 -0.255 -4.277	R 48 1 3 0.337 0.372 -0.006 -11.363	4 -0.669 -0.598 0.040 10.870
L 39 0 1 0.045 0.041 0.006 1.226	2 0.246 0.260 -0.505 -4.198	R 48 1 3 0.337 0.371 -0.028 -11.837	4 -0.669 -0.596 0.040 10.440
L 40 0 1 0.042 0.041 -0.028 0.549	2 0.235 0.252 -0.312 -5.481	R 49 1 3 0.334 0.371 -0.028 -12.804	4 -0.669 -0.595 0.017 10.149
L 40 0 1 0.042 0.041 -0.040 0.541	2 0.225 0.245 -0.040 -4.927	R 50 1 3 0.331 0.370 -0.017 -13.578	4 -0.669 -0.595 0.176 10.105
L 41 0 1 0.038 0.039 0.051 -0.400	2 0.225 0.238 -0.244 -4.391	R 51 1 3 0.328 0.370 -0.051 -13.903	4 -0.669 -0.595 -0.017 10.053
L 42 0 1 0.033 0.038 -0.040 -1.499	2 0.216 0.230 -0.255 -4.884	R 51 1 3 0.328 0.369 -0.006 -14.404	4 -0.669 -0.595 -0.017 10.000
L 43 0 1 0.027 0.037 -0.131 -3.011	2 0.208 0.223 -0.278 -4.963	R 52 1 3 0.325 0.368 -0.017 -15.108	4 -0.669 -0.595 -0.040 9.956
L 43 0 1 0.027 0.034 -0.142 -2.571	2 0.201 0.219 -0.108 -4.734	R 53 1 3 0.322 0.366 -0.108 -15.345	4 -0.669 -0.595 -0.017 9.912
L 44 0 1 0.020 0.030 -0.085 -3.855	2 0.201 0.215 -0.165 -4.699	R 54 1 3 0.319 0.365 -0.096 -15.266	4 -0.669 -0.594 0.006 9.508
L 45 0 1 0.012 0.027 -0.131 -5.138	2 0.196 0.210 -0.153 -5.112	R 54 1 3 0.319 0.363 -0.085 -15.196	4 -0.669 -0.593 0.040 9.147
L 46 0 1 0.004 0.022 -0.255 -5.499	2 0.191 0.206 -0.176 -5.051	R 55 1 3 0.316 0.359 -0.040 -15.556	4 -0.669 -0.591 0.017 8.514
L 46 0 1 0.004 0.015 -0.244 -4.057	2 0.187 0.202 -0.108 -4.532	R 56 1 3 0.313 0.356 -0.176 -14.879	4 -0.670 -0.589 0.062 7.591
L 47 0 1 -0.005 0.007 -0.301 -4.286	2 0.187 0.199 -0.142 -4.022	R 57 1 3 0.310 0.353 -0.119 -14.378	4 -0.670 -0.587 0.028 6.941
L 48 0 1 -0.015 -0.002 -0.323 -4.558	2 0.184 0.196 -0.085 -4.277	R 57 1 3 0.310 0.351 -0.074 -14.123	4 -0.670 -0.586 0.017 6.431
L 49 0 1 -0.025 -0.010 -0.312 -4.048	2 0.182 0.194 -0.074 -4.338	R 58 1 3 0.307 0.348 -0.074 -14.457	4 -0.670 -0.585 0.028 5.912
L 49 0 1 -0.025 -0.019 -0.255 -2.281	2 0.180 0.193 -0.062 -4.022	R 59 1 3 0.305 0.345 -0.131 -14.158	4 -0.671 -0.584 0.006 5.464
L 50 0 1 -0.035 -0.026 -0.210 -3.310	2 0.180 0.192 0.006 -4.242	R 60 1 3 0.302 0.343 -0.074 -14.000	4 -0.671 -0.583 0.006 5.191
L 51 0 1 -0.046 -0.033 -0.233 -4.497	2 0.179 0.192 0.006 -4.734	R 60 1 3 0.302 0.342 -0.051 -13.991	4 -0.672 -0.583 0.028 5.156
L 52 0 1 -0.057 -0.039 -0.289 -4.901	2 0.178 0.191 -0.062 -4.593	R 61 1 3 0.299 0.339 0.006 -14.396	4 -0.672 -0.584 -0.051 5.165
L 52 0 1 -0.057 -0.047 -0.278 -3.275	2 0.177 0.189 -0.017 -4.136	R 62 1 3 0.296 0.337 -0.085 -14.475	4 -0.672 -0.584 -0.040 5.024
L 53 0 1 -0.068 -0.056 -0.267 -4.242	2 0.177 0.189 -0.017 -4.295	R 63 1 3 0.293 0.336 -0.119 -14.220	4 -0.673 -0.584 0.017 4.848
L 54 0 1 -0.079 -0.065 -0.312 -4.681	2 0.177 0.189 0.040 -4.418	R 63 1 3 0.293 0.334 -0.085 -14.281	4 -0.673 -0.584 -0.028 4.884
L 55 0 1 -0.090 -0.075 -0.335 -4.400	2 0.178 0.189 0.028 -4.031	R 64 1 3 0.290 0.332 -0.017 -14.818	4 -0.673 -0.584 -0.028 4.778
L 55 0 1 -0.090 -0.084 -0.335 -2.246	2 0.179 0.189 -0.017 -3.776	R 65 1 3 0.288 0.330 -0.108 -14.809	4 -0.674 -0.584 0.006 4.470
L 56 0 1 -0.102 -0.093 -0.255 -3.319	2 0.179 0.190 -0.017 -3.723	R 66 1 3 0.285 0.328 -0.096 -14.475	4 -0.674 -0.584 -0.028 4.268
L 57 0 1 -0.114 -0.102 -0.278 -4.435	2 0.182 0.191 0.017 -3.354	R 66 1 3 0.285 0.326 -0.085 -14.563	4 -0.675 -0.584 0.006 4.251
L 58 0 1 -0.127 -0.110 -0.312 -4.585	2 0.185 0.192 0.096 -2.624	R 67 1 3 0.282 0.324 -0.028 -15.064	4 -0.675 -0.584 -0.028 4.171
L 58 0 1 -0.127 -0.119 -0.301 -2.721	2 0.190 0.196 0.096 -3.213	R 68 1 3 0.279 0.321 -0.176 -14.642	4 -0.676 -0.585 0.176 3.934
L 59 0 1 -0.140 -0.128 -0.301 -4.154	2 0.190 0.199 0.131 -3.495	R 69 1 3 0.277 0.320 -0.108 -14.448	4 -0.677 -0.585 -0.028 3.811
L 60 0 1 -0.153 -0.138 -0.358 -4.963	2 0.195 0.203 0.176 -3.011	R 69 1 3 0.277 0.318 -0.096 -14.273	4 -0.677 -0.585 -0.040 3.811
L 61 0 1 -0.166 -0.148 -0.380 -4.796	2 0.202 0.209 0.267 -2.888	R 70 1 3 0.274 0.315 0.017 -14.738	4 -0.677 -0.585 -0.051 3.732
L 61 0 1 -0.166 -0.160 -0.358 -2.281	2 0.210 0.216 0.131 -3.618	R 71 1 3 0.271 0.312 -0.165 -14.158	4 -0.678 -0.585 -0.028 3.336
L 62 0 1 -0.180 -0.170 -0.346 -3.503	2 0.210 0.221 0.176 -3.987	R 72 1 3 0.269 0.311 -0.096 -13.965	4 -0.679 -0.586 0.176 3.178
L 63 0 1 -0.194 -0.179 -0.289 -5.174	2 0.219 0.227 0.255 -2.862	R 72 1 3 0.269 0.308 -0.108 -13.780	4 -0.680 -0.586 -0.028 3.248
L 64 0 1 -0.208 -0.189 -0.403 -5.253	2 0.230 0.235 0.437 -2.545	R 73 1 3 0.266 0.306 -0.017 -14.308	4 -0.680 -0.587 -0.017 3.310
L 64 0 1 -0.208 -0.200 -0.358 -2.818	2 0.242 0.245 0.244 -3.705	R 74 1 3 0.264 0.303 -0.142 -13.921	4 -0.681 -0.588 -0.051 3.134
L 65 0 1 -0.223 -0.210 -0.358 -3.996	2 0.242 0.254 0.267 -4.084	R 75 1 3 0.261 0.302 -0.085 -13.446	4 -0.682 -0.588 -0.051 3.055
L 66 0 1 -0.237 -0.221 -0.369 -5.314	2 0.255 0.263 0.335 -3.073	R 75 1 3 0.261 0.299 -0.108 -13.323	4 -0.683 -0.589 -0.051 3.301
L 67 0 1 -0.252 -0.233 -0.403 -5.393	2 0.269 0.272 0.460 -1.868	R 76 1 3 0.258 0.296 0.006 -13.666	4 -0.683 -0.590 -0.062 3.512
L 67 0 1 -0.252 -0.245 -0.448 -2.352	2 0.285 0.282 0.165 -2.141	R 77 1 3 0.256 0.294 -0.131 -13.218	4 -0.684 -0.591 -0.028 3.433
L 68 0 1 -0.267 -0.257 -0.426 -3.486	2 0.285 0.294 0.221 -3.442	R 78 1 3 0.253 0.292 -0.142 -12.840	4 -0.685 -0.593 -0.074 3.697
L 69 0 1 -0.283 -0.269 -0.403 -4.391	2 0.302 0.307 0.516 -2.097	R 78 1 3 0.253 0.290 -0.028 -12.796	4 -0.687 -0.596 -0.119 4.576
L 70 0 1 -0.298 -0.282 -0.426 -3.890	2 0.319 0.319 0.641 -0.418	R 79 1 3 0.251 0.287 0.006 -13.209	4 -0.687 -0.598 -0.142 5.007
L 70 0 1 -0.298 -0.296 -0.460 -0.725	2 0.338 0.329 0.289 -1.174	R 80 1 3 0.249 0.285 -0.187 -12.374	4 -0.688 -0.601 -0.108 5.437
L 71 0 1 -0.313 -0.307 -0.403 -1.921	2 0.338 0.343 0.267 -1.903	R 81 1 3 0.246 0.284 -0.085 -12.409	4 -0.689 -0.603 -0.131 5.956
L 72 0 1 -0.328 -0.319 -0.380 -2.589	2 0.358 0.358 0.641 0.268	R 81 1 3 0.246 0.281 -0.062 -12.251	4 -0.690 -0.606 -0.108 6.501
L 73 0 1 -0.343 -0.333 -0.482 -1.516	2 0.378 0.371 0.755 0.980	R 82 1 3 0.244 0.278 -0.062 -12.163	4 -0.690 -0.607 -0.051 6.818
L 73 0 1 -0.343 -0.345 -0.414 0.215	2 0.399 0.382 0.187 0.998	R 83 1 3 0.241 0.275 -0.153 -11.662	4 -0.692 -0.609 -0.062 6.730
L 74 0 1 -0.358 -0.358 -0.550 -0.048	2 0.399 0.399 0.369 0.356	R 84 1 3 0.239 0.273 -0.040 -11.222	4 -0.693 -0.610 -0.028 6.695
L 75 0 1 -0.373 -0.371 -0.482 -0.251	2 0.420 0.416 0.539 1.455	R 84 1 3 0.239 0.268 -0.085 -10.448	4 -0.694 -0.610 -0.028 6.818
L 76 0 1 -0.387 -0.382 -0.482 0.514	2 0.442 0.428 0.778 3.284	R 85 1 3 0.237 0.265 -0.074 -10.158	4 -0.694 -0.611 -0.051 6.519
L 76 0 1 -0.387 -0.396 -0.494 3.222	2 0.464 0.442 0.335 2.422	R 86 1 3 0.234 0.261 -0.221 -9.007	4 -0.696 -0.611 -0.017 6.035
L 77 0 1 -0.401 -0.407 -0.403 2.325	2 0.464 0.457 0.255 2.958	R 87 1 3 0.232 0.257 -0.176 -8.031	4 -0.697 -0.612 -0.074 6.009
L 78 0 1 -0.415 -0.419 -0.392 1.895	2 0.486 0.473 0.653 4.163	R 87 1 3 0.232 0.254 -0.074 -7.723	4 -0.699 -0.614 -0.074 6.448
L 79 0 1 -0.428 -0.431 -0.414 2.844	2 0.508 0.488 0.743 5.481	R 88 1 3 0.230 0.250 -0.051 -7.459	4 -0.699 -0.616 -0.096 6.800
L 79 0 1 -0.428 -0.442 -0.358 5.147	2 0.530 0.503 0.255 4.470	R 89 1 3 0.227 0.248 -0.119 -6.993	4 -0.701 -0.619 -0.074 7.178
L 80 0 1 -0.440 -0.451 -0.323 3.925	2 0.530 0.520 0.550 3.538	R 90 1 3 0.225 0.245 -0.165 -6.237	4 -0.702 -0.621 -0.108 7.653
L 81 0 1 -0.452 -0.459 -0.301 2.747	2 0.551 0.535 0.653 4.945	R 90 1 3 0.225 0.242 -0.119 -5.956	4 -0.704 -0.624 -0.108 8.576
L 82 0 1 -0.463 -0.468 -0.335 2.308	2 0.571 0.551 0.743 6.026	R 91 1 3 0.223 0.239 -0.051 -5.727	4 -0.704 -0.627 -0.176 8.936
L 82 0 1 -0.463 -0.476 -0.244 4.716	2 0.591 0.567 0.323 4.145	R 92 1 3 0.221 0.235 -0.176 -4.901	4 -0.706 -0.629 -0.119 9.262
L 83 0 1 -0.474 -0.482 -0.221 3.002	2 0.591 0.582 0.482 3.380	R 93 1 3 0.219 0.234 -0.165 -4.426	4 -0.707 -0.633 -0.176 9.771
L 84 0 1 -0.484 -0.489 -0.255 2.149	2 0.610 0.595 0.550 4.514	R 93 1 3 0.219 0.231 -0.051 -4.303	4 -0.709 -0.636 -0.119 10.914
L 85 0 1 -0.492 -0.496 -0.210 1.824	2 0.627 0.609 0.539 5.534	R 94 1 3 0.217 0.228 -0.051 -4.233	4 -0.709 -0.640 -0.096 11.565
L 85 0 1 -0.492 -0.503 -0.289 3.934	2 0.643 0.621 0.142 4.514	R 95 1 3 0.215 0.224 -0.187 -3.327	4 -0.711 -0.642 -0.085 11.723
L 86 0 1 -0.500 -0.508 -0.142 2.967	2 0.643 0.633 0.346 3.705	R 96 1 3 0.212 0.221 -0.176 -2.352	4 -0.713 -0.644 -0.096 11.829
L 87 0 1 -0.507 -0.513 -0.210 2.325	2 0.658 0.645 0.607 4.163	R 96 1 3 0.212 0.218 -0.131 -1.736	4 -0.715 -0.646 -0.085 12.391
L 88 0 1 -0.513 -0.518 -0.199 2.448	2 0.671 0.656 0.323 5.042	R 97 1 3 0.210 0.214 -0.028 -1.508	4 -0.715 -0.648 -0.108 12.541
L 88 0 1 -0.513 -0.522 -0.096 3.521	2 0.683 0.664 0.085 4.426	R 98 1 3 0.208 0.211 -0.176 -0.637	4 -0.717 -0.650 -0.074 12.435
L 89 0 1 -0.517 -0.525 -0.096 2.536	2 0.683 0.671 0.312 3.908	R 99 1 3 0.206 0.209 -0.040 -0.479	4 -0.719 -0.652 -0.119 12.637
L 90 0 1 -0.521 -0.527 -0.108 2.369	2 0.693 0.682 0.380 3.635	R 99 1 3 0.206 0.206 -0.108 -0.119	4 -0.721 -0.654 -0.074 13.156
L 91 0 1 -0.523 -0.530 -0.040 2.229	2 0.701 0.687 0.142 4.743	R 100 1 3 0.204 0.202 -0.108 -0.040	4 -0.721 -0.656 -0.074 12.945
L 91 0 1 -0.523 -0.530 -0.040 2.422	2 0.708 0.689 -0.006 5.138	R 101 1 3 0.202 0.200 -0.176 1.112	4 -0.723 -0.658 -0.074 13.095
L 92 0 1 -0.525 -0.531 -0.006 1.938	2 0.708 0.695 0.244 4.549	R 102 1 3 0.200 0.197 -0.108 1.481	4 -0.725 -0.661 -0.142 13.692
L 93 0 1 -0.525 -0.530 0.006 1.640	2 0.713 0.701 0.187 4.136	R 102 1 3 0.200 0.196 -0.062 1.763	4 -0.727 -0.666 -0.199 15.020
L 94 0 1 -0.525 -0.530 0.051 1.604	2 0.717 0.704 0.085 4.347	R 103 1 3 0.199 0.194 -0.051 1.710	4 -0.727 -0.670 -0.142 15.952
L 94 0 1 -0.525 -0.529 0.017 1.446	2 0.719 0.706 0.062 4.110	R 104 1 3 0.197 0.192 -0.074 1.648	4 -0.730 -0.675 -0.199 16.954
L 95 0 1 -0.524 -0.529 0.017 1.648	2 0.719 0.709 0.119 3.679	R 105 1 3 0.195 0.190 -0.051 1.877	4 -0.732 -0.680 -0.199 17.798
L 96 0 1 -0.522 -0.528 0.017 2.035	2 0.721 0.710 0.006 3.618	R 105 1 3 0.195 0.189 -0.051 2.193	4 -0.734 -0.683 -0.108 -17.455
L 97 0 1 -0.519 -0.525 0.131 1.727	2 0.721 0.710 -0.017 3.530	R 106 1 3 0.193 0.187 -0.108 2.290	4 -0.734 -0.686 -0.028 -17.209
L 97 0 1 -0.519 -0.521 0.153 0.629	2 0.720 0.710 -0.017 3.389	R 107 1 3 0.191 0.184 -0.131 2.624	4 -0.737 -0.688 -0.040 -17.411
L 98 0 1 -0.516 -0.518 0.074 0.593	2 0.720 0.710 -0.028 3.275	R 108 1 3 0.189 0.182 -0.062 3.029	4 -0.739 -0.689 -0.096 -17.420
L 99 0 1 -0.512 -0.516 0.233 0.655	2 0.719 0.709 -0.119 3.160	R 108 1 3 0.189 0.179 -0.108 3.565	4 -0.742 -0.691 -0.051 -17.024
L 0 1 1 -0.509 -0.511 -0.017 0.488	2 0.717 0.708 -0.085 3.292	R 109 1 3 0.188 0.178 0.017 3.389	4 -0.742 -0.693 -0.062 -17.051
L 0 1 1 -0.509 -0.508 0.085 -0.198	2 0.715 0.707 0.017 3.222	R 110 1 3 0.186 0.177 -0.017 3.204	4 -0.744 -0.696 -0.119 -16.866
L 1 1 1 -0.505 -0.505 0.142 -0.171	2 0.715 0.706 -0.006 3.160	R 111 1 3 0.184 0.176 0.006 3.090	4 -0.747 -0.699 -0.108 -16.760
L 2 1 1 -0.501 -0.503 0.119 0.637	2 0.713 0.706 -0.028 2.686	R 111 1 3 0.184 0.176 -0.028 3.125	4 -0.749 -0.702 -0.062 -15.855
L 3 1 1 -0.497 -0.500 0.062 0.664	2 0.711 0.704 -0.096 2.545	R 112 1 3 0.183 0.175 -0.028 2.835	4 -0.749 -0.704 -0.062 -16.154
L 3 1 1 -0.497 -0.496 0.062 0.057	2 0.709 0.703 0.017 2.457	R 113 1 3 0.181 0.173 -0.062 2.686	4 -0.752 -0.705 -0.028 -16.760
L 4 1 1 -0.493 -0.494 0.176 0.233	2 0.709 0.701 -0.119 2.888	R 114 1 3 0.179 0.172 -0.085 3.002	4 -0.755 -0.705 -0.040 -17.314
L 5 1 1 -0.489 -0.492 0.119 0.840	2 0.707 0.700 -0.085 2.659	R 114 1 3 0.179 0.171 -0.051 3.108	4 -0.758 -0.706 0.006 -17.191
L 6 1 1 -0.485 -0.488 0.085 0.892	2 0.706 0.698 -0.096 2.800	R 115 1 3 0.178 0.169 -0.051 3.002	4 -0.758 -0.707 -0.040 -17.710
L 6 1 1 -0.485 -0.486 0.062 0.347	2 0.704 0.697 -0.028 2.712	R 116 1 3 0.176 0.168 -0.051 2.782	4 -0.760 -0.709 -0.085 -17.982
L 7 1 1 -0.481 -0.484 0.085 0.840	2 0.704 0.695 -0.006 3.099	R 117 1 3 0.175 0.168 -0.006 2.668	4 -0.763 -0.711 -0.142 17.859
L 8 1 1 -0.477 -0.482 0.062 1.437	2 0.702 0.694 -0.051 2.818	R 117 1 3 0.175 0.167 -0.051 2.615	4 -0.766 -0.713 -0.051 -17.684
L 9 1 1 -0.473 -0.479 0.051 1.815	2 0.701 0.692 -0.062 2.905	R 118 1 3 0.173 0.167 -0.017 2.290	4 -0.766 -0.715 -0.051 -17.974
L 9 1 1 -0.473 -0.477 0.051 1.402	2 0.699 0.692 -0.006 2.730	R 119 1 3 0.172 0.166 -0.051 2.044	4 -0.769 -0.718 -0.108 17.912
L 10 1 1 -0.469 -0.475 0.119 1.745	2 0.699 0.690 -0.062 3.160	R 0 0 3 0.170 0.165 -0.006 1.965	4 -0.772 -0.719 -0.108 17.640
L 11 1 1 -0.465 -0.472 0.096 1.974	2 0.697 0.688 -0.062 3.222	R 0 0 3 0.170 0.165 -0.051 1.974	4 -0.775 -0.721 -0.085 18.000
L 12 1 1 -0.462 -0.469 0.119 2.044	2 0.696 0.687 -0.051 3.240	R 1 0 3 0.169 0.164 -0.062 1.982	4 -0.775 -0.723 -0.096 17.692
L 12 1 1 -0.462 -0.466 0.085 1.481	2 0.694 0.687 -0.017 2.967	R 2 0 3 0.168 0.163 -0.051 1.754	4 -0.778 -0.725 -0.096 17.270
L 13 1 1 -0.458 -0.464 0.119 1.938	2 0.694 0.685 -0.062 3.248	R 3 0 3 0.166 0.162 -0.040 1.745	4 -0.781 -0.727 -0.131 17.051
L 14 1 1 -0.454 -0.461 0.051 2.519	2 0.693 0.684 -0.028 3.196	R 3 0 3 0.166 0.161 -0.051 1.815	4 -0.784 -0.729 -0.085 17.684
L 15 1 1 -0.450 -0.459 0.096 2.818	2 0.692 0.683 -0.017 2.888	R 4 0 3 0.165 0.160 -0.062 1.534	4 -0.784 -0.732 -0.108 17.648
L 15 1 1 -0.450 -0.456 0.085 2.123	2 0.690 0.682 -0.028 2.985	R 5 0 3 0.163 0.159 -0.028 1.182	4 -0.786 -0.734 -0.131 17.991
L 16 1 1 -0.447 -0.454 0.119 2.369	2 0.690 0.682 0.017 2.914	R 6 0 3 0.160 0.158 0.006 1.191	4 -0.786 -0.736 -0.131 -17.560
L 17 1 1 -0.443 -0.451 0.062 2.598	2 0.689 0.682 -0.017 2.659	R 6 0 3 0.160 0.157 -0.040 1.279	4 -0.786 -0.738 -0.017 -17.174
L 18 1 1 -0.439 -0.448 0.085 2.721	2 0.688 0.681 -0.108 2.466	R 7 0 3 0.158 0.155 -0.085 1.103	4 -0.786 -0.738 -0.006 -16.927
L 18 1 1 -0.439 -0.445 0.108 1.815	2 0.687 0.679 -0.017 2.730	R 8 0 3 0.154 0.152 -0.119 0.989	4 -0.784 -0.738 -0.028 -16.382
L 19 1 1 -0.436 -0.442 0.119 2.062	2 0.687 0.678 -0.028 2.914	R 9 0 3 0.150 0.149 -0.074 1.376	4 -0.781 -0.738 0.062 -15.618
L 20 1 1 -0.432 -0.439 0.074 2.334	2 0.685 0.676 -0.062 3.407	R 9 0 3 0.150 0.146 -0.096 1.754	4 -0.776 -0.738 -0.017 -15.424
L 21 1 1 -0.428 -0.435 0.176 1.868	2 0.684 0.673 -0.108 4.084	R 10 0 3 0.146 0.142 -0.131 1.385	4 -0.776 -0.736 0.006 -13.965
L 21 1 1 -0.428 -0.431 0.096 0.796	2 0.683 0.671 -0.074 4.374	R 11 0 3 0.141 0.139 -0.142 0.778	4 -0.770 -0.735 0.108 -12.426
L 22 1 1 -0.425 -0.427 0.142 0.655	2 0.683 0.669 -0.131 5.147	R 12 0 3 0.135 0.136 -0.096 0.822	4 -0.761 -0.733 0.210 -10.844
L 23 1 1 -0.421 -0.424 0.165 0.655	2 0.682 0.665 -0.153 6.053	R 12 0 3 0.135 0.132 -0.131 1.068	4 -0.751 -0.731 0.119 -10.879
L 24 1 1 -0.418 -0.421 0.040 0.681	2 0.681 0.662 -0.131 6.844	R 13 0 3 0.128 0.128 -0.176 0.136	4 -0.751 -0.725 0.062 -8.716
L 24 1 1 -0.418 -0.418 0.199 0.119	2 0.680 0.659 -0.142 7.802	R 14 0 3 0.121 0.123 -0.199 0.224	4 -0.739 -0.719 0.233 -7.055
L 25 1 1 -0.414 -0.414 0.108 -0.031	2 0.680 0.654 -0.119 9.042	R 15 0 3 0.112 0.118 -0.119 0.110	4 -0.725 -0.714 0.471 -5.270
L 26 1 1 -0.410 -0.410 0.153 -0.549	2 0.679 0.649 -0.176 10.580	R 15 0 3 0.112 0.111 -0.233 0.163	4 -0.709 -0.707 0.176 -6.299
L 27 1 1 -0.407 -0.405 0.142 -0.910	2 0.678 0.645 -0.199 12.040	R 16 0 3 0.104 0.105 -0.267 -0.400	4 -0.709 -0.699 0.108 -3.556
L 27 1 1 -0.407 -0.401 0.153 -2.185	2 0.677 0.640 -0.165 13.332	R 17 0 3 0.095 0.100 -0.176 -1.051	4 -0.692 -0.689 0.539 -1.596
L 28 1 1 -0.403 -0.397 0.142 -2.325	2 0.677 0.636 -0.119 14.589	R 18 0 3 0.085 0.094 -0.165 -0.831	4 -0.673 -0.682 0.585 0.971
L 29 1 1 -0.400 -0.394 0.085 -2.325	2 0.677 0.632 -0.119 15.644	R 18 0 3 0.085 0.083 -0.323 0.136	4 -0.653 -0.667 0.074 -1.842
L 30 1 1 -0.397 -0.390 0.176 -2.571	2 0.676 0.628 -0.096 16.725	R 19 0 3 0.075 0.076 -0.289 -0.259	4 -0.653 -0.655 0.494 0.532
L 30 1 1 -0.397 -0.388 0.119 -3.046	2 0.675 0.626 -0.119 17.411	R 20 0 3 0.065 0.073 -0.108 -2.009	4 -0.632 -0.643 0.698 2.501
L 31 1 1 -0.393 -0.387 0.028 -2.387	2 0.675 0.624 -0.085 17.895	R 21 0 3 0.054 0.068 -0.028 -2.554	4 -0.610 -0.627 0.755 3.846
L 32 1 1 -0.390 -0.385 -0.028 -1.666	2 0.674 0.622 -0.028 -17.789	R 21 0 3 0.054 0.062 -0.165 -2.923	4 -0.588 -0.605 0.482 -1.226
L 33 1 1 -0.386 -0.384 0.040 -0.927	2 0.674 0.621 -0.074 -17.393	R 22 0 3 0.044 0.057 -0.221 -4.347	4 -0.588 -0.587 0.675 -0.022
L 33 1 1 -0.386 -0.383 0.028 -1.165	2 0.673 0.620 -0.017 -17.147	R 23 0 3 0.034 0.051 -0.255 -5.411	4 -0.565 -0.572 0.664 1.710
L 34 1 1 -0.383 -0.383 0.017 -0.119	2 0.673 0.619 -0.006 -17.024	R 24 0 3 0.024 0.044 -0.255 -4.585	4 -0.541 -0.558 0.528 3.873
L 35 1 1 -0.379 -0.382 0.085 0.760	2 0.673 0.619 -0.017 -17.007	R 24 0 3 0.024 0.033 -0.346 -3.134	4 -0.517 -0.538 0.403 -0.330
L 36 1 1 -0.376 -0.381 0.028 1.393	2 0.672 0.619 -0.006 -17.244	R 25 0 3 0.014 0.022 -0.369 -2.563	4 -0.517 -0.520 0.539 0.927
L 36 1 1 -0.376 -0.381 -0.062 1.508	2 0.672 0.618 0.017 -17.253	R 26 0 3 0.004 0.012 -0.346 -1.921	4 -0.494 -0.505 0.812 2.791
L 37 1 1 -0.373 -0.381 0.006 2.730	2 0.672 0.618 -0.176 -17.253	R 27 0 3 -0.005 0.004 -0.153 -1.077	4 -0.470 -0.489 0.743 4.444
L 38 1 1 -0.370 -0.381 0.006 4.004	2 0.671 0.617 -0.006 -17.147	R 27 0 3 -0.005 -0.002 -0.165 -1.165	4 -0.447 -0.469 0.380 0.189
L 39 1 1 -0.366 -0.381 -0.017 4.866	2 0.671 0.616 -0.040 -16.796	R 28 0 3 -0.013 -0.005 -0.040 -2.905	4 -0.447 -0.449 0.653 0.822
L 39 1 1 -0.366 -0.380 0.017 4.963	2 0.670 0.615 -0.051 -16.418	R 29 0 3 -0.020 -0.007 -0.153 -4.435	4 -0.424 -0.436 0.755 2.800
L 40 1 1 -0.363 -0.380 0.017 5.789	2 0.670 0.614 -0.028 -15.987	R 30 0 3 -0.027 -0.010 -0.096 -4.312	4 -0.402 -0.418 0.687 3.582
L 41 1 1 -0.360 -0.379 0.006 6.835	2 0.670 0.611 -0.085 -15.345	R 30 0 3 -0.027 -0.017 -0.244 -3.591	4 -0.381 -0.398 0.323 -0.699
L 42 1 1 -0.356 -0.379 0.017 7.424	2 0.670 0.609 -0.142 -14.563	R 31 0 3 -0.033 -0.023 -0.233 -3.442	4 -0.381 -0.384 0.539 0.945
L 42 1 1 -0.356 -0.377 0.062 7.108	2 0.669 0.606 -0.142 -13.613	R 32 0 3 -0.038 -0.030 -0.267 -2.923	4 -0.360 -0.371 0.675 3.011
L 43 1 1 -0.353 -0.376 0.040 7.723	2 0.669 0.603 -0.074 -12.927	R 33 0 3 -0.042 -0.035 -0.119 -2.044	4 -0.341 -0.359 0.573 4.664
L 44 1 1 -0.350 -0.374 0.028 8.453	2 0.669 0.602 -0.028 -12.435	R 33 0 3 -0.042 -0.039 -0.176 -1.393	4 -0.322 -0.342 0.358 1.007
L 45 1 1 -0.347 -0.374 -0.006 9.130	2 0.669 0.601 -0.006 -12.215	R 34 0 3 -0.046 -0.040 0.006 -2.220	4 -0.322 -0.325 0.494 1.323
L 45 1 1 -0.347 -0.373 0.028 9.182	2 0.669 0.601 0.017 -12.136	R 35 0 3 -0.048 -0.039 -0.028 -2.791	4 -0.305 -0.315 0.607 2.607
L 46 1 1 -0.344 -0.372 0.051 9.745	2 0.669 0.600 -0.017 -11.820	R 36 0 3 -0.049 -0.039 0.006 -3.178	4 -0.288 -0.302 0.448 3.670
L 47 1 1 -0.341 -0.371 0.051 10.475	2 0.669 0.599 -0.040 -11.547	R 36 0 3 -0.049 -0.040 -0.074 -3.029	4 -0.273 -0.289 0.199 0.620
L 48 1 1 -0.337 -0.369 0.062 10.835	2 0.669 0.598 -0.062 -10.993	R 37 0 3 -0.049 -0.040 -0.017 -2.888	4 -0.273 -0.277 0.369 1.587
L 48 1 1 -0.337 -0.368 0.051 10.633	2 0.669 0.597 -0.062 -10.826	R 38 0 3 -0.047 -0.041 0.017 -2.492	4 -0.259 -0.269 0.448 2.800
L 49 1 1 -0.334 -0.366 0.028 11.055	2 0.669 0.596 -0.017 -10.475	R 39 0 3 -0.045 -0.041 -0.017 -2.141	4 -0.246 -0.259 0.392 3.336
L 50 1 1 -0.331 -0.365 0.062 11.538	2 0.669 0.595 -0.017 -10.149	R 39 0 3 -0.045 -0.040 -0.006 -1.780	4 -0.235 -0.249 0.255 0.866
L 51 1 1 -0.328 -0.363 0.085 11.749	2 0.669 0.594 -0.051 -9.895	R 40 0 3 -0.042 -0.039 0.028 -1.314	4 -0.235 -0.239 0.221 1.798
L 51 1 1 -0.328 -0.361 0.062 11.407	2 0.669 0.593 -0.040 -9.613	R 41 0 3 -0.038 -0.036 0.142 -1.015	4 -0.225 -0.235 0.323 2.879
L 52 1 1 -0.325 -0.359 0.051 11.758	2 0.669 0.593 -0.040 -9.349	R 42 0 3 -0.033 -0.034 0.096 -1.086	4 -0.216 -0.228 0.323 3.196
L 53 1 1 -0.322 -0.357 0.074 12.101	2 0.669 0.592 -0.040 -9.042	R 42 0 3 -0.033 -0.030 0.051 -0.629	4 -0.208 -0.218 0.199 1.059
L 54 1 1 -0.319 -0.355 0.074 11.996	2 0.669 0.591 -0.051 -8.470	R 43 0 3 -0.027 -0.027 0.176 -0.163	4 -0.208 -0.212 0.108 1.332
L 54 1 1 -0.319 -0.352 0.028 11.644	2 0.669 0.590 -0.028 -8.154	R 44 0 3 -0.020 -0.021 0.289 0.004	4 -0.201 -0.209 0.142 2.571
L 55 1 1 -0.316 -0.350 0.040 11.916	2 0.669 0.589 -0.051 -7.864	R 45 0 3 -0.012 -0.016 0.153 -0.330	4 -0.196 -0.205 0.210 2.888
L 56 1 1 -0.313 -0.348 0.085 11.881	2 0.670 0.588 -0.028 -7.389	R 45 0 3 -0.012 -0.010 0.119 -0.664	4 -0.191 -0.199 0.119 1.270
L 57 1 1 -0.310 -0.346 0.131 12.013	2 0.670 0.587 -0.040 -7.020	R 46 0 3 -0.004 -0.002 0.301 -0.549	4 -0.191 -0.195 0.062 1.332
L 57 1 1 -0.310 -0.345 0.017 11.960	2 0.670 0.587 0.017 -6.905	R 47 0 3 0.005 0.004 0.380 -0.075	4 -0.187 -0.192 0.119 1.692
L 58 1 1 -0.307 -0.342 0.017 12.479	2 0.670 0.587 -0.017 -6.818	R 48 0 3 0.015 0.010 0.187 -0.620	4 -0.184 -0.190 0.165 1.640
L 59 1 1 -0.305 -0.340 0.142 12.488	2 0.671 0.587 0.017 -6.677	R 48 0 3 0.015 0.018 0.062 -0.875	4 -0.182 -0.187 -0.017 1.112
L 60 1 1 -0.302 -0.339 0.119 12.699	2 0.671 0.587 -0.028 -6.466	R 49 0 3 0.025 0.026 0.267 -0.462	4 -0.182 -0.186 -0.040 1.358
L 60 1 1 -0.302 -0.337 0.062 12.462	2 0.672 0.587 -0.176 -6.422	R 50 0 3 0.035 0.031 0.346 0.435	4 -0.180 -0.184 0.051 1.270
L 61 1 1 -0.299 -0.336 0.017 12.998	2 0.672 0.587 0.028 -6.316	R 51 0 3 0.046 0.039 0.006 0.136	4 -0.179 -0.183 0.017 1.516
L 62 1 1 -0.296 -0.334 0.074 13.262	2 0.672 0.587 -0.028 -6.185	R 51 0 3 0.046 0.047 0.233 -0.418	4 -0.178 -0.183 0.051 1.367
L 63 1 1 -0.293 -0.332 0.074 13.376	2 0.673 0.587 -0.176 -5.903	R 52 0 3 0.057 0.056 0.426 0.066	4 -0.178 -0.182 -0.006 1.552
L 63 1 1 -0.293 -0.331 0.028 13.051	2 0.673 0.587 0.028 -5.895	R 53 0 3 0.068 0.063 0.358 0.699	4 -0.177 -0.182 0.040 1.429
L 64 1 1 -0.290 -0.329 0.096 13.393	2 0.673 0.587 -0.176 -5.780	R 54 0 3 0.079 0.072 0.096 0.004	4 -0.177 -0.181 0.017 1.402
L 65 1 1 -0.288 -0.327 0.119 13.719	2 0.674 0.587 -0.006 -5.473	R 54 0 3 0.079 0.082 0.176 -0.892	4 -0.178 -0.181 0.017 1.323
L 66 1 1 -0.285 -0.326 0.074 13.965	2 0.674 0.587 -0.028 -5.244	R 55 0 3 0.090 0.091 0.392 -0.180	4 -0.178 -0.181 -0.028 1.138
L 66 1 1 -0.285 -0.324 0.074 13.587	2 0.675 0.587 -0.017 -5.156	R 56 0 3 0.102 0.098 0.460 0.444	4 -0.179 -0.182 -0.028 0.804
L 67 1 1 -0.282 -0.321 0.017 13.930	2 0.675 0.587 -0.176 -5.051	R 57 0 3 0.114 0.107 -0.051 0.242	4 -0.182 -0.183 -0.085 0.532
L 68 1 1 -0.279 -0.320 0.074 14.053	2 0.676 0.587 -0.017 -4.708	R 57 0 3 0.114 0.116 0.244 -0.664	4 -0.185 -0.184 -0.017 0.611
L 69 1 1 -0.277 -0.318 0.062 14.246	2 0.677 0.587 0.028 -4.497	R 58 0 3 0.127 0.125 0.460 0.347	4 -0.185 -0.185 -0.108 -0.031
L 69 1 1 -0.277 -0.316 0.051 13.798	2 0.677 0.587 -0.176 -4.391	R 59 0 3 0.140 0.133 0.369 1.077	4 -0.190 -0.190 -0.176 0.198
L 70 1 1 -0.274 -0.315 0.040 14.105	2 0.677 0.587 -0.006 -4.233	R 60 0 3 0.153 0.144 0.085 0.347	4 -0.195 -0.193 -0.119 -0.330
L 71 1 1 -0.271 -0.313 0.051 14.413	2 0.678 0.587 -0.176 -3.837	R 60 0 3 0.153 0.154 0.323 -0.295	4 -0.202 -0.197 -0.096 0.690
L 72 1 1 -0.269 -0.311 0.051 14.510	2 0.679 0.587 -0.176 -3.618	R 61 0 3 0.166 0.165 0.539 -0.084	4 -0.202 -0.203 -0.244 0.356
L 72 1 1 -0.269 -0.310 0.028 14.167	2 0.680 0.587 0.017 -3.477	R 62 0 3 0.180 0.173 0.369 1.121	4 -0.210 -0.210 -0.335 0.136
L 73 1 1 -0.266 -0.307 0.096 14.404	2 0.680 0.587 0.040 -3.336	R 63 0 3 0.194 0.184 0.165 0.426	4 -0.219 -0.217 -0.210 -0.075
L 74 1 1 -0.264 -0.306 0.096 14.607	2 0.681 0.587 -0.176 -2.870	R 63 0 3 0.194 0.198 0.392 -1.244	4 -0.230 -0.223 -0.153 0.752
L 75 1 1 -0.261 -0.304 0.040 14.800	2 0.682 0.587 -0.176 -2.571	R 64 0 3 0.208 0.206 0.437 0.400	4 -0.230 -0.229 -0.289 -0.180
L 75 1 1 -0.261 -0.302 0.062 14.404	2 0.683 0.587 -0.006 -2.422	R 65 0 3 0.223 0.214 0.392 1.604	4 -0.242 -0.238 -0.482 -0.374
L 76 1 1 -0.258 -0.301 0.062 14.756	2 0.683 0.587 -0.176 -2.299	R 66 0 3 0.237 0.227 0.233 0.084	4 -0.255 -0.250 -0.414 -0.585
L 77 1 1 -0.256 -0.299 0.108 14.879	2 0.684 0.587 0.017 -2.026	R 66 0 3 0.237 0.242 0.335 -1.420	4 -0.269 -0.261 -0.233 1.226
L 78 1 1 -0.253 -0.297 0.085 15.108	2 0.685 0.587 0.028 -1.859	R 67 0 3 0.252 0.250 0.494 0.453	4 -0.269 -0.269 -0.358 -0.004
L 78 1 1 -0.253 -0.296 -0.028 14.879	2 0.687 0.587 -0.176 -1.789	R 68 0 3 0.267 0.260 0.539 1.033	4 -0.285 -0.281 -0.596 -0.690
L 79 1 1 -0.251 -0.294 0.096 14.976	2 0.687 0.587 0.028 -1.868	R 69 0 3 0.283 0.274 0.176 -0.233	4 -0.302 -0.292 -0.358 -1.560
L 80 1 1 -0.249 -0.292 0.062 15.284	2 0.688 0.587 -0.017 -1.842	R 69 0 3 0.283 0.284 0.278 -0.602	4 -0.319 -0.306 -0.358 0.831
L 81 1 1 -0.246 -0.290 0.074 15.292	2 0.689 0.587 -0.017 -1.833	R 70 0 3 0.298 0.298 0.653 -0.321	4 -0.319 -0.320 -0.460 -0.418
L 81 1 1 -0.246 -0.289 0.085 14.949	2 0.690 0.587 -0.176 -1.754	R 71 0 3 0.313 0.307 0.437 0.725	4 -0.338 -0.330 -0.596 -1.490
L 82 1 1 -0.244 -0.287 0.062 15.090	2 0.690 0.587 0.017 -1.842	R 72 0 3 0.328 0.319 0.221 -0.374	4 -0.358 -0.345 -0.550 -3.029
L 83 1 1 -0.241 -0.285 0.119 15.196	2 0.692 0.587 -0.176 -1.815	R 72 0 3 0.328 0.334 0.335 -2.334	4 -0.378 -0.360 -0.233 -0.365
L 84 1 1 -0.239 -0.284 0.062 15.398	2 0.693 0.588 0.017 -1.754	R 73 0 3 0.343 0.347 0.516 -1.437	4 -0.378 -0.376 -0.596 -0.699
L 84 1 1 -0.239 -0.282 0.017 14.941	2 0.694 0.588 0.017 -1.789	R 74 0 3 0.358 0.357 0.573 -0.505	4 -0.399 -0.389 -0.630 -2.818
L 85 1 1 -0.237 -0.279 -0.017 15.213	2 0.694 0.588 0.017 -1.824	R 75 0 3 0.373 0.368 0.289 -1.719	4 -0.420 -0.402 -0.619 -4.699
L 86 1 1 -0.234 -0.277 0.108 14.835	2 0.696 0.588 -0.176 -1.851	R 75 0 3 0.373 0.380 0.233 -2.695	4 -0.442 -0.421 -0.392 -0.716
L 87 1 1 -0.232 -0.275 0.131 14.624	2 0.697 0.588 0.017 -1.798	R 76 0 3 0.387 0.392 0.346 -2.176	4 -0.442 -0.437 -0.596 -1.464
L 87 1 1 -0.232 -0.274 0.006 14.466	2 0.699 0.588 -0.040 -1.771	R 77 0 3 0.401 0.402 0.494 -0.927	4 -0.464 -0.453 -0.687 -3.248
L 88 1 1 -0.230 -0.271 -0.006 14.624	2 0.699 0.588 0.028 -1.780	R 78 0 3 0.415 0.411 0.244 -1.534	4 -0.486 -0.467 -0.573 -5.218
L 89 1 1 -0.227 -0.269 0.119 14.299	2 0.701 0.588 -0.176 -1.868	R 78 0 3 0.415 0.421 0.278 -2.703	4 -0.508 -0.486 -0.460 -0.813
L 90 1 1 -0.225 -0.267 0.096 14.141	2 0.702 0.588 -0.006 -1.745	R 79 0 3 0.428 0.433 0.255 -1.868	4 -0.508 -0.504 -0.585 -1.262
L 90 1 1 -0.225 -0.265 0.074 13.719	2 0.704 0.588 -0.176 -1.745	R 80 0 3 0.440 0.440 0.369 -0.488	4 -0.530 -0.518 -0.664 -3.503
L 91 1 1 -0.223 -0.262 0.017 13.868	2 0.704 0.588 -0.176 -1.842	R 81 0 3 0.452 0.449 0.221 -1.473	4 -0.551 -0.532 -0.516 -5.174
L 92 1 1 -0.221 -0.260 0.131 13.411	2 0.706 0.589 -0.006 -1.789	R 81 0 3 0.452 0.459 0.369 -2.888	4 -0.571 -0.550 -0.460 -0.927
L 93 1 1 -0.219 -0.258 0.062 13.393	2 0.707 0.590 0.040 -1.692	R 82 0 3 0.463 0.469 0.244 -2.360	4 -0.571 -0.568 -0.562 -1.420
L 93 1 1 -0.219 -0.255 0.131 12.602	2 0.709 0.590 0.017 -1.692	R 83 0 3 0.474 0.476 0.278 -0.998	4 -0.591 -0.580 -0.607 -3.327
L 94 1 1 -0.217 -0.253 0.040 12.831	2 0.709 0.590 0.028 -1.877	R 84 0 3 0.484 0.482 0.131 -1.534	4 -0.610 -0.592 -0.437 -4.875
L 95 1 1 -0.215 -0.250 0.119 12.505	2 0.711 0.591 0.051 -1.771	R 84 0 3 0.484 0.489 0.233 -2.334	4 -0.627 -0.608 -0.380 -1.068
L 96 1 1 -0.212 -0.249 0.085 12.409	2 0.713 0.593 0.051 -1.798	R 85 0 3 0.492 0.497 0.199 -1.745	4 -0.627 -0.622 -0.437 -1.807
L 96 1 1 -0.212 -0.248 0.028 12.259	2 0.715 0.596 0.051 -1.631	R 86 0 3 0.500 0.500 0.142 -0.295	4 -0.643 -0.629 -0.335 -4.418
L 97 1 1 -0.210 -0.246 -0.017 12.646	2 0.715 0.600 0.255 -2.000	R 87 0 3 0.507 0.503 0.062 -0.426	4 -0.658 -0.640 -0.539 -5.481
L 98 1 1 -0.208 -0.246 0.006 13.068	2 0.717 0.604 0.233 -2.299	R 87 0 3 0.507 0.508 0.085 -0.338	4 -0.671 -0.651 -0.108 -3.284
L 99 1 1 -0.206 -0.246 -0.006 13.701	2 0.719 0.610 0.335 -1.648	R 88 0 3 0.513 0.511 0.176 0.576	4 -0.671 -0.661 -0.233 -4.075
L 99 1 1 -0.206 -0.247 -0.062 14.185	2 0.721 0.619 0.335 -2.580	R 89 0 3 0.517 0.513 0.074 1.499	4 -0.683 -0.668 -0.516 -4.629
L 100 1 1 -0.204 -0.247 -0.040 15.169	2 0.721 0.628 0.278 -2.853	R 90 0 3 0.521 0.514 0.051 1.684	4 -0.693 -0.676 -0.358 -5.086
L 101 1 1 -0.202 -0.249 -0.051 16.101	2 0.723 0.636 0.255 -5.719	R 90 0 3 0.521 0.516 -0.006 1.692	4 -0.701 -0.685 -0.131 -3.090
L 102 1 1 -0.200 -0.249 0.017 16.673	2 0.725 0.643 0.267 -6.791	R 91 0 3 0.523 0.517 0.062 2.158	4 -0.701 -0.692 -0.176 -3.371
L 102 1 1 -0.200 -0.249 0.017 16.866	2 0.727 0.648 0.142 -8.567	R 92 0 3 0.525 0.517 -0.006 2.642	4 -0.708 -0.696 -0.199 -4.066
L 103 1 1 -0.199 -0.248 0.051 17.165	2 0.727 0.651 0.096 -9.349	R 93 0 3 0.525 0.517 0.006 2.774	4 -0.713 -0.699 -0.176 -4.743
L 104 1 1 -0.197 -0.246 0.040 17.332	2 0.730 0.653 0.051 -9.235	R 93 0 3 0.525 0.517 -0.028 2.967	4 -0.717 -0.701 0.028 -4.514
L 105 1 1 -0.195 -0.244 0.074 17.112	2 0.732 0.654 0.051 -8.831	R 94 0 3 0.525 0.514 -0.074 3.714	4 -0.717 -0.701 0.006 -5.622
L 105 1 1 -0.195 -0.242 0.096 16.488	2 0.734 0.655 0.062 -8.796	R 95 0 3 0.524 0.513 -0.096 3.837	4 -0.719 -0.702 -0.051 -6.167
L 106 1 1 -0.193 -0.240 0.051 16.453	2 0.734 0.657 0.131 -8.971	R 96 0 3 0.522 0.512 -0.040 3.837	4 -0.721 -0.702 -0.051 -6.308
L 107 1 1 -0.191 -0.239 0.006 16.716	2 0.737 0.661 0.108 -9.095	R 96 0 3 0.522 0.509 -0.074 4.295	4 -0.721 -0.704 -0.074 -5.789
L 108 1 1 -0.189 -0.238 -0.017 17.033	2 0.739 0.664 0.119 -9.763	R 97 0 3 0.519 0.508 -0.006 3.723	4 -0.721 -0.706 -0.085 -5.235
L 108 1 1 -0.189 -0.237 0.062 16.708	2 0.742 0.666 0.074 -10.185	R 98 0 3 0.516 0.506 -0.108 3.407	4 -0.720 -0.707 0.006 -4.822
L 109 1 1 -0.188 -0.236 0.051 16.690	2 0.742 0.669 0.040 -10.316	R 99 0 3 0.512 0.505 -0.085 3.380	4 -0.719 -0.706 0.040 -4.523
L 110 1 1 -0.186 -0.234 0.051 16.848	2 0.744 0.670 0.062 -9.965	R 99 0 3 0.512 0.502 -0.119 3.837	4 -0.717 -0.705 0.051 -4.804
L 111 1 1 -0.184 -0.233 0.051 16.646	2 0.747 0.671 0.051 -9.587	R 0 1 3 0.509 0.499 -0.074 3.380	4 -0.717 -0.704 -0.028 -4.523
L 111 1 1 -0.184 -0.231 0.040 16.233	2 0.749 0.672 0.028 -9.464	R 1 1 3 0.505 0.497 -0.142 2.809	4 -0.715 -0.703 0.040 -4.198
L 112 1 1 -0.183 -0.229 0.040 16.426	2 0.749 0.673 0.040 -9.402	R 2 1 3 0.501 0.495 -0.017 2.703	4 -0.713 -0.702 0.040 -3.916
L 113 1 1 -0.181 -0.228 -0.017 16.629	2 0.752 0.676 0.096 -9.191	R 2 1 3 0.501 0.492 -0.051 3.046	4 -0.711 -0.702 -0.006 -4.022
L 114 1 1 -0.179 -0.228 0.017 16.646	2 0.755 0.678 0.108 -9.191	R 3 1 3 0.497 0.489 -0.051 2.651	4 -0.711 -0.701 -0.028 -3.723
L 114 1 1 -0.179 -0.226 0.074 16.171	2 0.758 0.679 0.017 -9.288	R 4 1 3 0.493 0.487 -0.108 2.264	4 -0.709 -0.700 0.040 -3.495
L 115 1 1 -0.178 -0.224 0.085 16.127	2 0.758 0.681 0.028 -8.963	R 5 1 3 0.489 0.484 -0.040 2.316	4 -0.707 -0.699 0.051 -3.169
L 116 1 1 -0.176 -0.222 0.040 15.996	2 0.760 0.682 0.017 -8.374	R 5 1 3 0.489 0.481 -0.028 2.712	4 -0.706 -0.698 0.006 -3.459
L 117 1 1 -0.175 -0.221 0.028 15.934	2 0.763 0.683 0.085 -7.890	R 6 1 3 0.485 0.478 -0.085 2.281	4 -0.706 -0.696 0.006 -3.327
L 117 1 1 -0.175 -0.219 0.040 15.433	2 0.766 0.684 0.074 -7.952	R 7 1 3 0.481 0.476 -0.096 2.088	4 -0.704 -0.695 0.051 -3.345
L 118 1 1 -0.173 -0.218 0.051 15.398	2 0.766 0.686 0.051 -7.908	R 8 1 3 0.477 0.473 -0.040 2.018	4 -0.702 -0.694 0.017 -3.020
L 119 1 1 -0.172 -0.216 0.028 15.415	2 0.769 0.688 0.062 -7.433	R 8 1 3 0.477 0.470 -0.062 2.396	4 -0.701 -0.693 -0.006 -3.011
L 0 0 1 -0.170 -0.215 -0.006 15.407	2 0.772 0.691 0.119 -7.451	R 9 1 3 0.473 0.467 -0.096 2.062	4 -0.701 -0.693 -0.017 -2.615
L 0 0 1 -0.170 -0.213 0.051 15.116	2 0.775 0.693 0.085 -7.785	R 10 1 3 0.469 0.465 -0.131 1.763	4 -0.699 -0.693 -0.017 -2.220
L 1 0 1 -0.169 -0.213 0.074 15.152	2 0.775 0.696 0.028 -7.960	R 11 1 3 0.465 0.463 -0.096 1.824	4 -0.697 -0.693 0.017 -1.824
L 2 0 1 -0.168 -0.211 0.062 14.985	2 0.778 0.698 0.062 -7.688	R 11 1 3 0.465 0.459 -0.108 2.246	4 -0.696 -0.692 -0.017 -1.921
L 3 0 1 -0.166 -0.209 0.051 14.791	2 0.781 0.699 0.017 -7.116	R 12 1 3 0.462 0.455 -0.142 2.281	4 -0.696 -0.690 0.062 -2.220
L 3 0 1 -0.166 -0.206 0.085 14.105	2 0.784 0.699 0.040 -7.046	R 13 1 3 0.458 0.452 -0.187 2.413	4 -0.694 -0.687 0.165 -2.712
L 4 0 1 -0.165 -0.204 0.096 13.684	2 0.784 0.701 -0.006 -6.862	R 14 1 3 0.454 0.448 -0.074 2.897	4 -0.693 -0.686 0.040 -2.580
L 5 0 1 -0.163 -0.202 0.040 13.648	2 0.786 0.702 0.051 -6.721	R 14 1 3 0.454 0.445 -0.074 3.213	4 -0.692 -0.685 -0.040 -2.633
L 6 0 1 -0.160 -0.199 0.051 13.358	2 0.786 0.704 0.074 -7.152	R 15 1 3 0.450 0.441 -0.096 3.160	4 -0.692 -0.685 -0.017 -2.404
L 6 0 1 -0.160 -0.197 0.028 12.936	2 0.786 0.707 0.131 -8.145	R 16 1 3 0.447 0.439 -0.176 2.993	4 -0.690 -0.685 0.006 -2.079
L 7 0 1 -0.158 -0.196 0.051 13.305	2 0.786 0.711 0.096 -9.420	R 17 1 3 0.443 0.435 -0.131 3.495	4 -0.689 -0.685 -0.028 -1.727
L 8 0 1 -0.154 -0.194 0.062 13.798	2 0.784 0.713 0.062 -11.196	R 17 1 3 0.443 0.432 -0.108 4.022	4 -0.688 -0.685 0.017 -1.719
L 9 0 1 -0.150 -0.192 0.131 13.903	2 0.781 0.715 -0.006 -12.602	R 18 1 3 0.439 0.428 -0.153 3.943	4 -0.688 -0.682 0.108 -1.947
L 9 0 1 -0.150 -0.188 0.085 13.007	2 0.776 0.715 -0.006 -13.297	R 19 1 3 0.436 0.424 -0.176 4.110	4 -0.687 -0.680 0.131 -2.360
L 10 0 1 -0.146 -0.184 0.176 13.305	2 0.776 0.714 -0.176 -14.193	R 20 1 3 0.432 0.419 -0.176 5.200	4 -0.685 -0.677 0.131 -3.196
L 11 0 1 -0.141 -0.180 0.142 13.657	2 0.770 0.712 -0.028 -15.890	R 20 1 3 0.432 0.414 -0.142 6.220	4 -0.684 -0.673 0.062 -4.084
L 12 0 1 -0.135 -0.176 0.119 13.701	2 0.761 0.709 -0.187 -17.657	R 21 1 3 0.428 0.410 -0.131 6.308	4 -0.684 -0.671 0.108 -4.664
L 12 0 1 -0.135 -0.171 0.119 12.664	2 0.751 0.708 -0.085 17.481	R 22 1 3 0.425 0.407 -0.153 6.369	4 -0.683 -0.669 0.131 -5.270