L 81 1 1 -0.246 -0.287 0.017 14.396	2 0.690 0.611 0.040 -8.523	R 71 0 3 0.313 0.306 0.539 0.919	4 -0.338 -0.333 -0.528 -0.760
L 82 1 1 -0.244 -0.286 0.028 14.949	2 0.690 0.612 0.062 -8.760	R 72 0 3 0.328 0.319 0.096 -0.136	4 -0.358 -0.347 -0.562 -1.877
L 83 1 1 -0.241 -0.285 0.062 15.196	2 0.692 0.614 0.040 -8.637	R 72 0 3 0.328 0.332 0.346 -1.543	4 -0.378 -0.363 -0.369 0.927
L 84 1 1 -0.239 -0.284 0.051 15.371	2 0.693 0.616 0.028 -8.743	R 73 0 3 0.343 0.345 0.539 -0.884	4 -0.378 -0.379 -0.471 -0.295
L 84 1 1 -0.239 -0.282 0.006 15.187	2 0.694 0.617 0.085 -9.279	R 74 0 3 0.358 0.355 0.471 -0.031	4 -0.399 -0.390 -0.641 -1.842
L 85 1 1 -0.237 -0.280 0.051 15.327	2 0.694 0.618 0.062 -9.393	R 75 0 3 0.373 0.366 0.244 -1.095	4 -0.420 -0.405 -0.619 -3.785
L 86 1 1 -0.234 -0.279 0.028 15.591	2 0.696 0.620 -0.176 -9.182	R 75 0 3 0.373 0.380 0.312 -2.932	4 -0.442 -0.422 -0.369 -0.136
L 87 1 1 -0.232 -0.278 0.131 15.451	2 0.697 0.621 0.017 -9.174	R 76 0 3 0.387 0.393 0.426 -2.369	4 -0.442 -0.440 -0.539 -0.760
L 87 1 1 -0.232 -0.276 0.040 15.222	2 0.699 0.622 0.062 -9.455	R 77 0 3 0.401 0.401 0.516 -0.831	4 -0.464 -0.452 -0.585 -3.108
L 88 1 1 -0.230 -0.273 0.040 15.327	2 0.699 0.623 0.028 -9.270	R 78 0 3 0.415 0.411 0.244 -1.833	4 -0.486 -0.469 -0.789 -4.215
L 89 1 1 -0.227 -0.271 0.108 15.029	2 0.701 0.623 0.028 -8.848	R 78 0 3 0.415 0.422 0.221 -2.949	4 -0.508 -0.490 -0.346 -0.040
L 90 1 1 -0.225 -0.268 0.119 14.765	2 0.702 0.624 -0.176 -8.470	R 79 0 3 0.428 0.432 0.289 -1.868	4 -0.508 -0.506 -0.573 -0.831
L 90 1 1 -0.225 -0.266 0.062 14.211	2 0.704 0.624 0.028 -8.365	R 80 0 3 0.440 0.439 0.358 -0.207	4 -0.530 -0.519 -0.641 -2.800
L 91 1 1 -0.223 -0.263 0.074 14.185	2 0.704 0.624 0.051 -8.101	R 81 0 3 0.452 0.448 0.210 -1.226	4 -0.551 -0.534 -0.630 -4.303
L 92 1 1 -0.221 -0.261 0.108 13.859	2 0.706 0.625 -0.176 -7.820	R 81 0 3 0.452 0.459 0.233 -2.369	4 -0.571 -0.554 -0.448 0.110
L 93 1 1 -0.219 -0.258 0.131 13.560	2 0.707 0.626 0.074 -7.653	R 82 0 3 0.463 0.468 0.301 -1.947	4 -0.571 -0.571 -0.482 -0.514
L 93 1 1 -0.219 -0.257 0.074 13.200	2 0.709 0.628 0.051 -7.908	R 83 0 3 0.474 0.474 0.346 -0.716	4 -0.591 -0.580 -0.539 -2.985
L 94 1 1 -0.217 -0.254 0.051 13.138	2 0.709 0.629 0.074 -8.066	R 84 0 3 0.484 0.482 0.199 -1.666	4 -0.610 -0.595 -0.687 -3.503
L 95 1 1 -0.215 -0.252 0.051 13.015	2 0.711 0.632 0.074 -7.987	R 84 0 3 0.484 0.490 0.142 -2.281	4 -0.627 -0.613 -0.301 0.057
L 96 1 1 -0.212 -0.250 0.131 12.611	2 0.713 0.635 0.142 -8.444	R 85 0 3 0.492 0.496 0.176 -1.508	4 -0.627 -0.625 -0.426 -0.813
L 96 1 1 -0.212 -0.248 0.028 12.444	2 0.715 0.638 0.085 -9.209	R 86 0 3 0.500 0.501 0.187 -0.681	4 -0.643 -0.635 -0.550 -2.290
L 97 1 1 -0.210 -0.246 0.051 12.505	2 0.715 0.641 0.108 -10.167	R 87 0 3 0.507 0.505 0.131 -0.989	4 -0.658 -0.647 -0.414 -2.967
L 98 1 1 -0.208 -0.244 0.074 12.259	2 0.717 0.644 0.108 -10.545	R 87 0 3 0.507 0.511 0.153 -1.596	4 -0.671 -0.659 -0.278 -0.180
L 99 1 1 -0.206 -0.242 0.142 12.092	2 0.719 0.647 0.096 -10.967	R 88 0 3 0.513 0.515 0.119 -1.086	4 -0.671 -0.670 -0.289 -0.664
L 99 1 1 -0.206 -0.240 0.085 11.626	2 0.721 0.649 0.074 -11.292	R 89 0 3 0.517 0.519 0.165 -0.875	4 -0.683 -0.677 -0.358 -1.859
L 100 1 1 -0.204 -0.237 0.062 11.389	2 0.721 0.652 0.074 -11.653	R 90 0 3 0.521 0.522 0.108 -1.297	4 -0.693 -0.683 -0.210 -2.730
L 101 1 1 -0.202 -0.234 0.074 11.213	2 0.723 0.654 0.040 -11.644	R 90 0 3 0.521 0.524 -0.040 -1.200	4 -0.701 -0.691 -0.187 -0.760
L 102 1 1 -0.200 -0.233 0.051 10.923	2 0.725 0.656 0.085 -11.653	R 91 0 3 0.523 0.525 -0.040 -0.400	4 -0.701 -0.698 -0.187 -1.376
L 102 1 1 -0.200 -0.230 0.051 10.316	2 0.727 0.657 0.074 -11.996	R 92 0 3 0.525 0.524 0.074 0.259	4 -0.708 -0.699 -0.108 -3.073
L 103 1 1 -0.199 -0.228 0.062 10.088	2 0.727 0.659 0.074 -12.215	R 93 0 3 0.525 0.523 -0.051 0.822	4 -0.713 -0.701 -0.176 -3.996
L 104 1 1 -0.197 -0.226 0.062 10.132	2 0.730 0.663 0.131 -12.901	R 93 0 3 0.525 0.522 -0.085 1.385	4 -0.717 -0.704 -0.062 -3.618
L 105 1 1 -0.195 -0.224 0.051 10.246	2 0.732 0.669 0.233 -13.763	R 94 0 3 0.525 0.521 0.006 1.552	4 -0.717 -0.707 -0.131 -3.574
L 105 1 1 -0.195 -0.224 0.017 10.352	2 0.734 0.674 0.165 -15.512	R 95 0 3 0.524 0.520 -0.028 1.534	4 -0.719 -0.710 -0.176 -3.160
L 106 1 1 -0.193 -0.224 0.006 10.835	2 0.734 0.680 0.199 -17.077	R 96 0 3 0.522 0.518 -0.074 1.613	4 -0.721 -0.713 -0.051 -2.721
L 107 1 1 -0.191 -0.224 -0.006 11.442	2 0.737 0.685 0.153 -17.815	R 96 0 3 0.522 0.517 -0.074 1.710	4 -0.721 -0.715 -0.017 -2.149
L 108 1 1 -0.189 -0.223 0.017 11.635	2 0.739 0.688 0.119 17.727	R 97 0 3 0.519 0.514 -0.085 1.745	4 -0.721 -0.715 -0.017 -2.070
L 108 1 1 -0.189 -0.221 0.074 11.134	2 0.742 0.690 0.040 17.508	R 98 0 3 0.516 0.511 -0.131 1.851	4 -0.720 -0.714 0.085 -2.220
L 109 1 1 -0.188 -0.220 0.085 10.985	2 0.742 0.690 0.017 -18.000	R 99 0 3 0.512 0.508 -0.119 2.193	4 -0.719 -0.712 0.119 -2.589
L 110 1 1 -0.186 -0.217 0.131 10.703	2 0.744 0.691 -0.017 -17.112	R 99 0 3 0.512 0.504 -0.119 2.923	4 -0.717 -0.710 0.028 -2.993
L 111 1 1 -0.184 -0.215 0.062 10.527	2 0.747 0.691 0.040 -16.646	R 0 1 3 0.509 0.501 -0.108 2.545	4 -0.717 -0.709 -0.006 -2.888
L 111 1 1 -0.184 -0.213 0.051 10.132	2 0.749 0.692 0.040 -16.523	R 1 1 3 0.505 0.499 -0.165 2.088	4 -0.715 -0.707 0.096 -2.712
L 112 1 1 -0.183 -0.212 0.074 10.325	2 0.749 0.693 -0.006 -16.048	R 2 1 3 0.501 0.497 -0.096 2.097	4 -0.713 -0.713 -0.085 -0.796
L 113 1 1 -0.181 -0.210 0.108 9.789	2 0.752 0.693 0.017 -15.266	R 2 1 3 0.501 0.493 0.051 2.299	4 -0.711 -0.713 0.017 -0.312
L 114 1 1 -0.179 -0.208 0.006 9.868	2 0.755 0.695 0.085 -15.231	R 3 1 3 0.497 0.492 -0.051 1.393	4 -0.711 -0.712 -0.028 0.259
L 114 1 1 -0.179 -0.207 0.040 9.780	2 0.758 0.698 0.096 -15.635	R 4 1 3 0.493 0.490 -0.233 1.182	4 -0.709 -0.712 0.040 0.664
L 115 1 1 -0.178 -0.207 -0.017 10.211	2 0.758 0.701 0.096 -16.022	R 5 1 3 0.489 0.488 -0.040 1.068	4 -0.707 -0.712 0.017 1.367
L 116 1 1 -0.176 -0.207 -0.040 10.677	2 0.760 0.704 0.096 -16.154	R 5 1 3 0.489 0.486 -0.006 0.857	4 -0.706 -0.712 -0.017 1.613
L 117 1 1 -0.175 -0.206 0.006 10.686	2 0.763 0.706 0.085 -16.066	R 6 1 3 0.485 0.483 -0.108 0.462	4 -0.706 -0.712 -0.006 2.185
L 117 1 1 -0.175 -0.205 0.028 10.352	2 0.766 0.708 0.085 -16.382	R 7 1 3 0.481 0.481 -0.096 0.110	4 -0.704 -0.711 0.074 2.325
L 118 1 1 -0.173 -0.204 0.028 10.571	2 0.766 0.710 0.062 -16.426	R 8 1 3 0.477 0.478 -0.062 0.365	4 -0.702 -0.710 0.074 2.475
L 119 1 1 -0.172 -0.202 0.006 10.738	2 0.769 0.712 0.051 -16.022	R 8 1 3 0.477 0.474 -0.040 0.954	4 -0.701 -0.709 0.006 2.299
L 0 0 1 -0.170 -0.202 0.017 10.730	2 0.772 0.714 0.085 -15.802	R 9 1 3 0.473 0.472 -0.119 0.497	4 -0.701 -0.708 -0.006 2.651
L 0 0 1 -0.170 -0.200 0.074 10.343	2 0.775 0.717 0.096 -16.251	R 10 1 3 0.469 0.469 -0.131 0.207	4 -0.699 -0.708 0.006 2.993
L 1 0 1 -0.169 -0.199 -0.006 10.440	2 0.775 0.719 0.017 -16.084	R 11 1 3 0.465 0.467 -0.017 0.136	4 -0.697 -0.707 0.028 3.231
L 2 0 1 -0.168 -0.196 0.108 10.009	2 0.778 0.719 0.017 -15.257	R 11 1 3 0.465 0.463 -0.119 0.945	4 -0.696 -0.706 0.051 2.967
L 3 0 1 -0.166 -0.193 0.096 9.121	2 0.781 0.719 -0.017 -14.132	R 12 1 3 0.462 0.459 -0.199 0.778	4 -0.696 -0.704 0.085 2.554
L 3 0 1 -0.166 -0.189 0.119 8.084	2 0.784 0.719 -0.040 -13.640	R 13 1 3 0.458 0.455 -0.199 1.095	4 -0.694 -0.701 0.165 1.965
L 4 0 1 -0.165 -0.187 0.074 7.670	2 0.784 0.719 0.017 -13.218	R 14 1 3 0.454 0.452 -0.074 1.552	4 -0.693 -0.699 0.142 1.771
L 5 0 1 -0.163 -0.184 0.074 7.574	2 0.786 0.720 0.040 -12.813	R 14 1 3 0.454 0.448 -0.028 2.026	4 -0.692 -0.698 -0.017 1.631
L 6 0 1 -0.160 -0.182 0.040 7.319	2 0.786 0.721 0.096 -13.130	R 15 1 3 0.450 0.445 -0.096 1.745	4 -0.692 -0.698 -0.028 2.035
L 6 0 1 -0.160 -0.180 0.062 6.721	2 0.786 0.723 0.085 -13.947	R 16 1 3 0.447 0.442 -0.187 1.675	4 -0.690 -0.697 0.040 2.264
L 7 0 1 -0.158 -0.178 0.040 6.985	2 0.786 0.725 0.028 -14.659	R 17 1 3 0.443 0.439 -0.096 2.070	4 -0.689 -0.696 0.074 2.176
L 8 0 1 -0.154 -0.176 0.062 7.424	2 0.784 0.727 0.040 -15.767	R 17 1 3 0.443 0.435 -0.085 2.941	4 -0.688 -0.694 0.062 1.745
L 9 0 1 -0.150 -0.173 0.085 7.442	2 0.781 0.727 -0.017 -16.892	R 18 1 3 0.439 0.431 -0.153 3.029	4 -0.688 -0.693 0.006 1.657
L 9 0 1 -0.150 -0.169 0.153 6.440	2 0.776 0.727 -0.017 -17.675	R 19 1 3 0.436 0.428 -0.165 2.967	4 -0.687 -0.690 0.142 1.121
L 10 0 1 -0.146 -0.166 0.142 6.932	2 0.776 0.726 -0.006 17.481	R 20 1 3 0.432 0.424 -0.119 3.451	4 -0.685 -0.688 0.096 0.866
L 11 0 1 -0.141 -0.162 0.108 7.688	2 0.770 0.724 -0.006 15.679	R 20 1 3 0.432 0.420 -0.051 4.092	4 -0.684 -0.686 -0.074 0.435
L 12 0 1 -0.135 -0.159 0.108 7.820	2 0.761 0.722 -0.199 14.149	R 21 1 3 0.428 0.417 -0.165 4.136	4 -0.684 -0.685 0.108 0.374
L 12 0 1 -0.135 -0.155 0.131 6.835	2 0.751 0.720 -0.062 13.095	R 22 1 3 0.425 0.413 -0.165 4.277	4 -0.683 -0.681 0.176 -0.769
L 13 0 1 -0.128 -0.150 0.176 7.749	2 0.751 0.716 -0.131 12.136	R 23 1 3 0.421 0.409 -0.085 4.945	4 -0.682 -0.678 0.142 -1.886
L 14 0 1 -0.121 -0.145 0.176 8.470	2 0.739 0.710 -0.108 9.815	R 23 1 3 0.421 0.405 -0.187 5.947	4 -0.681 -0.673 0.153 -3.512
L 15 0 1 -0.112 -0.139 0.187 8.716	2 0.725 0.703 -0.358 7.952	R 24 1 3 0.418 0.401 -0.142 6.097	4 -0.681 -0.668 0.153 -4.848
L 15 0 1 -0.112 -0.133 0.176 7.152	2 0.709 0.698 -0.085 6.809	R 25 1 3 0.414 0.396 -0.165 6.501	4 -0.680 -0.663 0.199 -6.220
L 16 0 1 -0.104 -0.127 0.278 7.785	2 0.709 0.691 -0.233 6.571	R 26 1 3 0.410 0.392 -0.108 7.336	4 -0.679 -0.657 0.289 -6.615
L 17 0 1 -0.095 -0.119 0.335 8.180	2 0.692 0.680 -0.255 4.242	R 26 1 3 0.410 0.387 -0.142 8.022	4 -0.678 -0.654 0.176 -8.936
L 18 0 1 -0.085 -0.110 0.221 7.943	2 0.673 0.672 -0.301 1.077	R 27 1 3 0.407 0.385 -0.131 7.785	4 -0.678 -0.651 0.142 -9.657
L 18 0 1 -0.085 -0.101 0.312 5.622	2 0.653 0.665 -0.176 1.253	R 28 1 3 0.403 0.382 -0.108 7.574	4 -0.677 -0.648 0.131 -10.440
L 19 0 1 -0.075 -0.092 0.392 5.437	2 0.653 0.653 -0.335 -0.127	R 29 1 3 0.400 0.378 -0.074 8.242	4 -0.677 -0.645 0.028 -11.108
L 20 0 1 -0.065 -0.080 0.426 4.875	2 0.632 0.636 -0.653 -1.174	R 29 1 3 0.400 0.376 -0.085 8.127	4 -0.676 -0.644 -0.028 -11.468
L 21 0 1 -0.054 -0.066 0.460 2.870	2 0.610 0.622 -0.732 -2.615	R 30 1 3 0.397 0.376 -0.074 7.248	4 -0.676 -0.644 -0.006 -11.222
L 21 0 1 -0.054 -0.054 0.312 0.084	2 0.588 0.611 -0.131 -3.116	R 31 1 3 0.393 0.375 -0.017 6.255	4 -0.675 -0.644 -0.006 -10.958
L 22 0 1 -0.044 -0.046 0.289 0.479	2 0.588 0.596 -0.414 -3.222	R 32 1 3 0.390 0.374 -0.017 6.158	4 -0.674 -0.643 0.006 -10.985
L 23 0 1 -0.034 -0.037 0.437 0.497	2 0.565 0.579 -0.936 -3.899	R 32 1 3 0.390 0.373 -0.040 5.921	4 -0.674 -0.643 0.028 -11.196
L 24 0 1 -0.024 -0.030 0.312 0.831	2 0.541 0.562 -0.732 -6.026	R 33 1 3 0.386 0.372 -0.040 5.112	4 -0.674 -0.643 0.006 -11.029
L 24 0 1 -0.024 -0.021 0.165 -0.664	2 0.517 0.545 -0.233 -4.954	R 34 1 3 0.383 0.371 -0.028 4.101	4 -0.673 -0.643 0.006 -10.791
L 25 0 1 -0.014 -0.013 0.199 -0.224	2 0.517 0.528 -0.539 -3.916	R 35 1 3 0.379 0.371 -0.051 3.662	4 -0.673 -0.642 0.028 -10.879
L 26 0 1 -0.004 -0.005 0.392 -0.048	2 0.494 0.509 -0.800 -4.866	R 35 1 3 0.379 0.369 -0.051 3.503	4 -0.672 -0.641 0.040 -11.196
L 27 0 1 0.005 0.001 0.289 0.136	2 0.470 0.492 -0.823 -6.097	R 36 1 3 0.376 0.368 -0.028 2.800	4 -0.672 -0.640 0.062 -11.556
L 27 0 1 0.005 0.006 -0.006 -0.637	2 0.447 0.473 -0.199 -4.804	R 37 1 3 0.373 0.368 -0.096 2.000	4 -0.672 -0.638 0.017 -11.881
L 28 0 1 0.013 0.012 0.096 0.426	2 0.447 0.458 -0.460 -3.899	R 38 1 3 0.370 0.366 -0.006 1.912	4 -0.671 -0.636 0.051 -12.207
L 29 0 1 0.020 0.018 0.335 0.664	2 0.424 0.438 -0.891 -4.453	R 38 1 3 0.370 0.365 -0.040 1.525	4 -0.671 -0.635 0.074 -12.760
L 30 0 1 0.027 0.023 0.312 0.558	2 0.402 0.422 -0.675 -5.886	R 39 1 3 0.366 0.364 -0.108 0.716	4 -0.671 -0.634 0.006 -13.095
L 30 0 1 0.027 0.028 0.096 -0.418	2 0.381 0.406 -0.221 -4.919	R 40 1 3 0.363 0.363 0.006 0.084	4 -0.670 -0.633 0.051 -13.455
L 31 0 1 0.033 0.033 0.006 0.330	2 0.381 0.390 -0.516 -3.582	R 41 1 3 0.360 0.363 0.006 -0.295	4 -0.670 -0.631 0.040 -13.675
L 32 0 1 0.038 0.036 0.233 0.541	2 0.360 0.376 -0.641 -5.147	R 41 1 3 0.360 0.359 -0.142 0.004	4 -0.670 -0.631 0.028 -13.868
L 33 0 1 0.042 0.039 0.221 0.549	2 0.341 0.360 -0.687 -5.851	R 42 1 3 0.356 0.360 -0.006 -1.174	4 -0.670 -0.630 -0.006 -13.824
L 33 0 1 0.042 0.042 0.028 0.259	2 0.322 0.345 -0.165 -4.637	R 43 1 3 0.353 0.360 -0.051 -2.211	4 -0.669 -0.630 -0.017 -13.815
L 34 0 1 0.046 0.043 0.017 0.734	2 0.322 0.332 -0.482 -3.371	R 44 1 3 0.350 0.360 0.006 -1.534	4 -0.669 -0.630 -0.028 -13.868
L 35 0 1 0.048 0.044 0.017 1.174	2 0.305 0.319 -0.528 -4.708	R 44 1 3 0.350 0.360 -0.017 -3.495	4 -0.669 -0.629 0.028 -14.185
L 36 0 1 0.049 0.045 0.006 1.209	2 0.288 0.305 -0.607 -5.226	R 45 1 3 0.347 0.359 0.017 -4.409	4 -0.669 -0.628 0.006 -14.325
L 36 0 1 0.049 0.045 0.006 1.218	2 0.273 0.295 -0.131 -4.752	R 46 1 3 0.344 0.359 -0.085 -5.007	4 -0.669 -0.627 0.062 -14.774
L 37 0 1 0.049 0.045 0.028 1.218	2 0.273 0.283 -0.494 -3.310	R 47 1 3 0.341 0.358 -0.006 -5.358	4 -0.669 -0.626 0.006 -15.143
L 38 0 1 0.047 0.045 -0.017 0.927	2 0.259 0.271 -0.426 -4.004	R 47 1 3 0.341 0.357 -0.028 -5.842	4 -0.669 -0.624 0.108 -15.899
L 39 0 1 0.045 0.045 -0.040 0.391	2 0.246 0.264 -0.301 -5.349	R 48 1 3 0.337 0.355 -0.074 -6.281	4 -0.669 -0.622 0.062 -16.602
L 39 0 1 0.045 0.044 -0.051 0.233	2 0.235 0.256 -0.165 -4.884	R 49 1 3 0.334 0.354 -0.074 -6.721	4 -0.669 -0.620 0.040 -17.112
L 40 0 1 0.042 0.043 -0.006 -0.462	2 0.235 0.246 -0.278 -3.952	R 50 1 3 0.331 0.353 -0.040 -6.923	4 -0.669 -0.619 0.051 -17.578
L 41 0 1 0.038 0.043 -0.108 -1.262	2 0.225 0.237 -0.335 -4.198	R 50 1 3 0.331 0.352 -0.017 -7.196	4 -0.669 -0.618 -0.006 -17.868
L 42 0 1 0.033 0.041 -0.119 -2.475	2 0.216 0.233 -0.210 -5.332	R 51 1 3 0.328 0.350 -0.051 -7.855	4 -0.669 -0.618 0.176 17.991
L 42 0 1 0.033 0.039 -0.096 -2.273	2 0.208 0.227 -0.096 -5.015	R 52 1 3 0.325 0.349 -0.096 -8.163	4 -0.669 -0.617 0.176 17.859
L 43 0 1 0.027 0.036 -0.074 -3.556	2 0.208 0.220 -0.221 -4.004	R 53 1 3 0.322 0.348 -0.062 -8.286	4 -0.669 -0.617 -0.017 17.833
L 44 0 1 0.020 0.033 -0.142 -4.725	2 0.201 0.212 -0.165 -4.189	R 53 1 3 0.322 0.346 -0.051 -8.514	4 -0.669 -0.617 -0.028 17.868
L 45 0 1 0.012 0.029 -0.255 -4.901	2 0.196 0.210 -0.131 -4.822	R 54 1 3 0.319 0.344 -0.062 -9.007	4 -0.669 -0.617 -0.017 17.727
L 45 0 1 0.012 0.022 -0.233 -3.275	2 0.191 0.208 -0.085 -4.884	R 55 1 3 0.316 0.342 -0.131 -9.042	4 -0.669 -0.617 0.176 17.648
L 46 0 1 0.004 0.014 -0.244 -3.644	2 0.191 0.204 -0.119 -4.637	R 56 1 3 0.313 0.340 -0.108 -8.769	4 -0.670 -0.617 0.176 17.332
L 47 0 1 -0.005 0.006 -0.267 -4.031	2 0.187 0.200 -0.119 -4.664	R 56 1 3 0.313 0.338 -0.074 -8.637	4 -0.670 -0.616 0.028 17.033
L 48 0 1 -0.015 -0.001 -0.301 -4.013	2 0.184 0.197 -0.096 -4.602	R 57 1 3 0.310 0.335 -0.062 -8.884	4 -0.670 -0.615 0.006 16.611
L 48 0 1 -0.015 -0.008 -0.289 -2.290	2 0.182 0.197 0.017 -4.884	R 58 1 3 0.307 0.332 -0.131 -8.664	4 -0.670 -0.614 0.017 16.004
L 49 0 1 -0.025 -0.015 -0.176 -3.354	2 0.182 0.196 -0.006 -5.112	R 59 1 3 0.305 0.331 -0.108 -8.338	4 -0.671 -0.613 0.028 15.538
L 50 0 1 -0.035 -0.023 -0.233 -4.435	2 0.180 0.194 -0.051 -4.998	R 59 1 3 0.305 0.329 -0.074 -8.356	4 -0.671 -0.612 -0.017 15.398
L 51 0 1 -0.046 -0.030 -0.323 -4.470	2 0.179 0.193 -0.062 -4.875	R 60 1 3 0.302 0.326 -0.017 -8.936	4 -0.671 -0.612 -0.051 15.266
L 51 0 1 -0.046 -0.038 -0.289 -2.563	2 0.178 0.191 -0.096 -4.374	R 61 1 3 0.299 0.324 -0.119 -8.848	4 -0.672 -0.612 -0.017 15.125
L 52 0 1 -0.057 -0.047 -0.267 -3.503	2 0.178 0.189 -0.051 -4.066	R 62 1 3 0.296 0.323 -0.096 -8.936	4 -0.672 -0.612 -0.017 15.020
L 53 0 1 -0.068 -0.056 -0.323 -4.171	2 0.177 0.189 0.028 -4.207	R 62 1 3 0.296 0.321 -0.062 -8.866	4 -0.673 -0.612 0.176 15.037
L 54 0 1 -0.079 -0.064 -0.335 -3.943	2 0.177 0.189 -0.017 -4.119	R 63 1 3 0.293 0.319 -0.028 -9.429	4 -0.673 -0.612 -0.028 14.835
L 54 0 1 -0.079 -0.073 -0.244 -2.246	2 0.178 0.189 -0.006 -3.925	R 64 1 3 0.290 0.318 -0.096 -9.464	4 -0.673 -0.612 0.006 14.686
L 55 0 1 -0.090 -0.081 -0.255 -3.407	2 0.178 0.189 0.028 -3.934	R 65 1 3 0.288 0.316 -0.096 -9.218	4 -0.674 -0.612 0.176 14.448
L 56 0 1 -0.102 -0.089 -0.267 -4.655	2 0.179 0.190 0.040 -3.741	R 65 1 3 0.288 0.315 -0.085 -9.341	4 -0.674 -0.612 0.176 14.396
L 57 0 1 -0.114 -0.097 -0.392 -4.558	2 0.182 0.190 0.040 -3.108	R 66 1 3 0.285 0.312 0.006 -10.000	4 -0.674 -0.612 -0.017 14.202
L 57 0 1 -0.114 -0.107 -0.335 -2.316	2 0.185 0.192 0.051 -3.178	R 67 1 3 0.282 0.310 -0.131 -9.736	4 -0.675 -0.613 -0.017 14.114
L 58 0 1 -0.127 -0.118 -0.323 -3.301	2 0.185 0.196 0.165 -3.837	R 68 1 3 0.279 0.309 -0.085 -9.675	4 -0.676 -0.613 -0.017 13.965
L 59 0 1 -0.140 -0.128 -0.323 -4.136	2 0.190 0.200 0.153 -3.960	R 68 1 3 0.279 0.307 -0.062 -9.640	4 -0.677 -0.613 -0.017 13.974
L 60 0 1 -0.153 -0.137 -0.369 -4.251	2 0.195 0.204 0.096 -3.327	R 69 1 3 0.277 0.305 -0.006 -10.123	4 -0.677 -0.613 -0.074 13.710
L 60 0 1 -0.153 -0.146 -0.278 -2.633	2 0.202 0.208 0.131 -3.547	R 70 1 3 0.274 0.303 -0.142 -9.886	4 -0.677 -0.613 -0.017 13.402
L 61 0 1 -0.166 -0.155 -0.278 -4.031	2 0.202 0.214 0.199 -4.171	R 71 1 3 0.271 0.301 -0.108 -9.754	4 -0.678 -0.613 -0.040 13.068
L 62 0 1 -0.180 -0.164 -0.358 -5.235	2 0.210 0.219 0.187 -3.398	R 71 1 3 0.271 0.300 -0.074 -9.798	4 -0.679 -0.613 0.176 13.059
L 63 0 1 -0.194 -0.174 -0.380 -5.464	2 0.219 0.224 0.233 -2.308	R 72 1 3 0.269 0.297 -0.017 -10.290	4 -0.679 -0.614 -0.051 12.998
L 63 0 1 -0.194 -0.186 -0.414 -2.756	2 0.230 0.234 0.278 -4.998	R 73 1 3 0.266 0.295 -0.096 -10.237	4 -0.680 -0.614 -0.017 12.804
L 64 0 1 -0.208 -0.198 -0.392 -3.609	2 0.230 0.243 0.210 -4.787	R 74 1 3 0.264 0.294 -0.142 -9.930	4 -0.681 -0.615 -0.051 12.629
L 65 0 1 -0.223 -0.208 -0.369 -4.778	2 0.242 0.250 0.312 -3.495	R 74 1 3 0.264 0.292 -0.062 -10.044	4 -0.682 -0.615 0.176 12.681
L 66 0 1 -0.237 -0.218 -0.392 -5.341	2 0.255 0.258 0.460 -1.789	R 75 1 3 0.261 0.290 -0.017 -10.501	4 -0.682 -0.615 -0.040 12.453
L 66 0 1 -0.237 -0.231 -0.426 -2.378	2 0.269 0.268 0.255 -2.642	R 76 1 3 0.258 0.287 -0.142 -10.009	4 -0.683 -0.616 -0.017 12.224
L 67 0 1 -0.252 -0.243 -0.448 -3.011	2 0.269 0.281 0.346 -4.347	R 77 1 3 0.256 0.286 -0.119 -9.895	4 -0.684 -0.616 -0.017 11.960
L 68 0 1 -0.267 -0.255 -0.392 -4.312	2 0.285 0.292 0.437 -2.932	R 77 1 3 0.256 0.284 -0.062 -9.947	4 -0.685 -0.617 -0.062 12.198
L 69 0 1 -0.283 -0.266 -0.426 -4.189	2 0.302 0.303 0.664 -1.209	R 78 1 3 0.253 0.282 0.006 -10.281	4 -0.685 -0.617 -0.051 12.189
L 69 0 1 -0.283 -0.279 -0.494 -1.112	2 0.319 0.315 0.255 -1.947	R 79 1 3 0.251 0.279 -0.176 -9.868	4 -0.687 -0.618 -0.051 11.890
L 70 0 1 -0.298 -0.290 -0.392 -2.730	2 0.319 0.326 0.289 -2.747	R 80 1 3 0.249 0.278 -0.108 -9.684	4 -0.688 -0.619 -0.051 11.934
L 71 0 1 -0.313 -0.302 -0.460 -3.415	2 0.338 0.342 0.573 -1.437	R 80 1 3 0.249 0.276 -0.051 -9.648	4 -0.689 -0.620 -0.051 12.295
L 72 0 1 -0.328 -0.316 -0.380 -2.809	2 0.358 0.355 0.664 0.347	R 81 1 3 0.246 0.273 -0.006 -9.956	4 -0.689 -0.622 -0.062 12.400
L 72 0 1 -0.328 -0.329 -0.482 -0.084	2 0.378 0.365 0.346 -0.655	R 82 1 3 0.244 0.272 -0.176 -9.499	4 -0.690 -0.624 -0.062 12.523
L 73 0 1 -0.343 -0.341 -0.426 -0.646	2 0.378 0.382 0.210 -1.059	R 83 1 3 0.241 0.271 -0.074 -9.692	4 -0.692 -0.626 -0.074 12.778
L 74 0 1 -0.358 -0.353 -0.550 -0.840	2 0.399 0.397 0.482 0.725	R 83 1 3 0.241 0.268 -0.017 -9.842	4 -0.693 -0.628 -0.176 13.771
L 75 0 1 -0.373 -0.364 -0.301 -0.813	2 0.420 0.410 0.846 1.965	R 84 1 3 0.239 0.266 -0.119 -9.578	4 -0.693 -0.630 -0.074 13.956
L 75 0 1 -0.373 -0.379 -0.505 1.965	2 0.442 0.425 0.414 0.611	R 85 1 3 0.237 0.265 -0.176 -9.516	4 -0.694 -0.632 -0.051 14.009
L 76 0 1 -0.387 -0.391 -0.426 1.182	2 0.442 0.441 0.380 0.822	R 86 1 3 0.234 0.263 -0.142 -9.253	4 -0.696 -0.634 -0.096 14.334
L 77 0 1 -0.401 -0.403 -0.437 0.857	2 0.464 0.455 0.550 2.905	R 86 1 3 0.234 0.260 -0.051 -9.059	4 -0.697 -0.635 -0.074 14.695
L 78 0 1 -0.415 -0.415 -0.426 1.956	2 0.486 0.469 0.812 4.400	R 87 1 3 0.232 0.257 -0.074 -9.138	4 -0.697 -0.636 -0.062 14.659
L 78 0 1 -0.415 -0.427 -0.346 4.119	2 0.508 0.486 0.255 2.976	R 88 1 3 0.230 0.255 -0.142 -8.497	4 -0.699 -0.638 -0.017 14.334
L 79 0 1 -0.428 -0.435 -0.255 2.782	2 0.508 0.499 0.460 2.897	R 89 1 3 0.227 0.252 -0.187 -7.934	4 -0.701 -0.638 -0.040 14.273
L 80 0 1 -0.440 -0.445 -0.323 1.974	2 0.530 0.517 0.800 3.758	R 89 1 3 0.227 0.249 -0.131 -7.530	4 -0.702 -0.640 -0.040 14.633
L 81 0 1 -0.452 -0.455 -0.380 2.853	2 0.551 0.532 0.585 5.341	R 90 1 3 0.225 0.246 -0.074 -7.574	4 -0.702 -0.641 -0.096 14.633
L 81 0 1 -0.452 -0.465 -0.267 4.620	2 0.571 0.548 0.278 3.741	R 91 1 3 0.223 0.243 -0.187 -6.747	4 -0.704 -0.643 -0.074 14.360
L 82 0 1 -0.463 -0.472 -0.199 3.020	2 0.571 0.562 0.414 3.064	R 92 1 3 0.221 0.240 -0.131 -6.273	4 -0.706 -0.645 -0.108 14.677
L 83 0 1 -0.474 -0.479 -0.255 1.991	2 0.591 0.579 0.789 3.582	R 92 1 3 0.221 0.238 -0.085 -5.754	4 -0.707 -0.646 -0.096 15.248
L 84 0 1 -0.484 -0.487 -0.289 1.789	2 0.610 0.593 0.460 4.901	R 93 1 3 0.219 0.234 -0.028 -5.824	4 -0.707 -0.648 -0.096 15.266
L 84 0 1 -0.484 -0.494 -0.233 3.943	2 0.627 0.607 0.199 3.609	R 94 1 3 0.217 0.232 -0.131 -5.218	4 -0.709 -0.651 -0.096 15.433
L 85 0 1 -0.492 -0.500 -0.142 2.624	2 0.627 0.618 0.301 3.099	R 95 1 3 0.215 0.229 -0.153 -4.664	4 -0.711 -0.653 -0.131 15.644
L 86 0 1 -0.500 -0.505 -0.176 1.877	2 0.643 0.630 0.596 3.741	R 95 1 3 0.215 0.227 -0.074 -4.286	4 -0.713 -0.655 -0.096 16.163
L 87 0 1 -0.507 -0.511 -0.210 1.877	2 0.658 0.644 0.516 4.400	R 96 1 3 0.212 0.224 -0.096 -4.303	4 -0.713 -0.657 -0.108 16.418
L 87 0 1 -0.507 -0.515 -0.074 2.967	2 0.671 0.651 -0.040 4.470	R 97 1 3 0.210 0.222 -0.096 -3.916	4 -0.715 -0.660 -0.074 16.444
L 88 0 1 -0.513 -0.516 -0.006 1.077	2 0.671 0.660 0.380 3.688	R 98 1 3 0.208 0.220 -0.051 -3.662	4 -0.717 -0.663 -0.142 17.121
L 89 0 1 -0.517 -0.516 -0.085 -0.233	2 0.683 0.670 0.312 4.426	R 98 1 3 0.208 0.218 -0.074 -3.530	4 -0.719 -0.666 -0.119 -17.780
L 90 0 1 -0.521 -0.519 -0.040 -0.356	2 0.693 0.677 0.199 5.349	R 99 1 3 0.206 0.217 -0.017 -3.952	4 -0.719 -0.671 -0.176 -16.778
L 90 0 1 -0.521 -0.520 0.096 -0.356	2 0.701 0.679 0.017 5.903	R 100 1 3 0.204 0.217 -0.062 -4.374	4 -0.721 -0.676 -0.176 -15.916
L 91 0 1 -0.523 -0.520 0.028 -1.349	2 0.701 0.685 0.062 6.000	R 101 1 3 0.202 0.217 -0.006 -4.725	4 -0.723 -0.681 -0.187 -14.527
L 92 0 1 -0.525 -0.520 -0.006 -1.895	2 0.708 0.690 0.176 6.308	R 101 1 3 0.202 0.217 -0.017 -5.103	4 -0.725 -0.686 -0.199 -12.681
L 93 0 1 -0.525 -0.520 -0.006 -2.097	2 0.713 0.694 0.199 6.475	R 102 1 3 0.200 0.217 0.017 -5.824	4 -0.725 -0.692 -0.153 -11.846
L 93 0 1 -0.525 -0.519 0.006 -2.202	2 0.717 0.698 0.062 6.114	R 103 1 3 0.199 0.217 -0.040 -6.316	4 -0.727 -0.696 -0.153 -11.125
L 94 0 1 -0.525 -0.519 0.040 -2.343	2 0.717 0.700 0.028 6.088	R 104 1 3 0.197 0.216 -0.028 -6.580	4 -0.730 -0.698 -0.108 -11.064
L 95 0 1 -0.524 -0.518 -0.006 -2.158	2 0.719 0.701 -0.006 6.721	R 104 1 3 0.197 0.216 -0.040 -6.774	4 -0.732 -0.699 -0.028 -10.853
L 96 0 1 -0.522 -0.517 0.051 -1.842	2 0.721 0.701 -0.006 7.099	R 105 1 3 0.195 0.215 -0.006 -7.160	4 -0.732 -0.700 -0.028 -11.345
L 96 0 1 -0.522 -0.515 -0.006 -2.290	2 0.721 0.700 0.006 7.204	R 106 1 3 0.193 0.214 -0.051 -7.371	4 -0.734 -0.701 -0.006 -11.732
L 97 0 1 -0.519 -0.514 0.062 -1.956	2 0.721 0.700 -0.006 7.327	R 107 1 3 0.191 0.213 -0.028 -7.407	4 -0.737 -0.702 -0.108 -11.916
L 98 0 1 -0.516 -0.512 0.017 -1.446	2 0.720 0.699 -0.006 7.108	R 107 1 3 0.191 0.213 -0.017 -7.618	4 -0.739 -0.704 -0.051 -11.495
L 99 0 1 -0.512 -0.511 0.085 -0.936	2 0.719 0.699 -0.028 6.730	R 108 1 3 0.189 0.213 -0.006 -8.145	4 -0.739 -0.707 -0.051 -11.547
L 99 0 1 -0.512 -0.509 0.040 -1.341	2 0.717 0.699 0.006 6.554	R 109 1 3 0.188 0.212 -0.017 -8.497	4 -0.742 -0.709 -0.108 -11.688
L 0 1 1 -0.509 -0.507 0.028 -0.716	2 0.717 0.698 -0.040 6.466	R 110 1 3 0.186 0.211 -0.028 -8.435	4 -0.744 -0.710 -0.096 -12.031
L 1 1 1 -0.505 -0.505 0.108 -0.251	2 0.715 0.698 0.040 5.763	R 110 1 3 0.186 0.209 -0.165 -7.873	4 -0.747 -0.710 0.006 -12.251
L 2 1 1 -0.501 -0.502 0.096 0.022	2 0.713 0.700 -0.040 4.787	R 111 1 3 0.184 0.206 -0.074 -7.741	4 -0.747 -0.710 -0.028 -12.963
L 2 1 1 -0.501 -0.501 -0.028 -0.040	2 0.711 0.701 0.040 4.092	R 112 1 3 0.183 0.205 -0.040 -7.837	4 -0.749 -0.711 -0.096 -13.297
L 3 1 1 -0.497 -0.498 0.142 0.268	2 0.711 0.700 -0.028 3.960	R 113 1 3 0.181 0.204 -0.017 -7.697	4 -0.752 -0.714 -0.108 -13.341
L 4 1 1 -0.493 -0.495 0.153 0.576	2 0.709 0.699 -0.006 3.591	R 113 1 3 0.181 0.204 -0.017 -7.978	4 -0.755 -0.715 -0.074 -12.875
L 5 1 1 -0.489 -0.492 -0.051 0.866	2 0.707 0.699 -0.017 3.073	R 114 1 3 0.179 0.203 -0.028 -8.189	4 -0.755 -0.718 -0.085 -13.077
L 5 1 1 -0.489 -0.490 0.074 0.338	2 0.706 0.699 -0.006 2.642	R 115 1 3 0.178 0.202 -0.051 -8.400	4 -0.758 -0.720 -0.108 -13.314
L 6 1 1 -0.485 -0.487 0.108 0.840	2 0.706 0.698 -0.051 2.695	R 116 1 3 0.176 0.201 -0.040 -8.558	4 -0.760 -0.723 -0.176 -12.971
L 7 1 1 -0.481 -0.485 0.074 1.358	2 0.704 0.697 -0.017 2.413	R 116 1 3 0.176 0.201 -0.051 -8.637	4 -0.763 -0.725 -0.096 -12.453
L 8 1 1 -0.477 -0.484 0.062 1.930	2 0.702 0.697 -0.028 1.824	R 117 1 3 0.175 0.200 -0.028 -8.971	4 -0.763 -0.727 -0.051 -12.901
L 8 1 1 -0.477 -0.482 0.051 1.473	2 0.701 0.697 0.017 1.560	R 118 1 3 0.173 0.199 -0.062 -9.138	4 -0.766 -0.729 -0.062 -13.068
L 9 1 1 -0.473 -0.479 0.062 1.974	2 0.701 0.696 -0.017 1.648	R 119 1 3 0.172 0.199 0.006 -9.200	4 -0.769 -0.731 -0.096 -13.200
L 10 1 1 -0.469 -0.477 0.108 2.299	2 0.699 0.694 -0.040 1.604	R 119 1 3 0.172 0.198 -0.074 -9.095	4 -0.772 -0.732 -0.040 -12.989
L 11 1 1 -0.465 -0.474 0.131 2.659	2 0.697 0.693 -0.108 1.534	R 0 0 3 0.170 0.197 -0.040 -9.165	4 -0.772 -0.734 -0.040 -13.534
L 11 1 1 -0.465 -0.472 0.062 2.114	2 0.696 0.692 -0.062 1.569	R 1 0 3 0.169 0.196 -0.040 -9.323	4 -0.775 -0.736 -0.108 -13.991
L 12 1 1 -0.462 -0.469 0.096 2.554	2 0.696 0.691 -0.028 1.666	R 2 0 3 0.168 0.194 -0.096 -8.936	4 -0.778 -0.736 -0.028 -14.791
L 13 1 1 -0.458 -0.466 0.131 2.747	2 0.694 0.689 0.006 1.754	R 2 0 3 0.168 0.191 -0.131 -8.127	4 -0.781 -0.735 0.085 -15.336
L 14 1 1 -0.454 -0.463 0.165 2.615	2 0.693 0.687 -0.119 2.105	R 3 0 3 0.166 0.188 -0.142 -7.459	4 -0.781 -0.734 0.074 -16.813
L 14 1 1 -0.454 -0.459 0.176 1.508	2 0.692 0.683 -0.176 3.380	R 4 0 3 0.165 0.185 -0.096 -7.204	4 -0.784 -0.733 -0.006 -17.692
L 15 1 1 -0.450 -0.454 0.153 1.244	2 0.692 0.679 -0.085 4.418	R 5 0 3 0.163 0.183 -0.062 -6.651	4 -0.786 -0.734 -0.074 17.947
L 16 1 1 -0.447 -0.451 0.085 1.455	2 0.690 0.678 0.006 4.382	R 5 0 3 0.163 0.181 -0.074 -6.413	4 -0.786 -0.735 -0.017 -17.736
L 17 1 1 -0.443 -0.449 0.096 1.666	2 0.689 0.678 -0.006 3.978	R 6 0 3 0.160 0.179 -0.062 -6.791	4 -0.786 -0.738 -0.062 -17.226
L 17 1 1 -0.443 -0.447 0.085 1.042	2 0.688 0.678 -0.006 3.591	R 7 0 3 0.158 0.179 -0.062 -7.336	4 -0.786 -0.741 -0.062 -15.996
L 18 1 1 -0.439 -0.443 0.142 1.288	2 0.688 0.678 -0.017 3.468	R 8 0 3 0.154 0.177 -0.051 -7.248	4 -0.784 -0.743 -0.006 -14.923
L 19 1 1 -0.436 -0.440 0.096 1.385	2 0.687 0.677 -0.017 3.415	R 8 0 3 0.154 0.175 -0.062 -7.231	4 -0.781 -0.744 -0.017 -14.343
L 20 1 1 -0.432 -0.437 0.142 1.209	2 0.685 0.675 -0.108 3.758	R 9 0 3 0.150 0.172 -0.142 -7.398	4 -0.781 -0.744 -0.040 -13.165
L 20 1 1 -0.432 -0.433 0.062 0.277	2 0.684 0.672 -0.131 4.470	R 10 0 3 0.146 0.169 -0.153 -7.793	4 -0.776 -0.743 0.085 -11.899
L 21 1 1 -0.428 -0.429 0.187 0.057	2 0.684 0.669 -0.119 5.253	R 11 0 3 0.141 0.165 -0.165 -7.336	4 -0.770 -0.741 0.176 -10.589
L 22 1 1 -0.425 -0.427 0.096 0.426	2 0.683 0.666 -0.131 5.947	R 11 0 3 0.141 0.161 -0.131 -7.310	4 -0.761 -0.739 0.028 -10.747
L 23 1 1 -0.421 -0.423 0.131 0.224	2 0.682 0.663 -0.153 6.782	R 12 0 3 0.135 0.157 -0.153 -7.793	4 -0.761 -0.735 0.017 -9.033
L 23 1 1 -0.421 -0.419 0.131 -0.831	2 0.681 0.659 -0.096 7.952	R 13 0 3 0.128 0.153 -0.199 -8.338	4 -0.751 -0.730 0.233 -7.178
L 24 1 1 -0.418 -0.415 0.187 -1.121	2 0.681 0.655 -0.187 9.279	R 14 0 3 0.121 0.148 -0.142 -8.084	4 -0.739 -0.726 0.346 -5.648
L 25 1 1 -0.414 -0.411 0.096 -1.200	2 0.680 0.651 -0.131 9.895	R 14 0 3 0.121 0.142 -0.142 -7.890	4 -0.725 -0.722 0.085 -6.220
L 26 1 1 -0.410 -0.407 0.131 -1.569	2 0.679 0.648 -0.165 11.108	R 15 0 3 0.112 0.136 -0.221 -8.303	4 -0.725 -0.714 -0.017 -3.143
L 26 1 1 -0.410 -0.403 0.131 -2.651	2 0.678 0.644 -0.085 12.295	R 16 0 3 0.104 0.129 -0.392 -8.207	4 -0.709 -0.711 0.369 0.004
L 27 1 1 -0.407 -0.401 0.085 -2.352	2 0.678 0.640 -0.131 13.429	R 17 0 3 0.095 0.117 -0.437 -5.710	4 -0.692 -0.702 0.516 1.640
L 28 1 1 -0.403 -0.397 0.051 -2.167	2 0.677 0.636 -0.165 14.255	R 17 0 3 0.095 0.101 -0.528 -2.413	4 -0.673 -0.685 0.176 -2.211
L 29 1 1 -0.400 -0.395 0.062 -2.097	2 0.677 0.633 -0.108 15.090	R 18 0 3 0.085 0.090 -0.369 -1.798	4 -0.673 -0.672 0.528 -0.233
L 29 1 1 -0.400 -0.392 0.096 -2.835	2 0.676 0.632 -0.085 15.538	R 19 0 3 0.075 0.083 -0.278 -2.000	4 -0.653 -0.661 0.675 1.719
L 30 1 1 -0.397 -0.391 0.006 -2.123	2 0.676 0.631 -0.006 15.582	R 20 0 3 0.065 0.076 -0.176 -1.429	4 -0.632 -0.648 0.562 3.969
L 31 1 1 -0.393 -0.390 -0.051 -1.024	2 0.675 0.632 0.028 15.099	R 20 0 3 0.065 0.068 -0.165 -1.393	4 -0.610 -0.628 0.448 -0.673
L 32 1 1 -0.390 -0.390 -0.017 -0.163	2 0.674 0.633 0.006 14.545	R 21 0 3 0.054 0.062 -0.221 -2.580	4 -0.610 -0.611 0.573 0.242
L 32 1 1 -0.390 -0.390 -0.006 0.084	2 0.674 0.634 0.028 14.149	R 22 0 3 0.044 0.056 -0.312 -3.398	4 -0.588 -0.597 0.778 2.035
L 33 1 1 -0.386 -0.388 0.153 0.418	2 0.674 0.634 -0.040 14.079	R 23 0 3 0.034 0.049 -0.210 -2.607	4 -0.565 -0.579 0.653 2.897
L 34 1 1 -0.383 -0.387 0.006 1.516	2 0.673 0.633 -0.040 14.000	R 23 0 3 0.034 0.040 -0.301 -2.255	4 -0.541 -0.559 0.358 -1.657
L 35 1 1 -0.379 -0.387 0.051 2.431	2 0.673 0.632 -0.051 14.378	R 24 0 3 0.024 0.032 -0.301 -2.686	4 -0.541 -0.543 0.607 0.418
L 35 1 1 -0.379 -0.385 0.040 2.088	2 0.672 0.630 -0.051 14.738	R 25 0 3 0.014 0.024 -0.335 -2.967	4 -0.517 -0.527 0.846 2.281
L 36 1 1 -0.376 -0.385 0.017 2.932	2 0.672 0.629 -0.040 15.099	R 26 0 3 0.004 0.016 -0.221 -1.903	4 -0.494 -0.511 0.664 3.987
L 37 1 1 -0.373 -0.384 0.006 4.031	2 0.672 0.628 -0.028 15.240	R 26 0 3 0.004 0.007 -0.244 -1.121	4 -0.470 -0.489 0.392 -1.015
L 38 1 1 -0.370 -0.384 0.028 4.998	2 0.671 0.628 -0.040 15.275	R 27 0 3 -0.005 0.001 -0.187 -1.851	4 -0.470 -0.471 0.585 0.321
L 38 1 1 -0.370 -0.384 -0.006 5.112	2 0.671 0.628 0.017 15.152	R 28 0 3 -0.013 -0.004 -0.278 -2.607	4 -0.447 -0.457 0.653 2.615
L 39 1 1 -0.366 -0.384 0.006 6.185	2 0.671 0.627 -0.006 15.248	R 29 0 3 -0.020 -0.009 -0.187 -2.132	4 -0.424 -0.441 0.709 3.697
L 40 1 1 -0.363 -0.384 0.017 7.081	2 0.670 0.627 -0.028 15.240	R 29 0 3 -0.020 -0.016 -0.187 -1.745	4 -0.402 -0.419 0.346 -1.235
L 41 1 1 -0.360 -0.383 0.006 7.855	2 0.670 0.626 -0.051 15.398	R 30 0 3 -0.027 -0.021 -0.176 -2.273	4 -0.402 -0.405 0.596 0.549
L 41 1 1 -0.360 -0.382 0.062 7.758	2 0.670 0.625 -0.028 15.662	R 31 0 3 -0.033 -0.025 -0.187 -2.501	4 -0.381 -0.390 0.755 1.982
L 42 1 1 -0.356 -0.381 0.028 8.497	2 0.670 0.624 -0.062 16.084	R 32 0 3 -0.038 -0.030 -0.153 -1.824	4 -0.360 -0.377 0.550 4.004
L 43 1 1 -0.353 -0.379 0.040 9.051	2 0.669 0.622 -0.051 16.382	R 32 0 3 -0.038 -0.035 -0.142 -1.235	4 -0.341 -0.356 0.369 -0.585
L 44 1 1 -0.350 -0.378 0.040 9.525	2 0.669 0.621 -0.074 16.875	R 33 0 3 -0.042 -0.038 -0.108 -1.622	4 -0.341 -0.343 0.392 0.980
L 44 1 1 -0.350 -0.376 0.085 9.226	2 0.669 0.620 -0.062 17.182	R 34 0 3 -0.046 -0.040 -0.051 -1.851	4 -0.322 -0.332 0.664 2.404
L 45 1 1 -0.347 -0.375 0.017 9.930	2 0.669 0.619 -0.074 17.446	R 35 0 3 -0.048 -0.041 -0.040 -1.807	4 -0.305 -0.319 0.539 3.503
L 46 1 1 -0.344 -0.374 0.085 10.360	2 0.669 0.618 -0.062 17.789	R 35 0 3 -0.048 -0.043 -0.017 -2.000	4 -0.288 -0.302 0.289 -0.321
L 47 1 1 -0.341 -0.373 0.062 10.774	2 0.669 0.617 -0.040 -17.886	R 36 0 3 -0.049 -0.042 -0.028 -2.273	4 -0.288 -0.290 0.323 0.831
L 47 1 1 -0.341 -0.370 0.040 10.387	2 0.669 0.616 -0.028 -17.490	R 37 0 3 -0.049 -0.043 -0.017 -2.308	4 -0.273 -0.283 0.426 2.712
L 48 1 1 -0.337 -0.368 0.074 10.800	2 0.669 0.615 -0.040 -17.121	R 38 0 3 -0.047 -0.043 -0.006 -2.123	4 -0.259 -0.271 0.414 3.090
L 49 1 1 -0.334 -0.366 0.108 11.020	2 0.669 0.614 -0.074 -16.593	R 38 0 3 -0.047 -0.043 -0.051 -1.710	4 -0.246 -0.259 0.233 0.198
L 50 1 1 -0.331 -0.364 0.096 11.143	2 0.669 0.612 -0.040 -16.057	R 39 0 3 -0.045 -0.042 0.017 -1.200	4 -0.246 -0.249 0.289 0.919
L 50 1 1 -0.331 -0.362 0.085 10.721	2 0.669 0.611 -0.028 -15.653	R 40 0 3 -0.042 -0.041 0.051 -0.840	4 -0.235 -0.245 0.346 2.659
L 51 1 1 -0.328 -0.359 0.062 10.870	2 0.669 0.609 -0.051 -15.143	R 41 0 3 -0.038 -0.039 0.028 -0.681	4 -0.225 -0.236 0.414 2.747
L 52 1 1 -0.325 -0.356 0.108 10.976	2 0.669 0.608 -0.062 -14.545	R 41 0 3 -0.038 -0.038 0.028 -0.057	4 -0.216 -0.226 0.153 0.435
L 53 1 1 -0.322 -0.354 0.074 10.818	2 0.669 0.606 -0.085 -14.026	R 42 0 3 -0.033 -0.035 0.165 0.541	4 -0.216 -0.220 0.165 1.376
L 53 1 1 -0.322 -0.352 0.040 10.308	2 0.669 0.606 -0.028 -13.798	R 43 0 3 -0.027 -0.030 0.323 0.646	4 -0.208 -0.216 0.176 2.712
L 54 1 1 -0.319 -0.350 0.017 10.747	2 0.669 0.606 0.017 -13.666	R 44 0 3 -0.020 -0.025 0.119 0.022	4 -0.201 -0.212 0.267 3.002
L 55 1 1 -0.316 -0.348 0.096 10.967	2 0.669 0.605 -0.176 -13.534	R 44 0 3 -0.020 -0.017 0.176 -0.743	4 -0.196 -0.204 0.176 0.927
L 56 1 1 -0.313 -0.346 0.074 11.125	2 0.670 0.605 -0.017 -13.402	R 45 0 3 -0.012 -0.011 0.289 -0.374	4 -0.196 -0.198 0.085 0.936
L 56 1 1 -0.313 -0.344 0.040 10.756	2 0.670 0.605 -0.006 -13.385	R 46 0 3 -0.004 -0.006 0.301 0.145	4 -0.191 -0.195 0.176 1.077
L 57 1 1 -0.310 -0.342 0.028 11.310	2 0.670 0.605 -0.006 -13.385	R 47 0 3 0.005 0.001 0.131 -0.479	4 -0.187 -0.194 0.051 2.062
L 58 1 1 -0.307 -0.340 0.108 11.442	2 0.670 0.605 -0.006 -13.182	R 47 0 3 0.005 0.008 0.119 -0.822	4 -0.184 -0.193 0.006 1.903
L 59 1 1 -0.305 -0.339 0.074 11.582	2 0.671 0.605 -0.040 -12.927	R 48 0 3 0.015 0.015 0.346 -0.040	4 -0.184 -0.190 0.062 1.947
L 59 1 1 -0.305 -0.337 0.062 11.240	2 0.671 0.605 -0.017 -12.875	R 49 0 3 0.025 0.019 0.187 1.402	4 -0.182 -0.189 0.006 2.299
L 60 1 1 -0.302 -0.335 0.051 11.723	2 0.671 0.605 -0.006 -12.743	R 50 0 3 0.035 0.027 0.085 0.646	4 -0.180 -0.188 -0.006 2.677
L 61 1 1 -0.299 -0.333 0.074 11.934	2 0.672 0.604 -0.176 -12.549	R 50 0 3 0.035 0.036 0.233 -0.154	4 -0.179 -0.188 -0.006 2.615
L 62 1 1 -0.296 -0.332 0.062 12.110	2 0.672 0.605 0.028 -12.382	R 51 0 3 0.046 0.043 0.414 0.505	4 -0.179 -0.187 0.051 2.651
L 62 1 1 -0.296 -0.330 0.062 11.855	2 0.673 0.605 -0.006 -12.338	R 52 0 3 0.057 0.050 0.278 1.455	4 -0.178 -0.185 0.074 2.492
L 63 1 1 -0.293 -0.328 0.040 12.312	2 0.673 0.605 -0.006 -12.198	R 53 0 3 0.068 0.060 0.187 -0.022	4 -0.177 -0.184 0.006 2.360
L 64 1 1 -0.290 -0.326 0.074 12.549	2 0.673 0.605 -0.176 -12.066	R 53 0 3 0.068 0.069 0.221 -0.391	4 -0.177 -0.184 0.028 2.211
L 65 1 1 -0.288 -0.325 0.062 12.734	2 0.674 0.605 -0.017 -11.776	R 54 0 3 0.079 0.079 0.505 0.022	4 -0.177 -0.183 -0.017 1.956
L 65 1 1 -0.288 -0.323 0.017 12.479	2 0.674 0.605 -0.006 -11.697	R 55 0 3 0.090 0.085 0.255 1.226	4 -0.178 -0.183 0.017 1.657
L 66 1 1 -0.285 -0.321 0.108 12.567	2 0.674 0.605 0.040 -11.512	R 56 0 3 0.102 0.094 0.165 0.224	4 -0.179 -0.183 -0.040 1.429
L 67 1 1 -0.282 -0.319 0.040 12.936	2 0.675 0.604 -0.006 -11.327	R 56 0 3 0.102 0.104 0.289 -0.514	4 -0.182 -0.184 -0.017 1.578
L 68 1 1 -0.279 -0.317 0.096 13.015	2 0.676 0.604 -0.017 -11.046	R 57 0 3 0.114 0.111 0.380 0.664	4 -0.182 -0.186 -0.085 1.516
L 68 1 1 -0.279 -0.315 0.074 12.479	2 0.677 0.605 0.017 -11.011	R 58 0 3 0.127 0.121 0.369 1.156	4 -0.185 -0.189 -0.119 1.446
L 69 1 1 -0.277 -0.313 0.062 12.769	2 0.677 0.605 -0.176 -10.809	R 59 0 3 0.140 0.128 0.074 1.218	4 -0.190 -0.192 -0.142 0.927
L 70 1 1 -0.274 -0.311 0.040 13.130	2 0.677 0.605 -0.176 -10.598	R 59 0 3 0.140 0.140 0.312 0.171	4 -0.195 -0.194 -0.062 1.613
L 71 1 1 -0.271 -0.310 0.040 13.130	2 0.678 0.605 -0.006 -10.220	R 60 0 3 0.153 0.149 0.471 0.813	4 -0.195 -0.197 -0.096 0.752
L 71 1 1 -0.271 -0.308 0.040 12.892	2 0.679 0.605 0.028 -10.237	R 61 0 3 0.166 0.158 0.414 1.666	4 -0.202 -0.201 -0.244 -0.224
L 72 1 1 -0.269 -0.307 0.051 13.244	2 0.679 0.605 0.028 -10.079	R 62 0 3 0.180 0.169 0.176 0.831	4 -0.210 -0.207 -0.255 -0.699
L 73 1 1 -0.266 -0.305 0.062 13.464	2 0.680 0.605 -0.006 -9.851	R 62 0 3 0.180 0.182 0.380 -0.514	4 -0.219 -0.216 -0.221 2.185
L 74 1 1 -0.264 -0.303 0.051 13.684	2 0.681 0.606 -0.176 -9.525	R 63 0 3 0.194 0.192 0.528 0.330	4 -0.219 -0.224 -0.278 1.473
L 74 1 1 -0.264 -0.301 0.062 13.182	2 0.682 0.606 0.017 -9.323	R 64 0 3 0.208 0.200 0.289 1.622	4 -0.230 -0.231 -0.312 0.444
L 75 1 1 -0.261 -0.299 0.096 13.305	2 0.682 0.606 -0.028 -9.086	R 65 0 3 0.223 0.212 0.187 0.365	4 -0.242 -0.236 -0.221 -0.497
L 76 1 1 -0.258 -0.298 0.074 13.745	2 0.683 0.606 0.017 -8.910	R 65 0 3 0.223 0.224 0.255 -0.286	4 -0.255 -0.245 -0.335 0.980
L 77 1 1 -0.256 -0.297 0.096 13.886	2 0.684 0.606 -0.006 -8.620	R 66 0 3 0.237 0.234 0.630 0.497	4 -0.255 -0.259 -0.471 0.664
L 77 1 1 -0.256 -0.295 0.017 13.780	2 0.685 0.606 0.028 -8.646	R 67 0 3 0.252 0.244 0.301 1.719	4 -0.269 -0.270 -0.437 0.312
L 78 1 1 -0.253 -0.294 0.062 13.895	2 0.685 0.607 -0.176 -8.497	R 68 0 3 0.267 0.257 0.210 0.145	4 -0.285 -0.277 -0.267 -0.567
L 79 1 1 -0.251 -0.292 0.006 14.396	2 0.687 0.607 -0.176 -8.215	R 68 0 3 0.267 0.270 0.426 -0.787	4 -0.302 -0.291 -0.414 1.376
L 80 1 1 -0.249 -0.290 0.051 14.519	2 0.688 0.608 0.028 -8.084	R 69 0 3 0.283 0.281 0.585 0.189	4 -0.302 -0.303 -0.471 0.110
L 80 1 1 -0.249 -0.289 0.017 14.334	2 0.689 0.609 0.085 -8.330	R 70 0 3 0.298 0.291 0.505 0.813	4 -0.319 -0.315 -0.516 -0.488
L 81 1 1 -0.246 -0.288 0.006 14.659	2 0.689 0.610 0.051 -8.268	R 71 0 3 0.313 0.303 0.153 0.163	4 -0.338 -0.329 -0.505 -1.684
L 82 1 1 -0.244 -0.287 0.085 14.818	2 0.690 0.611 0.017 -8.259	R 71 0 3 0.313 0.318 0.403 -1.666	4 -0.358 -0.343 -0.289 1.174
L 83 1 1 -0.241 -0.286 0.028 15.266	2 0.692 0.612 0.028 -8.286	R 72 0 3 0.328 0.329 0.562 -0.470	4 -0.358 -0.359 -0.585 0.022
L 83 1 1 -0.241 -0.284 -0.017 15.143	2 0.693 0.614 0.062 -8.646	R 73 0 3 0.343 0.339 0.528 0.356	4 -0.378 -0.370 -0.585 -1.710
L 84 1 1 -0.239 -0.282 0.040 15.371	2 0.693 0.615 0.051 -8.804	R 74 0 3 0.358 0.350 0.210 -0.804	4 -0.399 -0.384 -0.687 -3.266
L 85 1 1 -0.237 -0.282 0.051 15.626	2 0.694 0.617 0.017 -8.637	R 74 0 3 0.358 0.365 0.335 -2.738	4 -0.420 -0.402 -0.369 -0.004
L 86 1 1 -0.234 -0.280 0.096 15.705	2 0.696 0.619 0.028 -8.681	R 75 0 3 0.373 0.377 0.380 -2.044	4 -0.420 -0.418 -0.528 -0.725
L 86 1 1 -0.234 -0.279 0.006 15.749	2 0.697 0.620 0.062 -9.156	R 76 0 3 0.387 0.387 0.573 -0.813	4 -0.442 -0.431 -0.630 -3.108
L 87 1 1 -0.232 -0.278 0.028 15.952	2 0.697 0.621 0.028 -9.244	R 77 0 3 0.401 0.398 0.267 -1.771	4 -0.464 -0.446 -0.675 -4.558
L 88 1 1 -0.230 -0.275 0.142 15.662	2 0.699 0.622 0.028 -8.963	R 77 0 3 0.401 0.410 0.278 -3.477	4 -0.486 -0.467 -0.505 -0.233
L 89 1 1 -0.227 -0.273 0.096 15.591	2 0.701 0.623 -0.176 -8.699	R 78 0 3 0.415 0.420 0.301 -2.255	4 -0.486 -0.484 -0.539 -0.637
L 89 1 1 -0.227 -0.271 0.051 15.073	2 0.702 0.623 0.017 -8.646	R 79 0 3 0.428 0.427 0.437 -0.479	4 -0.508 -0.496 -0.687 -3.196
L 90 1 1 -0.225 -0.268 0.017 15.213	2 0.702 0.623 0.017 -8.382	R 80 0 3 0.440 0.435 0.176 -1.086	4 -0.530 -0.513 -0.755 -3.943
L 91 1 1 -0.223 -0.266 0.108 14.844	2 0.704 0.624 -0.006 -7.864	R 80 0 3 0.440 0.446 0.221 -2.053	4 -0.551 -0.534 -0.358 -0.145
L 92 1 1 -0.221 -0.263 0.108 14.527	2 0.706 0.625 0.051 -7.705	R 81 0 3 0.452 0.456 0.289 -1.490	4 -0.551 -0.548 -0.539 -0.655
L 92 1 1 -0.221 -0.261 0.131 13.938	2 0.707 0.625 0.040 -7.732	R 82 0 3 0.463 0.463 0.414 -0.681	4 -0.571 -0.562 -0.675 -2.536
L 93 1 1 -0.219 -0.258 0.040 13.965	2 0.707 0.626 0.028 -7.556	R 83 0 3 0.474 0.471 0.165 -1.499	4 -0.591 -0.575 -0.516 -3.908
L 94 1 1 -0.217 -0.255 0.142 13.648	2 0.709 0.627 0.028 -7.275	R 83 0 3 0.474 0.480 0.244 -2.457	4 -0.610 -0.594 -0.426 -0.119
L 95 1 1 -0.215 -0.253 0.085 13.349	2 0.711 0.629 0.074 -7.240	R 84 0 3 0.484 0.489 0.199 -1.956	4 -0.610 -0.608 -0.437 -0.910
L 95 1 1 -0.215 -0.252 0.062 12.857	2 0.713 0.631 0.062 -7.635	R 85 0 3 0.492 0.493 0.278 -0.734	4 -0.627 -0.618 -0.596 -2.141
L 96 1 1 -0.212 -0.249 0.040 13.042	2 0.713 0.634 0.131 -8.286	R 86 0 3 0.500 0.498 0.142 -1.270	4 -0.643 -0.632 -0.426 -3.204
L 97 1 1 -0.210 -0.247 0.085 12.884	2 0.715 0.637 0.074 -8.629	R 86 0 3 0.500 0.505 0.153 -1.947	4 -0.658 -0.643 -0.301 -0.347
L 98 1 1 -0.208 -0.246 0.040 12.848	2 0.717 0.641 0.119 -9.552	R 87 0 3 0.507 0.509 0.119 -1.138	4 -0.658 -0.659 -0.516 -0.347
L 98 1 1 -0.208 -0.244 0.096 12.330	2 0.719 0.644 0.142 -10.448	R 88 0 3 0.513 0.513 0.176 -0.620	4 -0.671 -0.664 -0.142 -2.316
L 99 1 1 -0.206 -0.242 0.051 12.382	2 0.719 0.647 0.108 -11.020	R 89 0 3 0.517 0.516 0.074 -0.787	4 -0.683 -0.671 -0.301 -3.345
L 100 1 1 -0.204 -0.239 0.096 12.268	2 0.721 0.650 0.119 -11.099	R 89 0 3 0.517 0.521 0.119 -1.253	4 -0.693 -0.683 -0.301 -0.207
L 101 1 1 -0.202 -0.237 0.131 11.899	2 0.723 0.653 0.153 -11.433	R 90 0 3 0.521 0.524 0.040 -1.226	4 -0.693 -0.692 -0.233 -0.646
L 101 1 1 -0.202 -0.235 0.051 11.424	2 0.725 0.655 0.108 -11.899	R 91 0 3 0.523 0.525 0.074 -0.646	4 -0.701 -0.694 -0.096 -2.237
L 102 1 1 -0.200 -0.233 0.074 11.169	2 0.725 0.657 0.074 -12.075	R 92 0 3 0.525 0.524 -0.119 -0.040	4 -0.708 -0.698 -0.199 -3.064
L 103 1 1 -0.199 -0.230 0.051 10.985	2 0.727 0.659 0.051 -11.776	R 92 0 3 0.525 0.524 -0.074 0.391	4 -0.713 -0.700 0.062 -3.152
L 104 1 1 -0.197 -0.228 0.062 10.730	2 0.730 0.661 0.108 -12.031	R 93 0 3 0.525 0.523 -0.017 0.892	4 -0.713 -0.702 -0.040 -4.286
L 104 1 1 -0.197 -0.226 0.051 10.273	2 0.732 0.664 0.165 -12.857	R 94 0 3 0.525 0.521 -0.062 1.578	4 -0.717 -0.704 -0.176 -4.426
L 105 1 1 -0.195 -0.225 0.017 10.563	2 0.732 0.669 0.006 -13.903	R 95 0 3 0.524 0.520 -0.074 1.745	4 -0.719 -0.707 -0.142 -4.215
L 106 1 1 -0.193 -0.224 -0.017 10.976	2 0.734 0.675 0.006 -15.292	R 95 0 3 0.524 0.518 -0.017 1.947	4 -0.721 -0.711 -0.142 -3.002
L 107 1 1 -0.191 -0.224 0.006 11.380	2 0.737 0.681 0.210 -16.585	R 96 0 3 0.522 0.517 -0.051 1.534	4 -0.721 -0.714 -0.085 -2.369
L 107 1 1 -0.191 -0.224 0.006 11.530	2 0.739 0.686 0.165 -17.807	R 97 0 3 0.519 0.515 -0.142 1.446	4 -0.721 -0.715 0.006 -2.026
L 108 1 1 -0.189 -0.224 0.028 11.864	2 0.739 0.689 0.062 17.534	R 98 0 3 0.516 0.513 -0.085 1.710	4 -0.720 -0.715 0.051 -1.859
L 109 1 1 -0.188 -0.222 0.040 11.820	2 0.742 0.691 0.006 17.947	R 98 0 3 0.516 0.509 -0.085 2.308	4 -0.719 -0.714 0.028 -2.114
L 110 1 1 -0.186 -0.220 0.119 11.512	2 0.744 0.691 -0.176 -17.349	R 99 0 3 0.512 0.506 -0.142 2.316	4 -0.719 -0.712 0.062 -2.475
L 110 1 1 -0.186 -0.217 0.131 10.738	2 0.747 0.691 -0.006 -16.989	R 0 1 3 0.509 0.503 -0.153 2.176	4 -0.717 -0.710 0.119 -2.862
L 111 1 1 -0.184 -0.215 0.074 10.607	2 0.747 0.691 -0.017 -16.541	R 1 1 3 0.505 0.500 -0.051 2.211	4 -0.715 -0.708 0.051 -2.589
L 112 1 1 -0.183 -0.213 0.017 10.853	2 0.749 0.692 -0.006 -15.785	R 1 1 3 0.505 0.497 -0.108 2.615	4 -0.713 -0.711 -0.312 -1.103
L 113 1 1 -0.181 -0.211 0.085 10.387	2 0.752 0.692 0.017 -14.932	R 2 1 3 0.501 0.493 -0.108 2.571	4 -0.713 -0.713 -0.040 -0.286
L 113 1 1 -0.181 -0.209 0.040 9.631	2 0.755 0.693 0.085 -15.064	R 3 1 3 0.497 0.493 -0.153 1.420	4 -0.711 -0.713 0.017 0.382
L 114 1 1 -0.179 -0.208 0.028 9.947	2 0.755 0.696 0.085 -15.398	R 4 1 3 0.493 0.491 -0.096 1.297	4 -0.709 -0.713 -0.062 0.523
L 115 1 1 -0.178 -0.208 -0.040 10.466	2 0.758 0.699 0.119 -15.486	R 4 1 3 0.493 0.488 -0.028 1.552	4 -0.707 -0.712 -0.017 1.033
L 116 1 1 -0.176 -0.208 0.006 10.818	2 0.760 0.703 0.153 -15.837	R 5 1 3 0.489 0.487 -0.040 0.760	4 -0.707 -0.712 -0.028 1.727
L 116 1 1 -0.176 -0.207 0.006 10.756	2 0.763 0.705 0.096 -16.119	R 6 1 3 0.485 0.485 -0.176 0.268	4 -0.706 -0.712 0.006 2.325
L 117 1 1 -0.175 -0.206 0.028 10.888	2 0.763 0.707 0.040 -16.127	R 7 1 3 0.481 0.482 -0.085 0.426	4 -0.704 -0.712 0.051 2.545
L 118 1 1 -0.173 -0.205 0.017 11.055	2 0.766 0.709 0.040 -15.837	R 7 1 3 0.481 0.479 -0.096 0.629	4 -0.702 -0.711 0.017 2.255
L 119 1 1 -0.172 -0.204 0.062 11.055	2 0.769 0.710 0.131 -15.688	R 8 1 3 0.477 0.476 -0.187 0.611	4 -0.702 -0.709 -0.017 2.492
L 119 1 1 -0.172 -0.202 0.096 10.695	2 0.772 0.712 0.085 -15.758	R 9 1 3 0.473 0.473 -0.119 0.198	4 -0.701 -0.709 0.006 2.800
L 0 0 1 -0.170 -0.202 0.006 11.020	2 0.772 0.714 0.096 -15.697	R 10 1 3 0.469 0.471 -0.062 0.295	4 -0.699 -0.708 0.017 3.064
L 1 0 1 -0.169 -0.201 0.006 11.081	2 0.775 0.717 0.051 -15.477	R 10 1 3 0.469 0.468 -0.040 0.462	4 -0.697 -0.707 0.085 2.651
L 2 0 1 -0.168 -0.199 0.131 10.571	2 0.778 0.717 -0.017 -14.747	R 11 1 3 0.465 0.465 -0.187 0.356	4 -0.697 -0.706 0.040 3.002
L 2 0 1 -0.168 -0.196 0.119 9.631	2 0.781 0.717 -0.006 -14.158	R 12 1 3 0.462 0.462 -0.142 0.180	4 -0.696 -0.705 0.108 2.800
L 3 0 1 -0.166 -0.192 0.119 8.866	2 0.781 0.717 -0.017 -13.341	R 13 1 3 0.458 0.458 -0.142 0.831	4 -0.694 -0.702 0.142 2.202
L 4 0 1 -0.165 -0.189 0.096 8.356	2 0.784 0.717 -0.176 -12.567	R 13 1 3 0.458 0.453 -0.096 1.534	4 -0.693 -0.699 0.051 1.569
L 5 0 1 -0.163 -0.187 0.062 8.189	2 0.786 0.717 0.051 -12.198	R 14 1 3 0.454 0.450 -0.119 1.675	4 -0.693 -0.698 0.051 1.534
L 5 0 1 -0.163 -0.184 0.119 7.380	2 0.786 0.719 0.062 -12.462	R 15 1 3 0.450 0.447 -0.142 1.314	4 -0.692 -0.697 0.006 1.727
L 6 0 1 -0.160 -0.182 0.051 7.486	2 0.786 0.720 0.074 -12.840	R 16 1 3 0.447 0.445 -0.062 1.411	4 -0.690 -0.697 0.040 2.158
L 7 0 1 -0.158 -0.180 0.040 7.767	2 0.786 0.723 0.074 -13.903	R 16 1 3 0.447 0.440 -0.153 2.211	4 -0.689 -0.696 0.017 1.938
L 8 0 1 -0.154 -0.178 0.074 7.846	2 0.784 0.725 0.051 -14.923	R 17 1 3 0.443 0.436 -0.165 2.422	4 -0.689 -0.695 0.028 1.903
L 8 0 1 -0.154 -0.175 0.142 7.134	2 0.781 0.725 -0.006 -15.626	R 18 1 3 0.439 0.434 -0.199 2.299	4 -0.688 -0.693 0.074 1.719
L 9 0 1 -0.150 -0.172 0.108 7.336	2 0.781 0.725 0.017 -16.321	R 19 1 3 0.436 0.429 -0.108 2.870	4 -0.687 -0.691 0.096 1.525
L 10 0 1 -0.146 -0.168 0.108 7.890	2 0.776 0.724 0.040 -17.921	R 19 1 3 0.436 0.426 -0.119 3.459	4 -0.685 -0.689 0.051 0.857
L 11 0 1 -0.141 -0.165 0.074 8.013	2 0.770 0.723 -0.085 16.585	R 20 1 3 0.432 0.422 -0.153 3.697	4 -0.685 -0.686 0.051 0.409
L 11 0 1 -0.141 -0.161 0.142 7.169	2 0.761 0.723 0.028 15.442	R 21 1 3 0.428 0.419 -0.187 3.582	4 -0.684 -0.686 0.040 0.734
L 12 0 1 -0.135 -0.157 0.165 7.802	2 0.761 0.720 -0.062 14.343	R 22 1 3 0.425 0.415 -0.131 4.136	4 -0.683 -0.684 0.165 0.013
L 13 0 1 -0.128 -0.153 0.153 8.488	2 0.751 0.716 -0.074 11.899	R 22 1 3 0.425 0.410 -0.176 5.235	4 -0.682 -0.680 0.108 -1.349
L 14 0 1 -0.121 -0.148 0.165 8.848	2 0.739 0.711 -0.267 10.167	R 23 1 3 0.421 0.406 -0.142 5.305	4 -0.682 -0.675 0.165 -2.897
L 14 0 1 -0.121 -0.142 0.153 7.582	2 0.725 0.706 -0.187 9.701	R 24 1 3 0.418 0.402 -0.165 5.587	4 -0.681 -0.670 0.187 -4.330
L 15 0 1 -0.112 -0.136 0.267 7.881	2 0.725 0.699 -0.176 8.989	R 25 1 3 0.414 0.397 -0.153 6.527	4 -0.680 -0.665 0.176 -5.692
L 16 0 1 -0.104 -0.130 0.255 8.664	2 0.709 0.691 -0.176 6.360	R 25 1 3 0.414 0.393 -0.165 7.591	4 -0.679 -0.659 0.244 -6.510
L 17 0 1 -0.095 -0.123 0.210 9.024	2 0.692 0.682 -0.539 4.110	R 26 1 3 0.410 0.389 -0.153 7.820	4 -0.679 -0.655 0.153 -8.523
L 17 0 1 -0.095 -0.113 0.233 6.730	2 0.673 0.674 -0.244 4.163	R 27 1 3 0.407 0.386 -0.108 7.530	4 -0.678 -0.653 0.051 -9.138
L 18 0 1 -0.085 -0.107 0.335 7.169	2 0.673 0.667 -0.119 1.974	R 28 1 3 0.403 0.382 -0.074 7.987	4 -0.677 -0.650 0.085 -9.736
L 19 0 1 -0.075 -0.097 0.312 7.547	2 0.653 0.655 -0.505 -0.488	R 28 1 3 0.403 0.379 -0.199 8.664	4 -0.677 -0.646 0.108 -10.818
L 20 0 1 -0.065 -0.085 0.482 5.912	2 0.632 0.641 -0.755 -1.877	R 29 1 3 0.400 0.377 -0.096 8.171	4 -0.677 -0.645 0.040 -11.292
L 20 0 1 -0.065 -0.070 0.516 1.622	2 0.610 0.627 -0.369 -0.760	R 30 1 3 0.397 0.376 -0.006 7.169	4 -0.676 -0.645 -0.006 -11.029
L 21 0 1 -0.054 -0.058 0.403 1.112	2 0.610 0.612 -0.233 -1.182	R 31 1 3 0.393 0.375 -0.051 6.985	4 -0.675 -0.645 -0.051 -10.510
L 22 0 1 -0.044 -0.049 0.267 1.323	2 0.588 0.599 -0.550 -3.829	R 31 1 3 0.393 0.374 -0.062 6.677	4 -0.674 -0.645 0.006 -10.571
L 23 0 1 -0.034 -0.041 0.221 1.341	2 0.565 0.587 -0.800 -5.974	R 32 1 3 0.390 0.373 -0.040 5.719	4 -0.674 -0.645 0.006 -10.563
L 23 0 1 -0.034 -0.033 0.131 -0.312	2 0.541 0.568 -0.255 -4.716	R 33 1 3 0.386 0.372 -0.051 5.086	4 -0.674 -0.644 0.028 -10.598
L 24 0 1 -0.024 -0.024 0.199 0.295	2 0.541 0.550 -0.539 -3.433	R 34 1 3 0.383 0.371 -0.017 4.734	4 -0.673 -0.643 0.006 -10.571
L 25 0 1 -0.014 -0.015 0.460 0.295	2 0.517 0.532 -0.902 -4.303	R 34 1 3 0.383 0.371 -0.040 4.312	4 -0.673 -0.643 -0.006 -10.765
L 26 0 1 -0.004 -0.008 0.403 0.057	2 0.494 0.515 -0.743 -5.938	R 35 1 3 0.379 0.369 -0.096 3.530	4 -0.673 -0.641 0.040 -11.055
L 26 0 1 -0.004 -0.002 0.085 -1.007	2 0.470 0.498 -0.165 -5.182	R 36 1 3 0.376 0.368 -0.006 2.826	4 -0.672 -0.640 0.040 -11.222
L 27 0 1 0.005 0.004 0.108 -0.066	2 0.470 0.480 -0.550 -3.618	R 37 1 3 0.373 0.368 -0.051 2.571	4 -0.672 -0.639 0.074 -11.749
L 28 0 1 0.013 0.010 0.301 0.514	2 0.447 0.460 -0.880 -4.259	R 37 1 3 0.373 0.365 -0.017 2.484	4 -0.671 -0.637 0.017 -12.101
L 29 0 1 0.020 0.015 0.301 0.866	2 0.424 0.444 -0.687 -5.745	R 38 1 3 0.370 0.365 -0.028 1.516	4 -0.671 -0.636 0.040 -12.523
L 29 0 1 0.020 0.020 0.165 0.066	2 0.402 0.428 -0.244 -4.681	R 39 1 3 0.366 0.364 -0.051 0.769	4 -0.671 -0.635 0.017 -12.760
L 30 0 1 0.027 0.025 0.051 0.752	2 0.402 0.411 -0.414 -3.714	R 40 1 3 0.363 0.363 0.017 0.593	4 -0.670 -0.633 0.051 -13.095
L 31 0 1 0.033 0.031 0.312 0.426	2 0.381 0.395 -0.732 -4.752	R 40 1 3 0.363 0.362 -0.028 0.180	4 -0.670 -0.632 0.040 -13.569
L 32 0 1 0.038 0.036 0.244 -0.004	2 0.360 0.380 -0.721 -5.745	R 41 1 3 0.360 0.361 -0.153 -0.391	4 -0.670 -0.631 0.017 -13.692
L 32 0 1 0.038 0.039 0.096 -0.462	2 0.341 0.366 -0.119 -5.147	R 42 1 3 0.356 0.360 0.017 -0.980	4 -0.670 -0.631 -0.006 -13.780
L 33 0 1 0.042 0.042 0.040 0.207	2 0.341 0.352 -0.426 -4.189	R 43 1 3 0.353 0.359 -0.006 -1.499	4 -0.669 -0.630 0.017 -13.675
L 34 0 1 0.046 0.043 0.119 0.813	2 0.322 0.335 -0.766 -4.075	R 43 1 3 0.353 0.359 0.006 -2.053	4 -0.669 -0.630 0.017 -13.692
L 35 0 1 0.048 0.043 0.040 1.297	2 0.305 0.323 -0.539 -5.455	R 44 1 3 0.350 0.359 -0.074 -2.932	4 -0.669 -0.630 0.017 -13.851
L 35 0 1 0.048 0.043 0.017 1.332	2 0.288 0.309 -0.187 -4.207	R 45 1 3 0.347 0.359 -0.040 -3.978	4 -0.669 -0.629 0.040 -14.062
L 36 0 1 0.049 0.044 -0.017 1.701	2 0.288 0.298 -0.369 -3.512	R 46 1 3 0.344 0.358 -0.006 -4.400	4 -0.669 -0.628 0.028 -14.545
L 37 0 1 0.049 0.044 0.028 1.508	2 0.273 0.287 -0.380 -4.875	R 46 1 3 0.344 0.357 -0.006 -4.787	4 -0.669 -0.626 0.074 -15.073
L 38 0 1 0.047 0.045 -0.028 0.848	2 0.259 0.276 -0.550 -5.200	R 47 1 3 0.341 0.356 -0.017 -5.666	4 -0.669 -0.625 0.062 -15.697
L 38 0 1 0.047 0.045 -0.006 0.760	2 0.246 0.267 -0.165 -4.796	R 48 1 3 0.337 0.355 -0.119 -5.921	4 -0.669 -0.623 0.051 -16.321
L 39 0 1 0.045 0.044 -0.006 0.215	2 0.246 0.257 -0.392 -3.670	R 49 1 3 0.334 0.354 -0.017 -6.132	4 -0.669 -0.621 0.051 -16.884
L 40 0 1 0.042 0.043 -0.074 -0.374	2 0.235 0.247 -0.312 -4.207	R 49 1 3 0.334 0.352 -0.017 -6.440	4 -0.669 -0.620 0.040 -17.297
L 41 0 1 0.038 0.044 0.006 -0.426	2 0.225 0.241 -0.301 -5.121	R 50 1 3 0.331 0.351 -0.051 -7.046	4 -0.669 -0.619 0.017 -17.648
L 41 0 1 0.038 0.043 -0.017 -1.604	2 0.216 0.235 -0.153 -4.804	R 51 1 3 0.328 0.350 -0.119 -7.538	4 -0.669 -0.618 0.040 -17.903
L 42 0 1 0.033 0.040 -0.051 -2.756	2 0.216 0.229 -0.153 -4.708	R 52 1 3 0.325 0.349 -0.040 -7.644	4 -0.669 -0.618 -0.017 -17.912
L 43 0 1 0.027 0.037 -0.165 -3.714	2 0.208 0.221 -0.289 -4.479	R 52 1 3 0.325 0.348 0.006 -8.004	4 -0.669 -0.618 -0.006 -17.895
L 44 0 1 0.020 0.035 -0.176 -4.365	2 0.201 0.214 -0.187 -4.303	R 53 1 3 0.322 0.346 -0.028 -8.611	4 -0.669 -0.618 -0.017 -17.965
L 44 0 1 0.020 0.029 -0.187 -3.134	2 0.196 0.212 -0.040 -4.479	R 54 1 3 0.319 0.345 -0.131 -8.743	4 -0.669 -0.618 0.006 17.815
L 45 0 1 0.012 0.023 -0.165 -3.873	2 0.196 0.209 -0.096 -4.611	R 55 1 3 0.316 0.343 -0.108 -8.549	4 -0.669 -0.617 0.176 17.771
L 46 0 1 0.004 0.016 -0.244 -4.453	2 0.191 0.205 -0.142 -4.743	R 55 1 3 0.316 0.341 -0.074 -8.602	4 -0.670 -0.617 0.028 17.569
L 47 0 1 -0.005 0.010 -0.301 -4.505	2 0.187 0.201 -0.153 -4.778	R 56 1 3 0.313 0.338 -0.051 -8.796	4 -0.670 -0.617 -0.017 17.323
L 47 0 1 -0.005 0.002 -0.267 -2.510	2 0.184 0.198 -0.085 -4.215	R 57 1 3 0.310 0.336 -0.131 -8.602	4 -0.670 -0.616 0.028 16.796
L 48 0 1 -0.015 -0.006 -0.221 -3.301	2 0.184 0.196 -0.028 -4.382	R 58 1 3 0.307 0.333 -0.096 -8.409	4 -0.670 -0.615 0.028 16.391
L 49 0 1 -0.025 -0.014 -0.289 -3.609	2 0.182 0.195 -0.096 -4.716	R 58 1 3 0.307 0.331 -0.062 -8.418	4 -0.671 -0.614 0.006 16.189
L 50 0 1 -0.035 -0.021 -0.278 -3.785	2 0.180 0.194 -0.051 -4.637	R 59 1 3 0.305 0.329 -0.062 -8.734	4 -0.671 -0.614 0.176 15.890
L 50 0 1 -0.035 -0.029 -0.267 -2.343	2 0.179 0.192 -0.108 -4.409	R 60 1 3 0.302 0.327 -0.108 -8.681	4 -0.671 -0.613 -0.017 15.644
L 51 0 1 -0.046 -0.036 -0.210 -3.345	2 0.179 0.191 -0.017 -4.295	R 61 1 3 0.299 0.325 -0.131 -8.488	4 -0.672 -0.613 0.176 15.503
L 52 0 1 -0.057 -0.044 -0.255 -4.136	2 0.178 0.190 -0.006 -4.295	R 61 1 3 0.299 0.324 -0.051 -8.629	4 -0.672 -0.613 -0.017 15.477
L 53 0 1 -0.068 -0.052 -0.369 -4.048	2 0.177 0.189 0.006 -4.215	R 62 1 3 0.296 0.321 -0.028 -9.262	4 -0.672 -0.614 -0.051 15.389
L 53 0 1 -0.068 -0.061 -0.278 -2.325	2 0.177 0.189 -0.017 -4.110	R 63 1 3 0.293 0.319 -0.119 -9.077	4 -0.673 -0.614 -0.040 15.125
L 54 0 1 -0.079 -0.070 -0.267 -3.380	2 0.177 0.189 -0.017 -4.215	R 64 1 3 0.290 0.318 -0.074 -9.086	4 -0.673 -0.614 -0.028 15.046
L 55 0 1 -0.090 -0.078 -0.289 -4.295	2 0.178 0.189 0.028 -4.066	R 64 1 3 0.290 0.317 -0.040 -9.174	4 -0.674 -0.614 0.006 15.011
L 56 0 1 -0.102 -0.086 -0.369 -4.462	2 0.179 0.189 0.017 -3.662	R 65 1 3 0.288 0.315 -0.006 -9.763	4 -0.674 -0.614 0.176 14.756
L 56 0 1 -0.102 -0.095 -0.335 -2.571	2 0.182 0.190 -0.062 -3.371	R 66 1 3 0.285 0.313 -0.131 -9.692	4 -0.674 -0.614 0.176 14.475
L 57 0 1 -0.114 -0.105 -0.301 -3.160	2 0.182 0.191 0.062 -3.424	R 67 1 3 0.282 0.311 -0.108 -9.578	4 -0.675 -0.614 -0.028 14.431
L 58 0 1 -0.127 -0.115 -0.323 -3.873	2 0.185 0.194 0.142 -3.345	R 67 1 3 0.282 0.310 -0.028 -9.499	4 -0.676 -0.614 -0.040 14.466
L 59 0 1 -0.140 -0.125 -0.403 -3.837	2 0.190 0.197 0.165 -3.046	R 68 1 3 0.279 0.307 0.017 -10.123	4 -0.676 -0.614 -0.028 14.255
L 59 0 1 -0.140 -0.134 -0.312 -2.035	2 0.195 0.200 -0.017 -2.985	R 69 1 3 0.277 0.305 -0.119 -9.851	4 -0.677 -0.614 -0.017 13.947
L 60 0 1 -0.153 -0.143 -0.323 -3.336	2 0.195 0.204 0.165 -3.169	R 70 1 3 0.274 0.304 -0.074 -9.727	4 -0.677 -0.614 -0.017 13.798
L 61 0 1 -0.166 -0.152 -0.346 -4.602	2 0.202 0.211 0.312 -3.363	R 70 1 3 0.274 0.302 -0.074 -9.719	4 -0.678 -0.614 -0.040 13.736
L 62 0 1 -0.180 -0.162 -0.380 -4.857	2 0.210 0.218 0.199 -3.240	R 71 1 3 0.271 0.300 -0.017 -10.185	4 -0.678 -0.614 -0.017 13.437
L 62 0 1 -0.180 -0.172 -0.323 -2.677	2 0.219 0.223 -0.017 -2.993	R 72 1 3 0.269 0.298 -0.119 -9.965	4 -0.679 -0.614 -0.017 13.174
L 63 0 1 -0.194 -0.182 -0.369 -3.952	2 0.219 0.229 0.278 -3.521	R 73 1 3 0.266 0.296 -0.062 -9.886	4 -0.680 -0.615 0.006 13.051
L 64 0 1 -0.208 -0.194 -0.437 -4.796	2 0.230 0.238 0.437 -3.565	R 73 1 3 0.266 0.295 -0.074 -9.930	4 -0.681 -0.615 -0.051 13.121
L 65 0 1 -0.223 -0.205 -0.392 -4.629	2 0.242 0.247 0.392 -2.580	R 74 1 3 0.264 0.292 -0.062 -10.352	4 -0.681 -0.615 -0.028 12.831
L 65 0 1 -0.223 -0.216 -0.380 -2.070	2 0.255 0.255 0.074 -2.396	R 75 1 3 0.261 0.290 -0.142 -10.167	4 -0.682 -0.616 -0.028 12.479
L 66 0 1 -0.237 -0.227 -0.380 -3.389	2 0.255 0.265 0.301 -3.688	R 76 1 3 0.258 0.289 -0.096 -9.886	4 -0.683 -0.616 0.176 12.338
L 67 0 1 -0.252 -0.239 -0.414 -4.585	2 0.269 0.277 0.437 -2.985	R 76 1 3 0.258 0.287 -0.040 -9.921	4 -0.684 -0.616 -0.040 12.514
L 68 0 1 -0.267 -0.251 -0.426 -4.391	2 0.285 0.287 0.550 -1.710	R 77 1 3 0.256 0.284 -0.028 -10.378	4 -0.684 -0.617 -0.051 12.347
L 68 0 1 -0.267 -0.263 -0.437 -1.516	2 0.302 0.297 0.142 -1.763	R 78 1 3 0.253 0.282 -0.119 -9.938	4 -0.685 -0.617 -0.017 12.092
L 69 0 1 -0.283 -0.275 -0.414 -2.396	2 0.302 0.310 0.289 -2.958	R 79 1 3 0.251 0.281 -0.119 -9.859	4 -0.687 -0.618 -0.017 12.048
L 70 0 1 -0.298 -0.287 -0.426 -3.310	2 0.319 0.323 0.403 -1.710	R 79 1 3 0.251 0.279 -0.051 -9.912	4 -0.688 -0.619 -0.074 12.374
L 71 0 1 -0.313 -0.300 -0.403 -3.090	2 0.338 0.336 0.709 -0.066	R 80 1 3 0.249 0.276 0.028 -10.246	4 -0.688 -0.620 -0.108 12.488
L 71 0 1 -0.313 -0.313 -0.471 -0.233	2 0.358 0.347 0.323 -0.927	R 81 1 3 0.246 0.274 -0.187 -9.543	4 -0.689 -0.622 -0.028 12.119
L 72 0 1 -0.328 -0.324 -0.414 -1.051	2 0.358 0.361 0.233 -1.138	R 82 1 3 0.244 0.273 -0.074 -9.824	4 -0.690 -0.623 -0.085 12.444
L 73 0 1 -0.343 -0.337 -0.516 -1.481	2 0.378 0.377 0.653 0.215	R 82 1 3 0.244 0.271 0.040 -9.982	4 -0.692 -0.625 -0.131 13.200
L 74 0 1 -0.358 -0.348 -0.301 -1.209	2 0.399 0.391 0.607 1.657	R 83 1 3 0.241 0.270 -0.085 -9.780	4 -0.692 -0.627 -0.062 13.130
L 74 0 1 -0.358 -0.363 -0.460 0.963	2 0.420 0.402 0.335 1.015	R 84 1 3 0.239 0.267 -0.131 -9.807	4 -0.693 -0.629 -0.062 13.534
L 75 0 1 -0.373 -0.375 -0.460 0.831	2 0.420 0.421 0.426 0.277	R 85 1 3 0.237 0.266 -0.028 -9.736	4 -0.694 -0.632 -0.085 13.807
L 76 0 1 -0.387 -0.389 -0.437 0.681	2 0.442 0.436 0.630 1.727	R 85 1 3 0.237 0.264 -0.028 -9.604	4 -0.696 -0.633 -0.119 14.536
L 77 0 1 -0.401 -0.400 -0.358 1.182	2 0.464 0.450 0.562 3.908	R 86 1 3 0.234 0.262 -0.074 -9.684	4 -0.696 -0.635 -0.074 14.457
L 77 0 1 -0.401 -0.411 -0.448 2.536	2 0.486 0.461 0.255 3.829	R 87 1 3 0.232 0.259 -0.165 -9.147	4 -0.697 -0.636 -0.062 14.316
L 78 0 1 -0.415 -0.421 -0.437 2.642	2 0.486 0.480 0.562 2.431	R 88 1 3 0.230 0.257 -0.074 -8.822	4 -0.699 -0.637 -0.051 14.193
L 79 0 1 -0.428 -0.433 -0.414 2.299	2 0.508 0.497 0.664 3.503	R 88 1 3 0.230 0.254 -0.096 -8.330	4 -0.701 -0.638 -0.062 14.501
L 80 0 1 -0.440 -0.443 -0.369 1.798	2 0.530 0.512 0.664 5.033	R 89 1 3 0.227 0.251 -0.006 -8.549	4 -0.701 -0.639 -0.062 14.501
L 80 0 1 -0.440 -0.453 -0.312 4.804	2 0.551 0.525 0.153 4.479	R 90 1 3 0.225 0.248 -0.108 -7.820	4 -0.702 -0.640 -0.051 14.246
L 81 0 1 -0.452 -0.461 -0.312 3.451	2 0.551 0.541 0.539 3.266	R 91 1 3 0.223 0.245 -0.131 -7.292	4 -0.704 -0.642 -0.074 14.211
L 82 0 1 -0.463 -0.470 -0.267 2.510	2 0.571 0.559 0.755 3.582	R 91 1 3 0.223 0.242 -0.165 -6.589	4 -0.706 -0.643 -0.074 14.536
L 83 0 1 -0.474 -0.477 -0.289 1.727	2 0.591 0.575 0.607 4.470	R 92 1 3 0.221 0.239 -0.040 -6.651	4 -0.706 -0.645 -0.074 14.791
L 83 0 1 -0.474 -0.484 -0.278 3.776	2 0.610 0.588 0.153 3.846	R 93 1 3 0.219 0.236 -0.153 -5.947	4 -0.707 -0.647 -0.096 14.800
L 84 0 1 -0.484 -0.489 -0.153 2.035	2 0.610 0.601 0.448 2.862	R 94 1 3 0.217 0.234 -0.085 -5.560	4 -0.709 -0.649 -0.119 14.985
L 85 0 1 -0.492 -0.497 -0.301 1.815	2 0.627 0.616 0.585 3.512	R 94 1 3 0.217 0.232 -0.119 -5.130	4 -0.711 -0.652 -0.062 15.785
L 86 0 1 -0.500 -0.504 -0.255 2.044	2 0.643 0.628 0.482 4.462	R 95 1 3 0.215 0.229 -0.017 -5.314	4 -0.711 -0.654 -0.085 15.899
L 86 0 1 -0.500 -0.510 -0.221 3.679	2 0.658 0.638 0.108 3.987	R 96 1 3 0.212 0.226 -0.096 -4.796	4 -0.713 -0.656 -0.108 16.084
L 87 0 1 -0.507 -0.514 -0.142 2.818	2 0.658 0.649 0.335 3.380	R 97 1 3 0.210 0.223 -0.085 -4.321	4 -0.715 -0.659 -0.142 16.277
L 88 0 1 -0.513 -0.518 -0.085 1.842	2 0.671 0.660 0.494 3.662	R 97 1 3 0.210 0.222 -0.085 -3.908	4 -0.717 -0.661 -0.119 17.103
L 89 0 1 -0.517 -0.518 -0.051 0.620	2 0.683 0.667 0.255 5.209	R 98 1 3 0.208 0.220 -0.040 -3.987	4 -0.717 -0.664 -0.131 17.525
L 89 0 1 -0.517 -0.519 -0.051 0.549	2 0.693 0.673 0.153 4.787	R 99 1 3 0.206 0.218 -0.085 -4.084	4 -0.719 -0.668 -0.199 -17.596
L 90 0 1 -0.521 -0.521 -0.085 -0.084	2 0.693 0.678 0.085 5.253	R 100 1 3 0.204 0.217 -0.040 -4.180	4 -0.721 -0.673 -0.244 -16.734
L 91 0 1 -0.523 -0.521 -0.017 -1.007	2 0.701 0.683 0.199 6.352	R 100 1 3 0.204 0.217 0.017 -4.576	4 -0.723 -0.678 -0.187 -15.002
L 92 0 1 -0.525 -0.521 -0.017 -1.596	2 0.708 0.688 0.255 6.651	R 101 1 3 0.202 0.217 -0.006 -5.297	4 -0.723 -0.684 -0.187 -13.657
L 92 0 1 -0.525 -0.521 0.006 -1.675	2 0.713 0.692 0.062 6.290	R 102 1 3 0.200 0.217 0.028 -5.912	4 -0.725 -0.690 -0.199 -12.382
L 93 0 1 -0.525 -0.521 -0.006 -1.859	2 0.713 0.697 0.085 5.895	R 103 1 3 0.199 0.218 0.006 -6.255	4 -0.727 -0.694 -0.108 -11.714
L 94 0 1 -0.525 -0.520 0.006 -2.026	2 0.717 0.699 0.119 6.202	R 103 1 3 0.199 0.217 -0.028 -6.571	4 -0.730 -0.697 -0.096 -10.774
L 95 0 1 -0.524 -0.519 0.040 -2.018	2 0.719 0.700 0.040 6.703	R 104 1 3 0.197 0.216 -0.040 -6.897	4 -0.730 -0.698 -0.017 -10.985
L 95 0 1 -0.524 -0.518 0.040 -2.299	2 0.721 0.700 0.006 6.923	R 105 1 3 0.195 0.215 -0.062 -7.169	4 -0.732 -0.699 -0.017 -11.679
L 96 0 1 -0.522 -0.516 0.062 -2.044	2 0.721 0.700 -0.028 7.336	R 106 1 3 0.193 0.215 -0.017 -7.125	4 -0.734 -0.701 -0.085 -11.776
L 97 0 1 -0.519 -0.514 0.062 -1.727	2 0.721 0.699 -0.017 7.407	R 106 1 3 0.193 0.214 0.017 -7.240	4 -0.737 -0.702 -0.062 -11.503
L 98 0 1 -0.516 -0.513 0.096 -1.455	2 0.720 0.699 -0.006 7.231	R 107 1 3 0.191 0.213 -0.040 -7.662	4 -0.737 -0.704 -0.074 -11.688
L 98 0 1 -0.516 -0.511 0.017 -1.710	2 0.719 0.699 0.017 6.967	R 108 1 3 0.189 0.213 -0.006 -8.207	4 -0.739 -0.706 -0.085 -11.574
L 99 0 1 -0.512 -0.509 0.051 -1.147	2 0.719 0.699 -0.028 6.721	R 109 1 3 0.188 0.212 -0.017 -8.321	4 -0.742 -0.708 -0.119 -11.670
L 0 1 1 -0.509 -0.507 0.108 -0.655	2 0.717 0.698 -0.074 6.545	R 109 1 3 0.188 0.212 -0.062 -8.215	4 -0.744 -0.709 -0.028 -11.407
L 1 1 1 -0.505 -0.505 0.096 -0.242	2 0.715 0.697 -0.074 6.290	R 110 1 3 0.186 0.210 -0.085 -8.365	4 -0.744 -0.710 0.028 -12.189
L 1 1 1 -0.505 -0.503 0.096 -0.787	2 0.713 0.700 0.108 5.174	R 111 1 3 0.184 0.207 -0.131 -7.705	4 -0.747 -0.710 -0.017 -12.936
L 2 1 1 -0.501 -0.500 0.006 -0.145	2 0.713 0.700 -0.017 4.549	R 112 1 3 0.183 0.205 -0.040 -7.574	4 -0.749 -0.711 -0.074 -13.305
L 3 1 1 -0.497 -0.498 0.176 0.409	2 0.711 0.700 -0.017 3.996	R 112 1 3 0.183 0.204 -0.062 -7.477	4 -0.752 -0.713 -0.074 -12.857
L 4 1 1 -0.493 -0.496 0.062 0.778	2 0.709 0.699 -0.040 3.679	R 113 1 3 0.181 0.204 -0.051 -7.925	4 -0.752 -0.715 -0.040 -13.112
L 4 1 1 -0.493 -0.492 0.028 -0.189	2 0.707 0.698 -0.006 3.415	R 114 1 3 0.179 0.203 -0.062 -8.163	4 -0.755 -0.717 -0.074 -13.147
L 5 1 1 -0.489 -0.491 0.119 0.602	2 0.707 0.698 -0.017 3.134	R 115 1 3 0.178 0.202 -0.017 -8.163	4 -0.758 -0.719 -0.142 -13.279
L 6 1 1 -0.485 -0.488 0.131 0.998	2 0.706 0.698 -0.051 2.712	R 115 1 3 0.178 0.202 -0.006 -8.242	4 -0.760 -0.722 -0.119 -12.655
L 7 1 1 -0.481 -0.486 0.074 1.393	2 0.704 0.697 -0.062 2.492	R 116 1 3 0.176 0.201 -0.017 -8.664	4 -0.760 -0.725 -0.108 -12.629
L 7 1 1 -0.481 -0.484 0.051 1.007	2 0.702 0.697 0.028 2.141	R 117 1 3 0.175 0.200 -0.051 -9.042	4 -0.763 -0.727 -0.085 -13.059
L 8 1 1 -0.477 -0.482 0.062 1.560	2 0.702 0.696 -0.017 1.895	R 118 1 3 0.173 0.199 -0.028 -8.919	4 -0.766 -0.729 -0.131 -12.901
L 9 1 1 -0.473 -0.479 0.096 1.965	2 0.701 0.696 -0.028 1.754	R 118 1 3 0.173 0.199 -0.062 -8.954	4 -0.769 -0.731 -0.074 -12.400
L 10 1 1 -0.469 -0.477 0.096 2.352	2 0.699 0.694 -0.096 1.727	R 119 1 3 0.172 0.198 -0.062 -9.051	4 -0.769 -0.733 -0.062 -12.901
L 10 1 1 -0.469 -0.474 0.074 1.657	2 0.697 0.694 -0.040 1.631	R 0 0 3 0.170 0.197 -0.040 -9.200	4 -0.772 -0.734 -0.040 -13.446
L 11 1 1 -0.465 -0.472 0.062 2.167	2 0.697 0.692 -0.051 1.798	R 1 0 3 0.169 0.196 -0.051 -9.086	4 -0.775 -0.736 -0.108 -13.727
L 12 1 1 -0.462 -0.469 0.074 2.580	2 0.696 0.691 -0.006 1.604	R 1 0 3 0.169 0.194 -0.051 -8.945	4 -0.778 -0.737 -0.017 -13.657
L 13 1 1 -0.458 -0.467 0.131 2.870	2 0.694 0.690 -0.108 1.771	R 2 0 3 0.168 0.192 -0.131 -8.303	4 -0.778 -0.737 0.017 -14.756
L 13 1 1 -0.458 -0.463 0.085 1.736	2 0.693 0.688 -0.074 1.974	R 3 0 3 0.166 0.188 -0.142 -7.644	4 -0.781 -0.736 0.028 -16.110
L 14 1 1 -0.454 -0.459 0.176 1.657	2 0.693 0.685 -0.142 2.976	R 4 0 3 0.165 0.185 -0.119 -6.932	4 -0.784 -0.735 -0.006 -17.024
L 15 1 1 -0.450 -0.455 0.199 1.235	2 0.692 0.680 -0.176 4.171	R 4 0 3 0.165 0.182 -0.085 -6.264	4 -0.786 -0.735 -0.028 -17.182
L 16 1 1 -0.447 -0.451 0.142 1.015	2 0.690 0.678 -0.119 4.470	R 5 0 3 0.163 0.181 -0.085 -6.360	4 -0.786 -0.736 -0.062 -17.332
L 16 1 1 -0.447 -0.448 0.062 0.479	2 0.689 0.678 0.028 4.136	R 6 0 3 0.160 0.179 -0.040 -6.615	4 -0.786 -0.739 -0.142 -16.664
L 17 1 1 -0.443 -0.446 0.028 0.831	2 0.689 0.678 0.040 3.873	R 7 0 3 0.158 0.178 -0.017 -6.809	4 -0.786 -0.742 -0.153 -15.530
L 18 1 1 -0.439 -0.443 0.199 0.945	2 0.688 0.678 -0.028 3.451	R 7 0 3 0.158 0.177 -0.131 -6.615	4 -0.784 -0.744 -0.108 -14.554
L 19 1 1 -0.436 -0.440 0.131 0.998	2 0.687 0.677 -0.062 3.275	R 8 0 3 0.154 0.175 -0.074 -7.345	4 -0.784 -0.746 -0.074 -13.648
L 19 1 1 -0.436 -0.437 0.108 0.365	2 0.685 0.676 -0.085 3.574	R 9 0 3 0.150 0.172 -0.165 -7.468	4 -0.781 -0.746 -0.017 -12.593
L 20 1 1 -0.432 -0.433 0.062 0.400	2 0.685 0.674 -0.096 4.110	R 10 0 3 0.146 0.170 -0.085 -7.196	4 -0.776 -0.745 0.096 -11.521
L 21 1 1 -0.428 -0.430 0.165 0.549	2 0.684 0.670 -0.119 4.945	R 10 0 3 0.146 0.166 -0.142 -6.844	4 -0.770 -0.744 0.028 -11.521
L 22 1 1 -0.425 -0.426 0.028 0.145	2 0.683 0.667 -0.176 5.956	R 11 0 3 0.141 0.162 -0.142 -7.662	4 -0.770 -0.741 0.051 -10.193
L 22 1 1 -0.425 -0.423 0.131 -0.690	2 0.682 0.663 -0.108 6.712	R 12 0 3 0.135 0.158 -0.210 -7.732	4 -0.761 -0.737 0.187 -8.822
L 23 1 1 -0.421 -0.419 0.074 -0.549	2 0.682 0.660 -0.062 7.749	R 13 0 3 0.128 0.154 -0.096 -7.626	4 -0.751 -0.733 0.312 -7.178
L 24 1 1 -0.418 -0.416 0.108 -0.840	2 0.681 0.657 -0.096 8.716	R 13 0 3 0.128 0.149 -0.131 -7.503	4 -0.739 -0.730 0.074 -7.609
L 25 1 1 -0.414 -0.412 0.119 -1.130	2 0.680 0.653 -0.165 9.560	R 14 0 3 0.121 0.144 -0.210 -8.259	4 -0.739 -0.723 0.051 -5.130
L 25 1 1 -0.414 -0.408 0.119 -2.343	2 0.679 0.649 -0.108 10.527	R 15 0 3 0.112 0.139 -0.221 -8.989	4 -0.725 -0.716 0.346 -3.310
L 26 1 1 -0.410 -0.405 0.153 -2.308	2 0.679 0.646 -0.131 11.705	R 16 0 3 0.104 0.132 -0.255 -7.767	4 -0.709 -0.715 0.142 0.356
L 27 1 1 -0.407 -0.401 0.074 -2.132	2 0.678 0.642 -0.165 12.848	R 16 0 3 0.104 0.120 -0.471 -5.288	4 -0.692 -0.705 0.312 -1.437
L 28 1 1 -0.403 -0.398 0.085 -2.097	2 0.677 0.638 -0.142 13.745	R 17 0 3 0.095 0.104 -0.619 -3.152	4 -0.692 -0.688 0.585 -0.998
L 28 1 1 -0.403 -0.395 0.085 -3.204	2 0.677 0.635 -0.096 14.765	R 18 0 3 0.085 0.093 -0.403 -2.114	4 -0.673 -0.680 0.562 1.112
L 29 1 1 -0.400 -0.392 0.051 -2.730	2 0.677 0.632 -0.074 15.495	R 19 0 3 0.075 0.084 -0.165 -1.156	4 -0.653 -0.667 0.573 3.055
L 30 1 1 -0.397 -0.390 -0.017 -2.334	2 0.676 0.631 0.006 15.512	R 19 0 3 0.075 0.076 -0.199 -0.734	4 -0.632 -0.652 0.289 -0.110
L 31 1 1 -0.393 -0.390 -0.006 -1.349	2 0.675 0.632 0.017 15.134	R 20 0 3 0.065 0.070 -0.210 -1.815	4 -0.632 -0.633 0.732 0.259
L 31 1 1 -0.393 -0.390 -0.017 -1.244	2 0.674 0.633 0.062 14.607	R 21 0 3 0.054 0.065 -0.233 -3.064	4 -0.610 -0.618 0.687 1.745
L 32 1 1 -0.390 -0.390 0.006 0.013	2 0.674 0.634 0.006 14.193	R 22 0 3 0.044 0.059 -0.165 -2.993	4 -0.588 -0.603 0.607 3.486
L 33 1 1 -0.386 -0.389 0.096 0.716	2 0.674 0.635 -0.017 13.842	R 22 0 3 0.044 0.051 -0.255 -2.527	4 -0.565 -0.582 0.437 -1.666
L 34 1 1 -0.383 -0.387 0.006 1.305	2 0.673 0.634 -0.062 13.877	R 23 0 3 0.034 0.042 -0.301 -2.774	4 -0.565 -0.565 0.596 0.207
L 34 1 1 -0.383 -0.386 0.040 1.121	2 0.673 0.633 -0.062 14.149	R 24 0 3 0.024 0.034 -0.369 -3.081	4 -0.541 -0.551 0.698 2.264
L 35 1 1 -0.379 -0.385 0.051 1.921	2 0.673 0.631 -0.051 14.571	R 25 0 3 0.014 0.026 -0.187 -2.132	4 -0.517 -0.533 0.653 3.837
L 36 1 1 -0.376 -0.384 -0.040 2.818	2 0.672 0.630 -0.051 14.765	R 25 0 3 0.014 0.017 -0.244 -1.490	4 -0.494 -0.514 0.403 -0.549
L 37 1 1 -0.373 -0.384 -0.006 3.723	2 0.672 0.629 -0.040 15.002	R 26 0 3 0.004 0.009 -0.289 -1.684	4 -0.494 -0.494 0.766 0.180
L 37 1 1 -0.373 -0.384 0.006 3.679	2 0.671 0.628 -0.006 15.020	R 27 0 3 -0.005 0.004 -0.244 -2.281	4 -0.470 -0.480 0.687 2.123
L 38 1 1 -0.370 -0.384 0.006 4.831	2 0.671 0.628 -0.006 15.073	R 28 0 3 -0.013 -0.001 -0.131 -2.149	4 -0.447 -0.464 0.778 3.925
L 39 1 1 -0.366 -0.383 -0.006 5.868	2 0.671 0.628 -0.017 15.037	R 28 0 3 -0.013 -0.008 -0.221 -1.578	4 -0.424 -0.443 0.426 -0.796
L 40 1 1 -0.363 -0.383 0.006 6.615	2 0.670 0.627 -0.028 15.116	R 29 0 3 -0.020 -0.015 -0.199 -2.044	4 -0.424 -0.424 0.687 0.268
L 40 1 1 -0.363 -0.382 0.017 6.668	2 0.670 0.627 -0.040 15.257	R 30 0 3 -0.027 -0.019 -0.187 -2.475	4 -0.402 -0.413 0.630 2.413
L 41 1 1 -0.360 -0.381 0.040 7.565	2 0.670 0.626 -0.040 15.565	R 31 0 3 -0.033 -0.023 -0.142 -2.290	4 -0.381 -0.397 0.550 4.092
L 42 1 1 -0.356 -0.380 0.074 8.163	2 0.670 0.625 -0.085 15.837	R 31 0 3 -0.033 -0.029 -0.221 -1.534	4 -0.360 -0.379 0.414 -0.136
L 43 1 1 -0.353 -0.379 0.062 8.576	2 0.669 0.623 -0.040 16.224	R 32 0 3 -0.038 -0.034 -0.199 -1.446	4 -0.360 -0.361 0.653 0.312
L 43 1 1 -0.353 -0.377 0.051 8.338	2 0.669 0.622 -0.028 16.716	R 33 0 3 -0.042 -0.037 -0.085 -1.763	4 -0.341 -0.350 0.528 2.396
L 44 1 1 -0.350 -0.376 0.028 9.077	2 0.669 0.620 -0.051 17.033	R 34 0 3 -0.046 -0.039 -0.017 -1.675	4 -0.322 -0.339 0.585 4.075
L 45 1 1 -0.347 -0.375 0.040 9.648	2 0.669 0.620 -0.051 17.191	R 34 0 3 -0.046 -0.041 -0.119 -1.411	4 -0.305 -0.321 0.335 0.233
L 46 1 1 -0.344 -0.374 0.040 10.053	2 0.669 0.619 -0.006 17.499	R 35 0 3 -0.048 -0.043 -0.040 -1.807	4 -0.305 -0.306 0.539 0.514
L 46 1 1 -0.344 -0.372 0.062 9.859	2 0.669 0.618 -0.017 17.771	R 36 0 3 -0.049 -0.042 -0.017 -2.185	4 -0.288 -0.296 0.482 1.974
L 47 1 1 -0.341 -0.370 0.074 10.413	2 0.669 0.617 -0.006 -17.974	R 37 0 3 -0.049 -0.043 0.017 -2.299	4 -0.273 -0.287 0.392 3.565
L 48 1 1 -0.337 -0.369 0.051 10.879	2 0.669 0.616 -0.040 -17.516	R 37 0 3 -0.049 -0.043 -0.074 -1.859	4 -0.259 -0.274 0.233 0.558
L 49 1 1 -0.334 -0.367 0.108 10.932	2 0.669 0.615 -0.051 -17.086	R 38 0 3 -0.047 -0.044 -0.006 -1.314	4 -0.259 -0.262 0.289 1.200
L 49 1 1 -0.334 -0.365 0.062 10.431	2 0.669 0.613 -0.051 -16.462	R 39 0 3 -0.045 -0.044 0.028 -0.822	4 -0.246 -0.255 0.403 2.255
L 50 1 1 -0.331 -0.362 0.074 10.791	2 0.669 0.612 -0.040 -16.040	R 40 0 3 -0.042 -0.043 0.028 -0.866	4 -0.235 -0.246 0.255 3.213
L 51 1 1 -0.328 -0.360 0.085 10.862	2 0.669 0.611 -0.051 -15.398	R 40 0 3 -0.042 -0.041 -0.017 -0.382	4 -0.225 -0.238 0.221 0.980
L 52 1 1 -0.325 -0.357 0.108 10.870	2 0.669 0.609 -0.028 -14.932	R 41 0 3 -0.038 -0.039 0.131 0.127	4 -0.225 -0.228 0.312 1.297
L 52 1 1 -0.325 -0.355 0.051 10.176	2 0.669 0.608 -0.028 -14.396	R 42 0 3 -0.033 -0.036 0.176 0.743	4 -0.216 -0.223 0.233 2.264
L 53 1 1 -0.322 -0.352 0.108 10.334	2 0.669 0.606 -0.028 -14.053	R 43 0 3 -0.027 -0.032 0.040 0.558	4 -0.208 -0.219 0.176 3.240
L 54 1 1 -0.319 -0.349 0.096 10.431	2 0.669 0.606 -0.017 -13.771	R 43 0 3 -0.027 -0.025 0.142 -0.347	4 -0.201 -0.212 0.187 1.411
L 55 1 1 -0.316 -0.348 0.051 10.642	2 0.669 0.606 -0.006 -13.736	R 44 0 3 -0.020 -0.020 0.323 -0.110	4 -0.201 -0.206 0.131 1.657
L 55 1 1 -0.316 -0.346 0.017 10.343	2 0.670 0.606 -0.006 -13.684	R 45 0 3 -0.012 -0.015 0.289 0.242	4 -0.196 -0.201 0.289 1.666
L 56 1 1 -0.313 -0.344 0.085 10.457	2 0.670 0.606 0.040 -13.648	R 46 0 3 -0.004 -0.008 0.096 -0.382	4 -0.191 -0.198 0.131 2.062
L 57 1 1 -0.310 -0.342 0.108 10.853	2 0.670 0.606 -0.006 -13.525	R 46 0 3 -0.004 -0.001 0.096 -1.103	4 -0.187 -0.194 -0.017 1.244
L 58 1 1 -0.307 -0.340 0.074 11.055	2 0.670 0.606 -0.176 -13.411	R 47 0 3 0.005 0.006 0.244 -0.251	4 -0.187 -0.193 0.006 1.947
L 58 1 1 -0.307 -0.338 0.040 10.765	2 0.671 0.606 -0.176 -13.358	R 48 0 3 0.015 0.011 0.312 0.734	4 -0.184 -0.191 0.108 2.290
L 59 1 1 -0.305 -0.336 0.040 11.143	2 0.671 0.606 0.017 -13.226	R 49 0 3 0.025 0.018 0.074 0.259	4 -0.182 -0.189 0.108 2.334
L 60 1 1 -0.302 -0.335 0.051 11.503	2 0.671 0.606 -0.017 -13.059	R 49 0 3 0.025 0.025 0.210 -0.101	4 -0.180 -0.188 -0.028 2.149
L 61 1 1 -0.299 -0.333 0.074 11.459	2 0.672 0.606 -0.006 -12.927	R 50 0 3 0.035 0.032 0.403 0.602	4 -0.180 -0.187 0.040 2.404
L 61 1 1 -0.299 -0.331 0.040 11.178	2 0.672 0.606 0.017 -12.901	R 51 0 3 0.046 0.039 0.278 1.446	4 -0.179 -0.187 0.017 2.703
L 62 1 1 -0.296 -0.329 0.040 11.749	2 0.672 0.606 0.028 -12.787	R 52 0 3 0.057 0.049 0.176 0.391	4 -0.178 -0.185 0.085 2.343
L 63 1 1 -0.293 -0.327 0.051 12.022	2 0.673 0.606 -0.006 -12.532	R 52 0 3 0.057 0.059 0.289 -0.602	4 -0.177 -0.183 0.040 1.824
L 64 1 1 -0.290 -0.326 0.074 12.092	2 0.673 0.606 0.028 -12.453	R 53 0 3 0.068 0.066 0.358 0.391	4 -0.177 -0.183 0.017 1.895
L 64 1 1 -0.290 -0.324 0.028 11.793	2 0.674 0.606 -0.176 -12.374	R 54 0 3 0.079 0.073 0.426 0.945	4 -0.177 -0.183 0.028 1.824
L 65 1 1 -0.288 -0.322 0.051 12.163	2 0.674 0.606 0.040 -12.233	R 55 0 3 0.090 0.083 0.074 0.048	4 -0.178 -0.183 -0.051 1.684
L 66 1 1 -0.285 -0.320 0.062 12.303	2 0.674 0.606 0.017 -11.890	R 55 0 3 0.090 0.092 0.289 -0.497	4 -0.179 -0.183 -0.040 1.692
L 67 1 1 -0.282 -0.318 0.051 12.365	2 0.675 0.606 -0.006 -11.732	R 56 0 3 0.102 0.101 0.471 0.286	4 -0.179 -0.183 -0.017 1.235
L 67 1 1 -0.282 -0.316 0.074 11.908	2 0.676 0.606 0.017 -11.679	R 57 0 3 0.114 0.107 0.199 1.886	4 -0.182 -0.184 -0.040 0.725
L 68 1 1 -0.279 -0.314 0.051 12.084	2 0.676 0.606 -0.006 -11.486	R 58 0 3 0.127 0.118 0.255 0.251	4 -0.185 -0.186 -0.153 0.637
L 69 1 1 -0.277 -0.312 0.074 12.418	2 0.677 0.606 0.017 -11.240	R 58 0 3 0.127 0.127 0.233 -0.092	4 -0.190 -0.191 -0.142 2.044
L 70 1 1 -0.274 -0.311 0.062 12.365	2 0.677 0.606 0.017 -11.037	R 59 0 3 0.140 0.136 0.516 0.637	4 -0.190 -0.194 -0.096 1.516
L 70 1 1 -0.274 -0.309 0.006 12.295	2 0.678 0.606 0.017 -10.985	R 60 0 3 0.153 0.144 0.312 2.070	4 -0.195 -0.196 -0.153 0.479
L 71 1 1 -0.271 -0.307 0.062 12.576	2 0.678 0.606 -0.176 -10.765	R 61 0 3 0.166 0.155 0.221 0.831	4 -0.202 -0.200 -0.278 -0.163
L 72 1 1 -0.269 -0.305 0.085 12.673	2 0.679 0.606 -0.176 -10.527	R 61 0 3 0.166 0.167 0.289 -0.057	4 -0.210 -0.207 -0.108 1.569
L 73 1 1 -0.266 -0.304 0.074 12.760	2 0.680 0.607 -0.017 -10.273	R 62 0 3 0.180 0.177 0.539 0.418	4 -0.210 -0.214 -0.233 1.569
L 73 1 1 -0.266 -0.302 0.062 12.479	2 0.681 0.607 -0.176 -10.202	R 63 0 3 0.194 0.186 0.312 1.789	4 -0.219 -0.220 -0.312 0.374
L 74 1 1 -0.264 -0.300 0.062 12.673	2 0.681 0.607 -0.006 -9.930	R 64 0 3 0.208 0.199 0.244 0.031	4 -0.230 -0.227 -0.210 0.391
L 75 1 1 -0.261 -0.298 0.051 12.840	2 0.682 0.607 0.017 -9.552	R 64 0 3 0.208 0.210 0.369 -0.673	4 -0.242 -0.236 -0.289 0.980
L 76 1 1 -0.258 -0.297 0.062 13.007	2 0.683 0.607 0.028 -9.367	R 65 0 3 0.223 0.220 0.516 0.444	4 -0.242 -0.245 -0.312 1.059
L 76 1 1 -0.258 -0.295 0.040 12.796	2 0.684 0.607 0.028 -9.253	R 66 0 3 0.237 0.229 0.358 1.815	4 -0.255 -0.255 -0.380 0.382
L 77 1 1 -0.256 -0.293 0.074 13.095	2 0.684 0.607 -0.006 -9.095	R 67 0 3 0.252 0.241 0.153 0.497	4 -0.269 -0.264 -0.403 -0.259
L 78 1 1 -0.253 -0.292 0.062 13.270	2 0.685 0.608 -0.176 -8.822	R 67 0 3 0.252 0.255 0.460 -0.532	4 -0.285 -0.276 -0.233 0.804
L 79 1 1 -0.251 -0.290 0.028 13.560	2 0.687 0.609 0.040 -8.796	R 68 0 3 0.267 0.264 0.505 0.514	4 -0.285 -0.289 -0.426 0.892
L 79 1 1 -0.251 -0.289 0.028 13.341	2 0.688 0.609 0.051 -8.971	R 69 0 3 0.283 0.274 0.323 1.622	4 -0.302 -0.299 -0.516 -0.127
L 80 1 1 -0.249 -0.287 0.028 13.657	2 0.688 0.611 0.062 -9.086	R 70 0 3 0.298 0.287 0.255 0.338	4 -0.319 -0.311 -0.437 -1.051
L 81 1 1 -0.246 -0.287 0.040 13.982	2 0.689 0.612 0.017 -9.068	R 70 0 3 0.298 0.302 0.426 -1.297	4 -0.338 -0.326 -0.392 1.631
L 82 1 1 -0.244 -0.286 0.017 14.422	2 0.690 0.614 0.074 -9.270	R 71 0 3 0.313 0.312 0.550 0.101	4 -0.338 -0.341 -0.528 0.259
L 82 1 1 -0.244 -0.285 -0.006 14.404	2 0.692 0.615 0.040 -9.481	R 72 0 3 0.328 0.322 0.505 0.585	4 -0.358 -0.352 -0.585 -0.998
L 83 1 1 -0.241 -0.283 0.040 14.651	2 0.692 0.617 0.051 -9.640	R 73 0 3 0.343 0.334 0.119 -0.119	4 -0.378 -0.367 -0.585 -2.211
L 84 1 1 -0.239 -0.282 0.108 14.703	2 0.693 0.618 -0.176 -9.613	R 73 0 3 0.343 0.348 0.346 -1.921	4 -0.399 -0.382 -0.380 0.673
L 85 1 1 -0.237 -0.281 0.051 15.064	2 0.694 0.620 0.062 -9.710	R 74 0 3 0.358 0.361 0.505 -1.200	4 -0.399 -0.398 -0.437 -0.593
L 85 1 1 -0.237 -0.279 0.028 14.932	2 0.696 0.621 0.051 -9.947	R 75 0 3 0.373 0.371 0.539 -0.242	4 -0.420 -0.411 -0.687 -2.492
L 86 1 1 -0.234 -0.277 0.028 15.169	2 0.696 0.622 0.040 -9.921	R 76 0 3 0.387 0.382 0.233 -1.604	4 -0.442 -0.426 -0.687 -3.697
L 87 1 1 -0.232 -0.275 0.085 14.985	2 0.697 0.622 -0.176 -9.552	R 76 0 3 0.387 0.395 0.244 -3.011	4 -0.464 -0.445 -0.380 -0.145
L 88 1 1 -0.230 -0.273 0.119 14.835	2 0.699 0.622 -0.176 -9.156	R 77 0 3 0.401 0.407 0.369 -2.246	4 -0.464 -0.461 -0.607 -0.963
L 88 1 1 -0.230 -0.271 0.062 14.448	2 0.701 0.623 -0.006 -9.130	R 78 0 3 0.415 0.415 0.460 -0.901	4 -0.486 -0.475 -0.698 -2.985
L 89 1 1 -0.227 -0.269 0.040 14.510	2 0.701 0.623 0.028 -8.857	R 79 0 3 0.428 0.424 0.199 -1.499	4 -0.508 -0.491 -0.630 -4.233
L 90 1 1 -0.225 -0.266 0.040 14.299	2 0.702 0.623 0.017 -8.391	R 79 0 3 0.428 0.435 0.199 -2.703	4 -0.530 -0.511 -0.482 -0.040
L 91 1 1 -0.223 -0.264 0.131 14.044	2 0.704 0.624 0.040 -8.101	R 80 0 3 0.440 0.444 0.323 -1.596	4 -0.530 -0.529 -0.539 -0.708
L 91 1 1 -0.223 -0.263 0.051 13.789	2 0.706 0.625 0.028 -8.145	R 81 0 3 0.452 0.452 0.392 -0.488	4 -0.551 -0.540 -0.675 -2.695
L 92 1 1 -0.221 -0.260 0.040 13.710	2 0.706 0.626 0.017 -8.066	R 82 0 3 0.463 0.459 0.221 -1.262	4 -0.571 -0.555 -0.607 -4.075
L 93 1 1 -0.219 -0.257 0.074 13.596	2 0.707 0.627 0.051 -7.741	R 82 0 3 0.463 0.470 0.233 -2.598	4 -0.591 -0.574 -0.482 0.031
L 94 1 1 -0.217 -0.255 0.131 13.174	2 0.709 0.628 0.028 -7.741	R 83 0 3 0.474 0.478 0.210 -1.560	4 -0.591 -0.590 -0.426 -0.690
L 94 1 1 -0.217 -0.253 0.040 12.901	2 0.711 0.630 0.051 -8.136	R 84 0 3 0.484 0.485 0.289 -0.892	4 -0.610 -0.600 -0.562 -2.545
L 95 1 1 -0.215 -0.252 0.028 12.971	2 0.711 0.633 0.131 -8.470	R 85 0 3 0.492 0.490 0.153 -1.297	4 -0.627 -0.613 -0.516 -3.486
L 96 1 1 -0.212 -0.249 0.074 12.796	2 0.713 0.635 0.108 -8.848	R 85 0 3 0.492 0.498 0.176 -2.229	4 -0.643 -0.629 -0.358 -0.048
L 97 1 1 -0.210 -0.248 0.051 12.769	2 0.715 0.639 0.131 -9.341	R 86 0 3 0.500 0.504 0.153 -1.534	4 -0.643 -0.643 -0.392 -0.637
L 97 1 1 -0.210 -0.246 0.085 12.453	2 0.717 0.641 0.096 -10.202	R 87 0 3 0.507 0.508 0.176 -0.752	4 -0.658 -0.649 -0.460 -2.343
L 98 1 1 -0.208 -0.244 0.074 12.470	2 0.717 0.644 0.142 -10.747	R 88 0 3 0.513 0.511 0.096 -0.945	4 -0.671 -0.661 -0.448 -2.809
L 99 1 1 -0.206 -0.242 0.096 12.365	2 0.719 0.647 0.108 -10.905	R 88 0 3 0.513 0.516 0.142 -1.429	4 -0.683 -0.672 -0.187 -0.470
L 100 1 1 -0.204 -0.240 0.108 12.189	2 0.721 0.649 0.119 -10.967	R 89 0 3 0.517 0.521 0.108 -1.226	4 -0.683 -0.682 -0.255 -0.778
L 100 1 1 -0.204 -0.238 0.074 11.582	2 0.723 0.652 0.085 -11.565	R 90 0 3 0.521 0.522 0.074 -0.752	4 -0.693 -0.685 -0.244 -2.053
L 101 1 1 -0.202 -0.235 0.051 11.530	2 0.723 0.654 0.074 -11.785	R 91 0 3 0.523 0.523 -0.040 -0.505	4 -0.701 -0.693 -0.346 -2.255
L 102 1 1 -0.200 -0.233 0.096 11.231	2 0.725 0.656 0.062 -11.565	R 91 0 3 0.523 0.523 -0.040 0.031	4 -0.708 -0.698 0.062 -1.692
L 103 1 1 -0.199 -0.231 0.074 10.993	2 0.727 0.658 0.108 -11.732	R 92 0 3 0.525 0.523 -0.017 0.690	4 -0.708 -0.700 -0.096 -3.002
L 103 1 1 -0.199 -0.229 0.040 10.677	2 0.730 0.661 0.131 -12.444	R 93 0 3 0.525 0.521 -0.096 1.446	4 -0.713 -0.702 -0.131 -3.908
L 104 1 1 -0.197 -0.228 0.028 10.818	2 0.730 0.665 0.165 -13.288	R 94 0 3 0.525 0.521 -0.028 1.692	4 -0.717 -0.704 -0.085 -4.198
L 105 1 1 -0.195 -0.227 -0.028 11.345	2 0.732 0.670 0.199 -14.097	R 94 0 3 0.525 0.520 -0.040 1.921	4 -0.719 -0.708 -0.062 -3.398
L 106 1 1 -0.193 -0.227 -0.006 11.618	2 0.734 0.675 0.221 -15.662	R 95 0 3 0.524 0.518 -0.040 1.982	4 -0.719 -0.712 -0.176 -2.826
L 106 1 1 -0.193 -0.226 0.017 11.635	2 0.737 0.680 0.165 -16.901	R 96 0 3 0.522 0.517 -0.074 1.648	4 -0.721 -0.714 -0.074 -2.563
L 107 1 1 -0.191 -0.226 0.017 12.171	2 0.737 0.685 0.119 -17.745	R 97 0 3 0.519 0.515 -0.062 1.833	4 -0.721 -0.715 -0.006 -2.308
L 108 1 1 -0.189 -0.225 0.040 12.382	2 0.739 0.688 0.062 -17.842	R 97 0 3 0.519 0.512 -0.074 2.369	4 -0.720 -0.715 -0.006 -2.246
L 109 1 1 -0.188 -0.223 0.085 12.171	2 0.742 0.689 0.028 -17.560	R 98 0 3 0.516 0.509 -0.142 2.360	4 -0.720 -0.713 0.051 -2.475
L 109 1 1 -0.188 -0.221 0.096 11.459	2 0.744 0.689 0.017 -17.297	R 99 0 3 0.512 0.506 -0.153 2.360	4 -0.719 -0.711 0.074 -2.571
L 110 1 1 -0.186 -0.219 0.062 11.495	2 0.744 0.690 0.017 -16.796	R 0 1 3 0.509 0.504 -0.085 2.475	4 -0.717 -0.710 0.096 -2.721
L 111 1 1 -0.184 -0.217 0.051 11.451	2 0.747 0.690 0.040 -16.295	R 0 1 3 0.509 0.501 -0.062 2.791	4 -0.715 -0.709 -0.006 -2.835
L 112 1 1 -0.183 -0.216 0.062 11.407	2 0.749 0.691 0.062 -15.855	R 1 1 3 0.505 0.498 -0.040 2.211	4 -0.715 -0.709 -0.199 -1.640
L 112 1 1 -0.183 -0.214 0.142 10.633	2 0.752 0.691 -0.028 -15.319	R 2 1 3 0.501 0.495 -0.233 2.273	4 -0.713 -0.713 0.006 -0.505
L 113 1 1 -0.181 -0.212 0.028 10.677	2 0.752 0.692 0.062 -15.099	R 3 1 3 0.497 0.494 0.017 1.666	4 -0.711 -0.712 0.017 0.048
L 114 1 1 -0.179 -0.210 -0.028 10.809	2 0.755 0.694 0.062 -14.967	R 3 1 3 0.497 0.492 -0.017 1.534	4 -0.709 -0.712 0.006 0.312
L 115 1 1 -0.178 -0.210 0.006 11.002	2 0.758 0.698 0.153 -15.081	R 4 1 3 0.493 0.488 -0.096 1.604	4 -0.709 -0.712 -0.028 0.927
L 115 1 1 -0.178 -0.209 0.006 10.949	2 0.760 0.701 0.085 -15.591	R 5 1 3 0.489 0.487 -0.096 0.892	4 -0.707 -0.712 -0.006 1.516
L 116 1 1 -0.176 -0.209 0.040 11.284	2 0.760 0.703 0.040 -15.688	R 6 1 3 0.485 0.485 -0.062 0.708	4 -0.706 -0.712 0.028 2.132
L 117 1 1 -0.175 -0.208 0.028 11.451	2 0.763 0.705 0.062 -15.310	R 6 1 3 0.485 0.482 -0.085 0.857	4 -0.704 -0.712 0.017 2.053
L 118 1 1 -0.173 -0.207 0.006 11.521	2 0.766 0.707 0.096 -15.310	R 7 1 3 0.481 0.479 -0.142 0.567	4 -0.704 -0.710 0.028 2.202
L 118 1 1 -0.173 -0.206 0.051 11.222	2 0.769 0.709 0.062 -15.495	R 8 1 3 0.477 0.477 -0.199 0.409	4 -0.702 -0.709 0.040 2.404
L 119 1 1 -0.172 -0.205 0.040 11.380	2 0.769 0.711 0.074 -15.626	R 9 1 3 0.473 0.474 -0.028 0.532	4 -0.701 -0.709 0.051 2.747
L 0 0 1 -0.170 -0.203 0.006 11.574	2 0.772 0.713 0.085 -15.257	R 9 1 3 0.473 0.471 -0.096 0.796	4 -0.699 -0.709 -0.017 2.774
L 1 0 1 -0.169 -0.202 0.051 11.398	2 0.775 0.715 0.142 -15.134	R 10 1 3 0.469 0.468 -0.176 0.532	4 -0.699 -0.708 -0.017 3.011
L 1 0 1 -0.169 -0.201 0.096 11.020	2 0.778 0.717 0.017 -15.116	R 11 1 3 0.465 0.466 -0.199 0.048	4 -0.697 -0.707 0.006 3.187
L 2 0 1 -0.168 -0.198 0.131 10.325	2 0.778 0.717 -0.176 -14.413	R 12 1 3 0.462 0.463 -0.040 0.523	4 -0.696 -0.706 0.074 3.257
L 3 0 1 -0.166 -0.194 0.096 9.771	2 0.781 0.717 -0.006 -13.262	R 12 1 3 0.462 0.459 -0.096 0.989	4 -0.694 -0.703 0.074 2.431
L 4 0 1 -0.165 -0.191 0.142 9.130	2 0.784 0.716 -0.006 -12.426	R 13 1 3 0.458 0.454 -0.153 1.446	4 -0.694 -0.700 0.028 1.991
L 4 0 1 -0.165 -0.188 0.051 8.356	2 0.786 0.717 0.051 -12.330	R 14 1 3 0.454 0.450 -0.187 1.464	4 -0.693 -0.698 0.062 1.824
L 5 0 1 -0.163 -0.187 0.074 8.215	2 0.786 0.718 0.051 -12.321	R 15 1 3 0.450 0.448 -0.051 1.516	4 -0.692 -0.698 0.028 2.035
L 6 0 1 -0.160 -0.184 0.040 8.233	2 0.786 0.720 0.062 -12.576	R 15 1 3 0.450 0.445 -0.051 1.965	4 -0.690 -0.698 0.006 2.149
L 7 0 1 -0.158 -0.182 0.062 8.215	2 0.786 0.722 0.142 -13.666	R 16 1 3 0.447 0.441 -0.142 1.965	4 -0.690 -0.698 0.028 2.475
L 7 0 1 -0.158 -0.180 0.085 7.714	2 0.784 0.724 0.085 -14.738	R 17 1 3 0.443 0.437 -0.221 2.264	4 -0.689 -0.696 0.062 2.290
L 8 0 1 -0.154 -0.177 0.119 7.846	2 0.784 0.725 0.028 -15.275	R 18 1 3 0.439 0.434 -0.051 2.563	4 -0.688 -0.695 0.062 2.360
L 9 0 1 -0.150 -0.174 0.096 8.224	2 0.781 0.725 0.040 -16.400	R 18 1 3 0.439 0.430 -0.096 3.389	4 -0.687 -0.693 0.062 1.560
L 10 0 1 -0.146 -0.171 0.108 8.119	2 0.776 0.724 -0.051 -17.648	R 19 1 3 0.436 0.426 -0.153 3.442	4 -0.687 -0.690 0.085 1.042
L 10 0 1 -0.146 -0.167 0.131 7.345	2 0.770 0.724 -0.017 17.446	R 20 1 3 0.432 0.422 -0.176 3.495	4 -0.685 -0.687 0.153 0.558
L 11 0 1 -0.141 -0.163 0.131 7.855	2 0.770 0.722 -0.017 16.453	R 21 1 3 0.428 0.419 -0.142 4.066	4 -0.684 -0.687 -0.006 0.796
L 12 0 1 -0.135 -0.159 0.142 8.462	2 0.761 0.720 -0.085 14.316	R 21 1 3 0.428 0.415 -0.119 4.637	4 -0.683 -0.686 0.108 0.426
L 13 0 1 -0.128 -0.155 0.176 8.796	2 0.751 0.717 -0.221 12.224	R 22 1 3 0.425 0.411 -0.165 4.980	4 -0.683 -0.681 0.131 -0.813
L 13 0 1 -0.128 -0.150 0.131 7.811	2 0.739 0.714 -0.131 11.600	R 23 1 3 0.421 0.407 -0.176 5.095	4 -0.682 -0.677 0.153 -2.167
L 14 0 1 -0.121 -0.145 0.210 8.532	2 0.739 0.707 -0.199 11.011	R 24 1 3 0.418 0.402 -0.176 6.114	4 -0.681 -0.672 0.176 -3.600
L 15 0 1 -0.112 -0.138 0.289 8.804	2 0.725 0.700 -0.187 8.523	R 24 1 3 0.418 0.397 -0.187 7.231	4 -0.680 -0.667 0.142 -5.349
L 16 0 1 -0.104 -0.133 0.176 9.051	2 0.709 0.693 -0.358 6.141	R 25 1 3 0.414 0.393 -0.199 7.582	4 -0.680 -0.661 0.165 -6.721
L 16 0 1 -0.104 -0.125 0.255 7.336	2 0.692 0.687 -0.210 5.121	R 26 1 3 0.410 0.389 -0.187 7.908	4 -0.679 -0.657 0.142 -7.925
L 17 0 1 -0.095 -0.117 0.380 7.705	2 0.692 0.677 -0.267 5.358	R 27 1 3 0.407 0.385 -0.085 8.330	4 -0.678 -0.654 0.085 -8.760
L 18 0 1 -0.085 -0.109 0.267 8.268	2 0.673 0.668 -0.176 1.033	R 27 1 3 0.407 0.382 -0.085 8.523	4 -0.677 -0.651 0.108 -9.604
L 19 0 1 -0.075 -0.100 0.278 7.811	2 0.653 0.659 -0.562 -0.242	R 28 1 3 0.403 0.380 -0.199 8.505	4 -0.677 -0.648 0.142 -10.484
L 19 0 1 -0.075 -0.089 0.437 4.611	2 0.632 0.647 -0.437 0.224	R 29 1 3 0.400 0.377 -0.062 8.127	4 -0.677 -0.646 0.040 -10.738
L 20 0 1 -0.065 -0.076 0.460 3.662	2 0.632 0.632 -0.392 -0.382	R 30 1 3 0.397 0.376 0.017 8.031	4 -0.676 -0.646 -0.017 -10.624
L 21 0 1 -0.054 -0.063 0.426 2.835	2 0.610 0.615 -0.539 -1.719	R 30 1 3 0.397 0.374 -0.085 7.837	4 -0.675 -0.646 -0.017 -10.404
L 22 0 1 -0.044 -0.052 0.289 1.833	2 0.588 0.603 -0.709 -4.084	R 31 1 3 0.393 0.374 -0.051 6.897	4 -0.675 -0.646 -0.006 -10.202
L 22 0 1 -0.044 -0.044 0.255 -0.092	2 0.565 0.592 -0.142 -4.787	R 32 1 3 0.390 0.372 -0.051 6.290	4 -0.674 -0.646 0.028 -10.352
L 23 0 1 -0.034 -0.035 0.210 0.541	2 0.565 0.572 -0.664 -3.029	R 33 1 3 0.386 0.371 -0.028 5.903	4 -0.674 -0.645 0.017 -10.308
L 24 0 1 -0.024 -0.027 0.471 0.646	2 0.541 0.554 -0.766 -4.391	R 33 1 3 0.386 0.371 -0.051 5.534	4 -0.673 -0.644 0.028 -10.554
L 25 0 1 -0.014 -0.019 0.392 0.514	2 0.517 0.539 -0.721 -6.299	R 34 1 3 0.383 0.370 -0.040 4.488	4 -0.673 -0.643 0.051 -10.484
L 25 0 1 -0.014 -0.010 0.119 -1.051	2 0.494 0.521 -0.278 -4.892	R 35 1 3 0.379 0.369 -0.074 3.609	4 -0.673 -0.643 0.006 -10.615
L 26 0 1 -0.004 -0.003 0.142 -0.400	2 0.494 0.503 -0.516 -3.864	R 36 1 3 0.376 0.368 -0.040 3.459	4 -0.672 -0.641 0.074 -10.976
L 27 0 1 0.005 0.002 0.358 0.251	2 0.470 0.485 -0.846 -4.752	R 36 1 3 0.376 0.366 -0.085 3.495	4 -0.672 -0.640 0.028 -11.512
L 28 0 1 0.013 0.008 0.323 0.418	2 0.447 0.467 -0.846 -5.789	R 37 1 3 0.373 0.365 -0.062 2.668	4 -0.672 -0.638 0.096 -12.013
L 28 0 1 0.013 0.013 0.028 -0.180	2 0.424 0.449 -0.187 -4.356	R 38 1 3 0.370 0.365 -0.051 1.701	4 -0.671 -0.636 0.017 -12.189
L 29 0 1 0.020 0.019 0.006 0.716	2 0.424 0.434 -0.516 -3.371	R 39 1 3 0.366 0.363 -0.006 1.640	4 -0.671 -0.635 0.074 -12.541
L 30 0 1 0.027 0.023 0.335 0.963	2 0.402 0.417 -0.675 -4.769	R 39 1 3 0.366 0.362 -0.017 1.279	4 -0.670 -0.634 0.062 -13.042
L 31 0 1 0.033 0.028 0.255 0.813	2 0.381 0.401 -0.743 -5.745	R 40 1 3 0.363 0.361 -0.062 0.532	4 -0.670 -0.633 0.085 -13.367
L 31 0 1 0.033 0.034 0.051 -0.180	2 0.360 0.384 -0.176 -4.523	R 41 1 3 0.360 0.360 -0.028 -0.057	4 -0.670 -0.632 0.028 -13.481
L 32 0 1 0.038 0.038 -0.006 0.224	2 0.360 0.372 -0.403 -4.268	R 42 1 3 0.356 0.360 0.017 -0.479	4 -0.670 -0.631 -0.017 -13.560