fb 02 18 02 00 00 00 9a 99 99 3f 9a 99 59 40 33 33 b3 40 00 00 00 40 00 00 00 00 86 00 00 00 00 

fb 03 18 03 00 00 00 a0 f9 ab 3e 00 b8 22 bd 33 33 b3 40 00 10 90 bb 00 00 00 00 e5 00 00 00 00 

fb 04 18 04 00 00 00 a0 8f 93 be 00 78 8b 3c 33 33 b3 40 00 10 90 3b 00 00 00 00 0d 00 00 00 00 

fb 01 18 01 00 00 00 9a 99 99 3f 9a 99 59 40 33 33 b3 40 00 00 80 3f 00 00 00 00 03 00 00 00 00 

fb 02 18 02 00 00 00 9a 99 99 3f 9a 99 59 40 33 33 b3 40 00 00 00 40 00 00 00 00 86 00 00 00 00 

fb 03 18 03 00 00 00 a0 f9 ab 3e 00 f0 b9 3b 33 33 b3 40 00 10 90 bb 00 00 00 00 32 00 00 00 00 

fb 04 18 04 00 00 00 a0 8f 93 be 00 78 8b 3c 33 33 b3 40 00 10 90 3b 00 00 00 00 0d 00 00 00 00 

fb 01 18 01 00 00 00 9a 99 99 3f 9a 99 59 40 33 33 b3 40 00 00 80 3f 00 00 00 00 03 00 00 00 00 

fb 02 18 02 00 00 00 9a 99 99 3f 9a 99 59 40 33 33 b3 40 00 00 00 40 00 00 00 00 86 00 00 00 00 

fb 03 18 03 00 00 00 a0 f9 ab 3e 00 f0 b9 bb 33 33 b3 40 00 10 90 bb 00 00 00 00 b2 00 00 00 00 

fb 04 18 04 00 00 00 a0 c1 93 be 00 f0 b9 3b 33 33 b3 40 00 10 90 3b 00 00 00 00 e4 00 00 00 00 

fb 01 18 01 00 00 00 9a 99 99 3f 9a 99 59 40 33 33 b3 40 00 00 80 3f 00 00 00 00 03 00 00 00 00 

fb 02 18 02 00 00 00 9a 99 99 3f 9a 99 59 40 33 33 b3 40 00 00 00 40 00 00 00 00 86 00 00 00 00 

fb 03 18 03 00 00 00 a0 f9 ab 3e 00 f0 b9 bb 33 33 b3 40 00 10 90 bb 00 00 00 00 b2 00 00 00 00 

fb 04 18 04 00 00 00 a0 8f 93 be 00 78 8b 3c 33 33 b3 40 00 10 90 3b 00 00 00 00 0d 00 00 00 00 

fb 01 18 01 00 00 00 9a 99 99 3f 9a 99 59 40 33 33 b3 40 00 00 80 3f 00 00 00 00 03 00 00 00 00 

fb 02 18 02 00 00 00 9a 99 99 3f 9a 99 59 40 33 33 b3 40 00 00 00 40 00 00 00 00 86 00 00 00 00 

fb 03 18 03 00 00 00 a0 f9 ab 3e 00 f0 b9 3b 33 33 b3 40 00 10 90 bb 00 00 00 00 32 00 00 00 00 

fb 04 18 04 00 00 00 a0 8f 93 be 00 f0 b9 bb 33 33 b3 40 00 10 90 3b 00 00 00 00 32 00 00 00 00 

fb 01 18 01 00 00 00 9a 99 99 3f 9a 99 59 40 33 33 b3 40 00 00 80 3f 00 00 00 00 03 00 00 00 00 

fb 02 18 02 00 00 00 9a 99 99 3f 9a 99 59 40 33 33 b3 40 00 00 00 40 00 00 00 00 86 00 00 00 00 

fb 03 18 03 00 00 00 a0 f9 ab 3e 00 78 8b 3c 33 33 b3 40 00 10 90 bb 00 00 00 00 8d 00 00 00 00 

fb 04 18 04 00 00 00 a0 c1 93 be 00 74 e8 bc 33 33 b3 40 00 10 90 3b 00 00 00 00 18 00 00 00 00 

fb 01 18 01 00 00 00 9a 99 99 3f 9a 99 59 40 33 33 b3 40 00 00 80 3f 00 00 00 00 03 00 00 00 00 

fb 02 18 02 00 00 00 9a 99 99 3f 9a 99 59 40 33 33 b3 40 00 00 00 40 00 00 00 00 86 00 00 00 00 

fb 03 18 03 00 00 00 a0 f9 ab 3e 00 f0 b9 bb 33 33 b3 40 00 10 90 bb 00 00 00 00 b2 00 00 00 00 

fb 04 18 04 00 00 00 a0 c1 93 be 00 f0 b9 3b 33 33 b3 40 00 10 90 3b 00 00 00 00 e4 00 00 00 00 

fb 01 18 01 00 00 00 9a 99 99 3f 9a 99 59 40 33 33 b3 40 00 00 80 3f 00 00 00 00 03 00 00 00 00 

fb 02 18 02 00 00 00 9a 99 99 3f 9a 99 59 40 33 33 b3 40 00 00 00 40 00 00 00 00 86 00 00 00 00 

fb 03 18 03 00 00 00 a0 f9 ab 3e 00 78 8b bc 33 33 b3 40 00 10 90 bb 00 00 00 00 0d 00 00 00 00 

fb 04 18 04 00 00 00 a0 c1 93 be 00 78 8b 3c 33 33 b3 40 00 10 90 3b 00 00 00 00 3f 00 00 00 00 

fb 01 18 01 00 00 00 9a 99 99 3f 9a 99 59 40 33 33 b3 40 00 00 80 3f 00 00 00 00 03 00 00 00 00 

fb 02 18 02 00 00 00 9a 99 99 3f 9a 99 59 40 33 33 b3 40 00 00 00 40 00 00 00 00 86 00 00 00 00 

fb 03 18 03 00 00 00 a0 f9 ab 3e 00 78 8b bc 33 33 b3 40 00 10 90 bb 00 00 00 00 0d 00 00 00 00 

fb 04 18 04 00 00 00 a0 c1 93 be 00 78 8b 3c 33 33 b3 40 00 10 90 3b 00 00 00 00 3f 00 00 00 00 

fb 01 18 01 00 00 00 9a 99 99 3f 9a 99 59 40 33 33 b3 40 00 00 80 3f 00 00 00 00 03 00 00 00 00 

fb 02 18 02 00 00 00 9a 99 99 3f 9a 99 59 40 33 33 b3 40 00 00 00 40 00 00 00 00 86 00 00 00 00 

fb 03 18 03 00 00 00 a0 f9 ab 3e 00 f0 b9 3b 33 33 b3 40 00 10 90 bb 00 00 00 00 32 00 00 00 00 

fb 04 18 04 00 00 00 a0 8f 93 be 00 f0 b9 3b 33 33 b3 40 00 10 90 3b 00 00 00 00 b2 00 00 00 00 

fb 01 18 01 00 00 00 9a 99 99 3f 9a 99 59 40 33 33 b3 40 00 00 80 3f 00 00 00 00 03 00 00 00 00 

fb 02 18 02 00 00 00 9a 99 99 3f 9a 99 59 40 33 33 b3 40 00 00 00 40 00 00 00 00 86 00 00 00 00 

fb 03 18 03 00 00 00 a0 f9 ab 3e 00 78 8b bc 33 33 b3 40 00 10 90 bb 00 00 00 00 0d 00 00 00 00 

fb 04 18 04 00 00 00 a0 c1 93 be 00 f0 b9 3b 33 33 b3 40 00 10 90 3b 00 00 00 00 e4 00 00 00 00 

fb 01 18 01 00 00 00 9a 99 99 3f 9a 99 59 40 33 33 b3 40 00 00 80 3f 00 00 00 00 03 00 00 00 00 

fb 02 18 02 00 00 00 9a 99 99 3f 9a 99 59 40 33 33 b3 40 00 00 00 40 00 00 00 00 86 00 00 00 00 

fb 03 18 03 00 00 00 a0 f9 ab 3e 00 78 8b bc 33 33 b3 40 00 10 90 bb 00 00 00 00 0d 00 00 00 00 

fb 04 18 04 00 00 00 a0 c1 93 be 00 f0 b9 3b 33 33 b3 40 00 10 90 3b 00 00 00 00 e4 00 00 00 00 

fb 01 18 01 00 00 00 9a 99 99 3f 9a 99 59 40 33 33 b3 40 00 00 80 3f 00 00 00 00 03 00 00 00 00 

fb 02 18 02 00 00 00 9a 99 99 3f 9a 99 59 40 33 33 b3 40 00 00 00 40 00 00 00 00 86 00 00 00 00 

fb 03 18 03 00 00 00 a0 f9 ab 3e 00 b8 22 bd 33 33 b3 40 00 10 90 bb 00 00 00 00 e5 00 00 00 00 

fb 04 18 04 00 00 00 a0 8f 93 be 00 78 8b bc 33 33 b3 40 00 10 90 3b 00 00 00 00 8d 00 00 00 00 

fb 01 18 01 00 00 00 9a 99 99 3f 9a 99 59 40 33 33 b3 40 00 00 80 3f 00 00 00 00 03 00 00 00 00 

fb 02 18 02 00 00 00 9a 99 99 3f 9a 99 59 40 33 33 b3 40 00 00 00 40 00 00 00 00 86 00 00 00 00 

fb 03 18 03 00 00 00 a0 f9 ab 3e 00 78 8b 3c 33 33 b3 40 00 10 90 bb 00 00 00 00 8d 00 00 00 00 

fb 04 18 04 00 00 00 a0 c1 93 be 00 78 8b 3c 33 33 b3 40 00 10 90 3b 00 00 00 00 3f 00 00 00 00 

fb 01 18 01 00 00 00 9a 99 99 3f 9a 99 59 40 33 33 b3 40 00 00 80 3f 00 00 00 00 03 00 00 00 00 

fb 02 18 02 00 00 00 9a 99 99 3f 9a 99 59 40 33 33 b3 40 00 00 00 40 00 00 00 00 86 00 00 00 00 

fb 03 18 03 00 00 00 a0 f9 ab 3e 00 f0 b9 bb 33 33 b3 40 00 10 90 bb 00 00 00 00 b2 00 00 00 00 

fb 04 18 04 00 00 00 a0 c1 93 be 00 78 8b 3c 33 33 b3 40 00 10 90 3b 00 00 00 00 3f 00 00 00 00 

fb 01 18 01 00 00 00 9a 99 99 3f 9a 99 59 40 33 33 b3 40 00 00 80 3f 00 00 00 00 03 00 00 00 00 

fb 02 18 02 00 00 00 9a 99 99 3f 9a 99 59 40 33 33 b3 40 00 00 00 40 00 00 00 00 86 00 00 00 00 

fb 03 18 03 00 00 00 a0 f9 ab 3e 00 f0 b9 bb 33 33 b3 40 00 10 90 bb 00 00 00 00 b2 00 00 00 00 

fb 04 18 04 00 00 00 a0 c1 93 be 00 f0 b9 bb 33 33 b3 40 00 10 90 3b 00 00 00 00 64 00 00 00 00 

fb 01 18 01 00 00 00 9a 99 99 3f 9a 99 59 40 33 33 b3 40 00 00 80 3f 00 00 00 00 03 00 00 00 00 

fb 02 18 02 00 00 00 9a 99 99 3f 9a 99 59 40 33 33 b3 40 00 00 00 40 00 00 00 00 86 00 00 00 00 

fb 03 18 03 00 00 00 a0 f9 ab 3e 00 74 e8 bc 33 33 b3 40 00 10 90 bb 00 00 00 00 66 00 00 00 00 

fb 04 18 04 00 00 00 a0 c1 93 be 00 f0 b9 bb 33 33 b3 40 00 10 90 3b 00 00 00 00 64 00 00 00 00 

fb 01 18 01 00 00 00 9a 99 99 3f 9a 99 59 40 33 33 b3 40 00 00 80 3f 00 00 00 00 03 00 00 00 00 

fb 02 18 02 00 00 00 9a 99 99 3f 9a 99 59 40 33 33 b3 40 00 00 00 40 00 00 00 00 86 00 00 00 00 

fb 03 18 03 00 00 00 a0 f9 ab 3e 00 f0 b9 3b 33 33 b3 40 00 10 90 bb 00 00 00 00 32 00 00 00 00 

fb 04 18 04 00 00 00 a0 c1 93 be 00 f0 b9 bb 33 33 b3 40 00 10 90 3b 00 00 00 00 64 00 00 00 00 

fb 01 18 01 00 00 00 9a 99 99 3f 9a 99 59 40 33 33 b3 40 00 00 80 3f 00 00 00 00 03 00 00 00 00 

fb 02 18 02 00 00 00 9a 99 99 3f 9a 99 59 40 33 33 b3 40 00 00 00 40 00 00 00 00 86 00 00 00 00 

fb 03 18 03 00 00 00 a0 f9 ab 3e 00 f0 b9 3b 33 33 b3 40 00 10 90 bb 00 00 00 00 32 00 00 00 00 

fb 04 18 04 00 00 00 a0 c1 93 be 00 f0 b9 bb 33 33 b3 40 00 10 90 3b 00 00 00 00 64 00 00 00 00 

fb 01 18 01 00 00 00 9a 99 99 3f 9a 99 59 40 33 33 b3 40 00 00 80 3f 00 00 00 00 03 00 00 00 00 

fb 02 18 02 00 00 00 9a 99 99 3f 9a 99 59 40 33 33 b3 40 00 00 00 40 00 00 00 00 86 00 00 00 00 

fb 03 18 03 00 00 00 a0 f9 ab 3e 00 f0 b9 3b 33 33 b3 40 00 10 90 bb 00 00 00 00 32 00 00 00 00 

fb 04 18 04 00 00 00 a0 c1 93 be 00 78 8b bc 33 33 b3 40 00 10 90 3b 00 00 00 00 bf 00 00 00 00 

fb 01 18 01 00 00 00 9a 99 99 3f 9a 99 59 40 33 33 b3 40 00 00 80 3f 00 00 00 00 03 00 00 00 00 

fb 02 18 02 00 00 00 9a 99 99 3f 9a 99 59 40 33 33 b3 40 00 00 00 40 00 00 00 00 86 00 00 00 00 

fb 03 18 03 00 00 00 a0 f9 ab 3e 00 f0 b9 3b 33 33 b3 40 00 10 90 bb 00 00 00 00 32 00 00 00 00 

fb 04 18 04 00 00 00 a0 c1 93 be 00 f0 b9 bb 33 33 b3 40 00 10 90 3b 00 00 00 00 64 00 00 00 00 

fb 01 18 01 00 00 00 9a 99 99 3f 9a 99 59 40 33 33 b3 40 00 00 80 3f 00 00 00 00 03 00 00 00 00 

fb 02 18 02 00 00 00 9a 99 99 3f 9a 99 59 40 33 33 b3 40 00 00 00 40 00 00 00 00 86 00 00 00 00 

fb 03 18 03 00 00 00 a0 f9 ab 3e 00 78 8b 3c 33 33 b3 40 00 10 90 bb 00 00 00 00 8d 00 00 00 00 

fb 04 18 04 00 00 00 a0 c1 93 be 00 74 e8 bc 33 33 b3 40 00 10 90 3b 00 00 00 00 18 00 00 00 00 

fb 01 18 01 00 00 00 9a 99 99 3f 9a 99 59 40 33 33 b3 40 00 00 80 3f 00 00 00 00 03 00 00 00 00 

fb 02 18 02 00 00 00 9a 99 99 3f 9a 99 59 40 33 33 b3 40 00 00 00 40 00 00 00 00 86 00 00 00 00 

fb 03 18 03 00 00 00 a0 f9 ab 3e 00 78 8b bc 33 33 b3 40 00 10 90 bb 00 00 00 00 0d 00 00 00 00 

fb 04 18 04 00 00 00 a0 c1 93 be 00 78 8b bc 33 33 b3 40 00 10 90 3b 00 00 00 00 bf 00 00 00 00 

fb 01 18 01 00 00 00 9a 99 99 3f 9a 99 59 40 33 33 b3 40 00 00 80 3f 00 00 00 00 03 00 00 00 00 

fb 02 18 02 00 00 00 9a 99 99 3f 9a 99 59 40 33 33 b3 40 00 00 00 40 00 00 00 00 86 00 00 00 00 

fb 03 18 03 00 00 00 a0 f9 ab 3e 00 78 8b bc 33 33 b3 40 00 10 90 bb 00 00 00 00 0d 00 00 00 00 

fb 04 18 04 00 00 00 a0 c1 93 be 00 74 e8 bc 33 33 b3 40 00 10 90 3b 00 00 00 00 18 00 00 00 00 

fb 01 18 01 00 00 00 9a 99 99 3f 9a 99 59 40 33 33 b3 40 00 00 80 3f 00 00 00 00 03 00 00 00 00 

fb 02 18 02 00 00 00 9a 99 99 3f 9a 99 59 40 33 33 b3 40 00 00 00 40 00 00 00 00 86 00 00 00 00 

fb 03 18 03 00 00 00 a0 f9 ab 3e 00 78 8b bc 33 33 b3 40 00 10 90 bb 00 00 00 00 0d 00 00 00 00 

fb 04 18 04 00 00 00 a0 c1 93 be 00 f0 b9 bb 33 33 b3 40 00 10 90 3b 00 00 00 00 64 00 00 00 00 

fb 01 18 01 00 00 00 9a 99 99 3f 9a 99 59 40 33 33 b3 40 00 00 80 3f 00 00 00 00 03 00 00 00 00 

fb 02 18 02 00 00 00 9a 99 99 3f 9a 99 59 40 33 33 b3 40 00 00 00 40 00 00 00 00 86 00 00 00 00 

fb 03 18 03 00 00 00 a0 f9 ab 3e 00 f0 b9 3b 33 33 b3 40 00 10 90 bb 00 00 00 00 32 00 00 00 00 

fb 04 18 04 00 00 00 a0 c1 93 be 00 78 8b bc 33 33 b3 40 00 10 90 3b 00 00 00 00 bf 00 00 00 00 

fb 01 18 01 00 00 00 9a 99 99 3f 9a 99 59 40 33 33 b3 40 00 00 80 3f 00 00 00 00 03 00 00 00 00 

fb 02 18 02 00 00 00 9a 99 99 3f 9a 99 59 40 33 33 b3 40 00 00 00 40 00 00 00 00 86 00 00 00 00 

fb 03 18 03 00 00 00 a0 f9 ab 3e 00 f0 b9 3b 33 33 b3 40 00 10 90 bb 00 00 00 00 32 00 00 00 00 

fb 04 18 04 00 00 00 a0 8f 93 be 00 78 8b 3c 33 33 b3 40 00 10 90 3b 00 00 00 00 0d 00 00 00 00 

fb 01 18 01 00 00 00 9a 99 99 3f 9a 99 59 40 33 33 b3 40 00 00 80 3f 00 00 00 00 03 00 00 00 00 

fb 02 18 02 00 00 00 9a 99 99 3f 9a 99 59 40 33 33 b3 40 00 00 00 40 00 00 00 00 86 00 00 00 00 

fb 03 18 03 00 00 00 a0 f9 ab 3e 00 78 8b bc 33 33 b3 40 00 10 90 bb 00 00 00 00 0d 00 00 00 00 

fb 04 18 04 00 00 00 a0 c1 93 be 00 f0 b9 bb 33 33 b3 40 00 10 90 3b 00 00 00 00 64 00 00 00 00 

fb 01 18 01 00 00 00 9a 99 99 3f 9a 99 59 40 33 33 b3 40 00 00 80 3f 00 00 00 00 03 00 00 00 00 

fb 02 18 02 00 00 00 9a 99 99 3f 9a 99 59 40 33 33 b3 40 00 00 00 40 00 00 00 00 86 00 00 00 00 

fb 03 18 03 00 00 00 a0 f9 ab 3e 00 f0 b9 bb 33 33 b3 40 00 10 90 bb 00 00 00 00 b2 00 00 00 00 

fb 04 18 04 00 00 00 a0 c1 93 be 00 78 8b bc 33 33 b3 40 00 10 90 3b 00 00 00 00 bf 00 00 00 00 

fb 01 18 01 00 00 00 9a 99 99 3f 9a 99 59 40 33 33 b3 40 00 00 80 3f 00 00 00 00 03 00 00 00 00 

fb 02 18 02 00 00 00 9a 99 99 3f 9a 99 59 40 33 33 b3 40 00 00 00 40 00 00 00 00 86 00 00 00 00 

fb 03 18 03 00 00 00 a0 f9 ab 3e 00 f0 b9 3b 33 33 b3 40 00 10 90 bb 00 00 00 00 32 00 00 00 00 

fb 04 18 04 00 00 00 a0 c1 93 be 00 78 8b bc 33 33 b3 40 00 10 90 3b 00 00 00 00 bf 00 00 00 00 

fb 01 18 01 00 00 00 9a 99 99 3f 9a 99 59 40 33 33 b3 40 00 00 80 3f 00 00 00 00 03 00 00 00 00 

fb 02 18 02 00 00 00 9a 99 99 3f 9a 99 59 40 33 33 b3 40 00 00 00 40 00 00 00 00 86 00 00 00 00 

fb 03 18 03 00 00 00 a0 f9 ab 3e 00 78 8b 3c 33 33 b3 40 00 10 90 bb 00 00 00 00 8d 00 00 00 00 

fb 04 18 04 00 00 00 a0 c1 93 be 00 f0 b9 3b 33 33 b3 40 00 10 90 3b 00 00 00 00 e4 00 00 00 00 

fb 01 18 01 00 00 00 9a 99 99 3f 9a 99 59 40 33 33 b3 40 00 00 80 3f 00 00 00 00 03 00 00 00 00 

fb 02 18 02 00 00 00 9a 99 99 3f 9a 99 59 40 33 33 b3 40 00 00 00 40 00 00 00 00 86 00 00 00 00 

fb 03 18 03 00 00 00 a0 f9 ab 3e 00 f0 b9 3b 33 33 b3 40 00 10 90 bb 00 00 00 00 32 00 00 00 00 

fb 04 18 04 00 00 00 a0 c1 93 be 00 78 8b bc 33 33 b3 40 00 10 90 3b 00 00 00 00 bf 00 00 00 00 

fb 01 18 01 00 00 00 9a 99 99 3f 9a 99 59 40 33 33 b3 40 00 00 80 3f 00 00 00 00 03 00 00 00 00 

fb 02 18 02 00 00 00 9a 99 99 3f 9a 99 59 40 33 33 b3 40 00 00 00 40 00 00 00 00 86 00 00 00 00 

fb 03 18 03 00 00 00 a0 f9 ab 3e 00 78 8b bc 33 33 b3 40 00 10 90 bb 00 00 00 00 0d 00 00 00 00 

fb 04 18 04 00 00 00 a0 8f 93 be 00 f0 b9 3b 33 33 b3 40 00 10 90 3b 00 00 00 00 b2 00 00 00 00 

fb 01 18 01 00 00 00 9a 99 99 3f 9a 99 59 40 33 33 b3 40 00 00 80 3f 00 00 00 00 03 00 00 00 00 

fb 02 18 02 00 00 00 9a 99 99 3f 9a 99 59 40 33 33 b3 40 00 00 00 40 00 00 00 00 86 00 00 00 00 

fb 03 18 03 00 00 00 a0 f9 ab 3e 00 f0 b9 bb 33 33 b3 40 00 10 90 bb 00 00 00 00 b2 00 00 00 00 

fb 04 18 04 00 00 00 a0 c1 93 be 00 78 8b bc 33 33 b3 40 00 10 90 3b 00 00 00 00 bf 00 00 00 00 

fb 01 18 01 00 00 00 9a 99 99 3f 9a 99 59 40 33 33 b3 40 00 00 80 3f 00 00 00 00 03 00 00 00 00 

fb 02 18 02 00 00 00 9a 99 99 3f 9a 99 59 40 33 33 b3 40 00 00 00 40 00 00 00 00 86 00 00 00 00 

fb 03 18 03 00 00 00 a0 f9 ab 3e 00 f0 b9 3b 33 33 b3 40 00 10 90 bb 00 00 00 00 32 00 00 00 00 

fb 04 18 04 00 00 00 a0 c1 93 be 00 78 8b 3c 33 33 b3 40 00 10 90 3b 00 00 00 00 3f 00 00 00 00 

fb 01 18 01 00 00 00 9a 99 99 3f 9a 99 59 40 33 33 b3 40 00 00 80 3f 00 00 00 00 03 00 00 00 00 

fb 02 18 02 00 00 00 9a 99 99 3f 9a 99 59 40 33 33 b3 40 00 00 00 40 00 00 00 00 86 00 00 00 00 

fb 03 18 03 00 00 00 a0 f9 ab 3e 00 f0 b9 3b 33 33 b3 40 00 10 90 bb 00 00 00 00 32 00 00 00 00 

fb 04 18 04 00 00 00 a0 c1 93 be 00 f0 b9 bb 33 33 b3 40 00 10 90 3b 00 00 00 00 64 00 00 00 00 

fb 01 18 01 00 00 00 9a 99 99 3f 9a 99 59 40 33 33 b3 40 00 00 80 3f 00 00 00 00 03 00 00 00 00 

fb 02 18 02 00 00 00 9a 99 99 3f 9a 99 59 40 33 33 b3 40 00 00 00 40 00 00 00 00 86 00 00 00 00 

fb 03 18 03 00 00 00 a0 f9 ab 3e 00 74 e8 3c 33 33 b3 40 00 10 90 bb 00 00 00 00 e6 00 00 00 00 

fb 04 18 04 00 00 00 a0 c1 93 be 00 74 e8 bc 33 33 b3 40 00 10 90 3b 00 00 00 00 18 00 00 00 00 

fb 01 18 01 00 00 00 9a 99 99 3f 9a 99 59 40 33 33 b3 40 00 00 80 3f 00 00 00 00 03 00 00 00 00 

fb 02 18 02 00 00 00 9a 99 99 3f 9a 99 59 40 33 33 b3 40 00 00 00 40 00 00 00 00 86 00 00 00 00 

fb 03 18 03 00 00 00 a0 f9 ab 3e 00 78 8b 3c 33 33 b3 40 00 10 90 bb 00 00 00 00 8d 00 00 00 00 

fb 04 18 04 00 00 00 a0 c1 93 be 00 78 8b 3c 33 33 b3 40 00 10 90 3b 00 00 00 00 3f 00 00 00 00 

fb 01 18 01 00 00 00 9a 99 99 3f 9a 99 59 40 33 33 b3 40 00 00 80 3f 00 00 00 00 03 00 00 00 00 

fb 02 18 02 00 00 00 9a 99 99 3f 9a 99 59 40 33 33 b3 40 00 00 00 40 00 00 00 00 86 00 00 00 00 

fb 03 18 03 00 00 00 a0 f9 ab 3e 00 78 8b bc 33 33 b3 40 00 10 90 bb 00 00 00 00 0d 00 00 00 00 

fb 04 18 04 00 00 00 a0 c1 93 be 00 78 8b 3c 33 33 b3 40 00 10 90 3b 00 00 00 00 3f 00 00 00 00 

fb 01 18 01 00 00 00 9a 99 99 3f 9a 99 59 40 33 33 b3 40 00 00 80 3f 00 00 00 00 03 00 00 00 00 

fb 02 18 02 00 00 00 9a 99 99 3f 9a 99 59 40 33 33 b3 40 00 00 00 40 00 00 00 00 86 00 00 00 00 

fb 03 18 03 00 00 00 a0 f9 ab 3e 00 f0 b9 bb 33 33 b3 40 00 10 90 bb 00 00 00 00 b2 00 00 00 00 

fb 04 18 04 00 00 00 a0 8f 93 be 00 78 8b 3c 33 33 b3 40 00 10 90 3b 00 00 00 00 0d 00 00 00 00 

fb 01 18 01 00 00 00 9a 99 99 3f 9a 99 59 40 33 33 b3 40 00 00 80 3f 00 00 00 00 03 00 00 00 00 

fb 02 18 02 00 00 00 9a 99 99 3f 9a 99 59 40 33 33 b3 40 00 00 00 40 00 00 00 00 86 00 00 00 00 

fb 03 18 03 00 00 00 a0 f9 ab 3e 00 f0 b9 bb 33 33 b3 40 00 10 90 bb 00 00 00 00 b2 00 00 00 00 

fb 04 18 04 00 00 00 a0 c1 93 be 00 f0 b9 bb 33 33 b3 40 00 10 90 3b 00 00 00 00 64 00 00 00 00 

fb 01 18 01 00 00 00 9a 99 99 3f 9a 99 59 40 33 33 b3 40 00 00 80 3f 00 00 00 00 03 00 00 00 00 

fb 02 18 02 00 00 00 9a 99 99 3f 9a 99 59 40 33 33 b3 40 00 00 00 40 00 00 00 00 86 00 00 00 00 

fb 03 18 03 00 00 00 a0 f9 ab 3e 00 f0 b9 3b 33 33 b3 40 00 10 90 bb 00 00 00 00 32 00 00 00 00 

fb 04 18 04 00 00 00 a0 c1 93 be 00 f0 b9 bb 33 33 b3 40 00 10 90 3b 00 00 00 00 64 00 00 00 00 

fb 01 18 01 00 00 00 9a 99 99 3f 9a 99 59 40 33 33 b3 40 00 00 80 3f 00 00 00 00 03 00 00 00 00 

fb 02 18 02 00 00 00 9a 99 99 3f 9a 99 59 40 33 33 b3 40 00 00 00 40 00 00 00 00 86 00 00 00 00 

fb 03 18 03 00 00 00 a0 f9 ab 3e 00 78 8b 3c 33 33 b3 40 00 10 90 bb 00 00 00 00 8d 00 00 00 00 

fb 04 18 04 00 00 00 a0 c1 93 be 00 f0 b9 bb 33 33 b3 40 00 10 90 3b 00 00 00 00 64 00 00 00 00 

fb 01 18 01 00 00 00 9a 99 99 3f 9a 99 59 40 33 33 b3 40 00 00 80 3f 00 00 00 00 03 00 00 00 00 

fb 02 18 02 00 00 00 9a 99 99 3f 9a 99 59 40 33 33 b3 40 00 00 00 40 00 00 00 00 86 00 00 00 00 

fb 03 18 03 00 00 00 a0 f9 ab 3e 00 78 8b bc 33 33 b3 40 00 10 90 bb 00 00 00 00 0d 00 00 00 00 

fb 04 18 04 00 00 00 a0 c1 93 be 00 74 e8 bc 33 33 b3 40 00 10 90 3b 00 00 00 00 18 00 00 00 00 

fb 01 18 01 00 00 00 9a 99 99 3f 9a 99 59 40 33 33 b3 40 00 00 80 3f 00 00 00 00 03 00 00 00 00 

fb 02 18 02 00 00 00 9a 99 99 3f 9a 99 59 40 33 33 b3 40 00 00 00 40 00 00 00 00 86 00 00 00 00 

fb 03 18 03 00 00 00 a0 f9 ab 3e 00 78 8b bc 33 33 b3 40 00 10 90 bb 00 00 00 00 0d 00 00 00 00 

fb 04 18 04 00 00 00 a0 c1 93 be 00 74 e8 bc 33 33 b3 40 00 10 90 3b 00 00 00 00 18 00 00 00 00 

fb 01 18 01 00 00 00 9a 99 99 3f 9a 99 59 40 33 33 b3 40 00 00 80 3f 00 00 00 00 03 00 00 00 00 

fb 02 18 02 00 00 00 9a 99 99 3f 9a 99 59 40 33 33 b3 40 00 00 00 40 00 00 00 00 86 00 00 00 00 

fb 03 18 03 00 00 00 a0 f9 ab 3e 00 f0 b9 bb 33 33 b3 40 00 10 90 bb 00 00 00 00 b2 00 00 00 00 

fb 04 18 04 00 00 00 a0 c1 93 be 00 78 8b bc 33 33 b3 40 00 10 90 3b 00 00 00 00 bf 00 00 00 00 

fb 01 18 01 00 00 00 9a 99 99 3f 9a 99 59 40 33 33 b3 40 00 00 80 3f 00 00 00 00 03 00 00 00 00 

fb 02 18 02 00 00 00 9a 99 99 3f 9a 99 59 40 33 33 b3 40 00 00 00 40 00 00 00 00 86 00 00 00 00 

fb 03 18 03 00 00 00 a0 f9 ab 3e 00 f0 b9 bb 33 33 b3 40 00 10 90 bb 00 00 00 00 b2 00 00 00 00 

fb 04 18 04 00 00 00 a0 c1 93 be 00 b8 22 bd 33 33 b3 40 00 10 90 3b 00 00 00 00 97 00 00 00 00 

fb 01 18 01 00 00 00 9a 99 99 3f 9a 99 59 40 33 33 b3 40 00 00 80 3f 00 00 00 00 03 00 00 00 00 

fb 02 18 02 00 00 00 9a 99 99 3f 9a 99 59 40 33 33 b3 40 00 00 00 40 00 00 00 00 86 00 00 00 00 

fb 03 18 03 00 00 00 a0 f9 ab 3e 00 78 8b bc 33 33 b3 40 00 10 90 bb 00 00 00 00 0d 00 00 00 00 

fb 04 18 04 00 00 00 a0 c1 93 be 00 b8 22 bd 33 33 b3 40 00 10 90 3b 00 00 00 00 97 00 00 00 00 

fb 01 18 01 00 00 00 9a 99 99 3f 9a 99 59 40 33 33 b3 40 00 00 80 3f 00 00 00 00 03 00 00 00 00 

fb 02 18 02 00 00 00 9a 99 99 3f 9a 99 59 40 33 33 b3 40 00 00 00 40 00 00 00 00 86 00 00 00 00 

fb 03 18 03 00 00 00 a0 f9 ab 3e 00 f0 b9 bb 33 33 b3 40 00 10 90 bb 00 00 00 00 b2 00 00 00 00 

fb 04 18 04 00 00 00 a0 8f 93 be 00 f0 b9 bb 33 33 b3 40 00 10 90 3b 00 00 00 00 32 00 00 00 00 

fb 01 18 01 00 00 00 9a 99 99 3f 9a 99 59 40 33 33 b3 40 00 00 80 3f 00 00 00 00 03 00 00 00 00 

fb 02 18 02 00 00 00 9a 99 99 3f 9a 99 59 40 33 33 b3 40 00 00 00 40 00 00 00 00 86 00 00 00 00 

fb 03 18 03 00 00 00 a0 f9 ab 3e 00 f0 b9 3b 33 33 b3 40 00 10 90 bb 00 00 00 00 32 00 00 00 00 

fb 04 18 04 00 00 00 a0 c1 93 be 00 f0 b9 bb 33 33 b3 40 00 10 90 3b 00 00 00 00 64 00 00 00 00 

fb 01 18 01 00 00 00 9a 99 99 3f 9a 99 59 40 33 33 b3 40 00 00 80 3f 00 00 00 00 03 00 00 00 00 

fb 02 18 02 00 00 00 9a 99 99 3f 9a 99 59 40 33 33 b3 40 00 00 00 40 00 00 00 00 86 00 00 00 00 

fb 03 18 03 00 00 00 a0 f9 ab 3e 00 74 e8 bc 33 33 b3 40 00 10 90 bb 00 00 00 00 66 00 00 00 00 

fb 04 18 04 00 00 00 a0 c1 93 be 00 f0 b9 bb 33 33 b3 40 00 10 90 3b 00 00 00 00 64 00 00 00 00 

fb 01 18 01 00 00 00 9a 99 99 3f 9a 99 59 40 33 33 b3 40 00 00 80 3f 00 00 00 00 03 00 00 00 00 

fb 02 18 02 00 00 00 9a 99 99 3f 9a 99 59 40 33 33 b3 40 00 00 00 40 00 00 00 00 86 00 00 00 00 

fb 03 18 03 00 00 00 a0 f9 ab 3e 00 f0 b9 bb 33 33 b3 40 00 10 90 bb 00 00 00 00 b2 00 00 00 00 

fb 04 18 04 00 00 00 a0 c1 93 be 00 78 8b bc 33 33 b3 40 00 10 90 3b 00 00 00 00 bf 00 00 00 00 

fb 01 18 01 00 00 00 9a 99 99 3f 9a 99 59 40 33 33 b3 40 00 00 80 3f 00 00 00 00 03 00 00 00 00 

fb 02 18 02 00 00 00 9a 99 99 3f 9a 99 59 40 33 33 b3 40 00 00 00 40 00 00 00 00 86 00 00 00 00 

fb 03 18 03 00 00 00 a0 f9 ab 3e 00 f0 b9 bb 33 33 b3 40 00 10 90 bb 00 00 00 00 b2 00 00 00 00 

fb 04 18 04 00 00 00 a0 c1 93 be 00 f0 b9 3b 33 33 b3 40 00 10 90 3b 00 00 00 00 e4 00 00 00 00 

fb 01 18 01 00 00 00 9a 99 99 3f 9a 99 59 40 33 33 b3 40 00 00 80 3f 00 00 00 00 03 00 00 00 00 

fb 02 18 02 00 00 00 9a 99 99 3f 9a 99 59 40 33 33 b3 40 00 00 00 40 00 00 00 00 86 00 00 00 00 

fb 03 18 03 00 00 00 a0 f9 ab 3e 00 78 8b bc 33 33 b3 40 00 10 90 bb 00 00 00 00 0d 00 00 00 00 

fb 04 18 04 00 00 00 a0 c1 93 be 00 78 8b bc 33 33 b3 40 00 10 90 3b 00 00 00 00 bf 00 00 00 00 

fb 01 18 01 00 00 00 9a 99 99 3f 9a 99 59 40 33 33 b3 40 00 00 80 3f 00 00 00 00 03 00 00 00 00 

fb 02 18 02 00 00 00 9a 99 99 3f 9a 99 59 40 33 33 b3 40 00 00 00 40 00 00 00 00 86 00 00 00 00 

fb 03 18 03 00 00 00 a0 f9 ab 3e 00 f0 b9 bb 33 33 b3 40 00 10 90 bb 00 00 00 00 b2 00 00 00 00 

fb 04 18 04 00 00 00 a0 c1 93 be 00 78 8b bc 33 33 b3 40 00 10 90 3b 00 00 00 00 bf 00 00 00 00 

fb 01 18 01 00 00 00 9a 99 99 3f 9a 99 59 40 33 33 b3 40 00 00 80 3f 00 00 00 00 03 00 00 00 00 

fb 02 18 02 00 00 00 9a 99 99 3f 9a 99 59 40 33 33 b3 40 00 00 00 40 00 00 00 00 86 00 00 00 00 

fb 03 18 03 00 00 00 a0 f9 ab 3e 00 78 8b 3c 33 33 b3 40 00 10 90 bb 00 00 00 00 8d 00 00 00 00 

fb 04 18 04 00 00 00 a0 c1 93 be 00 f0 b9 bb 33 33 b3 40 00 10 90 3b 00 00 00 00 64 00 00 00 00 

fb 01 18 01 00 00 00 9a 99 99 3f 9a 99 59 40 33 33 b3 40 00 00 80 3f 00 00 00 00 03 00 00 00 00 

fb 02 18 02 00 00 00 9a 99 99 3f 9a 99 59 40 33 33 b3 40 00 00 00 40 00 00 00 00 86 00 00 00 00 

fb 03 18 03 00 00 00 a0 f9 ab 3e 00 74 e8 bc 33 33 b3 40 00 10 90 bb 00 00 00 00 66 00 00 00 00 

fb 04 18 04 00 00 00 a0 c1 93 be 00 f0 b9 3b 33 33 b3 40 00 10 90 3b 00 00 00 00 e4 00 00 00 00 

fb 01 18 01 00 00 00 9a 99 99 3f 9a 99 59 40 33 33 b3 40 00 00 80 3f 00 00 00 00 03 00 00 00 00 

fb 02 18 02 00 00 00 9a 99 99 3f 9a 99 59 40 33 33 b3 40 00 00 00 40 00 00 00 00 86 00 00 00 00 

fb 03 18 03 00 00 00 a0 f9 ab 3e 00 36 51 bd 33 33 b3 40 00 10 90 bb 00 00 00 00 92 00 00 00 00 

fb 04 18 04 00 00 00 a0 c1 93 be 00 78 8b bc 33 33 b3 40 00 10 90 3b 00 00 00 00 bf 00 00 00 00 

fb 01 18 01 00 00 00 9a 99 99 3f 9a 99 59 40 33 33 b3 40 00 00 80 3f 00 00 00 00 03 00 00 00 00 

fb 02 18 02 00 00 00 9a 99 99 3f 9a 99 59 40 33 33 b3 40 00 00 00 40 00 00 00 00 86 00 00 00 00 

fb 03 18 03 00 00 00 a0 f9 ab 3e 00 74 e8 bc 33 33 b3 40 00 10 90 bb 00 00 00 00 66 00 00 00 00 

fb 04 18 04 00 00 00 a0 c1 93 be 00 f0 b9 bb 33 33 b3 40 00 10 90 3b 00 00 00 00 64 00 00 00 00 

fb 01 18 01 00 00 00 9a 99 99 3f 9a 99 59 40 33 33 b3 40 00 00 80 3f 00 00 00 00 03 00 00 00 00 

fb 02 18 02 00 00 00 9a 99 99 3f 9a 99 59 40 33 33 b3 40 00 00 00 40 00 00 00 00 86 00 00 00 00 

fb 03 18 03 00 00 00 a0 f9 ab 3e 00 74 e8 3c 33 33 b3 40 00 10 90 bb 00 00 00 00 e6 00 00 00 00 

fb 04 18 04 00 00 00 a0 8f 93 be 00 f0 b9 3b 33 33 b3 40 00 10 90 3b 00 00 00 00 b2 00 00 00 00 

fb 01 18 01 00 00 00 9a 99 99 3f 9a 99 59 40 33 33 b3 40 00 00 80 3f 00 00 00 00 03 00 00 00 00 

fb 02 18 02 00 00 00 9a 99 99 3f 9a 99 59 40 33 33 b3 40 00 00 00 40 00 00 00 00 86 00 00 00 00 

fb 03 18 03 00 00 00 a0 f9 ab 3e 00 f0 b9 bb 33 33 b3 40 00 10 90 bb 00 00 00 00 b2 00 00 00 00 

fb 04 18 04 00 00 00 a0 c1 93 be 00 f0 b9 bb 33 33 b3 40 00 10 90 3b 00 00 00 00 64 00 00 00 00 

fb 01 18 01 00 00 00 9a 99 99 3f 9a 99 59 40 33 33 b3 40 00 00 80 3f 00 00 00 00 03 00 00 00 00 

fb 02 18 02 00 00 00 9a 99 99 3f 9a 99 59 40 33 33 b3 40 00 00 00 40 00 00 00 00 86 00 00 00 00 

fb 03 18 03 00 00 00 a0 f9 ab 3e 00 f0 b9 bb 33 33 b3 40 00 10 90 bb 00 00 00 00 b2 00 00 00 00 

fb 04 18 04 00 00 00 a0 c1 93 be 00 b8 22 bd 33 33 b3 40 00 10 90 3b 00 00 00 00 97 00 00 00 00 

fb 01 18 01 00 00 00 9a 99 99 3f 9a 99 59 40 33 33 b3 40 00 00 80 3f 00 00 00 00 03 00 00 00 00 

fb 02 18 02 00 00 00 9a 99 99 3f 9a 99 59 40 33 33 b3 40 00 00 00 40 00 00 00 00 86 00 00 00 00 

fb 03 18 03 00 00 00 a0 f9 ab 3e 00 f0 b9 bb 33 33 b3 40 00 10 90 bb 00 00 00 00 b2 00 00 00 00 

fb 04 18 04 00 00 00 a0 c1 93 be 00 74 e8 bc 33 33 b3 40 00 10 90 3b 00 00 00 00 18 00 00 00 00 

fb 01 18 01 00 00 00 9a 99 99 3f 9a 99 59 40 33 33 b3 40 00 00 80 3f 00 00 00 00 03 00 00 00 00 

fb 02 18 02 00 00 00 9a 99 99 3f 9a 99 59 40 33 33 b3 40 00 00 00 40 00 00 00 00 86 00 00 00 00 

fb 03 18 03 00 00 00 a0 f9 ab 3e 00 f0 b9 bb 33 33 b3 40 00 10 90 bb 00 00 00 00 b2 00 00 00 00 

fb 04 18 04 00 00 00 a0 c1 93 be 00 78 8b bc 33 33 b3 40 00 10 90 3b 00 00 00 00 bf 00 00 00 00 

fb 01 18 01 00 00 00 9a 99 99 3f 9a 99 59 40 33 33 b3 40 00 00 80 3f 00 00 00 00 03 00 00 00 00 

fb 02 18 02 00 00 00 9a 99 99 3f 9a 99 59 40 33 33 b3 40 00 00 00 40 00 00 00 00 86 00 00 00 00 

fb 03 18 03 00 00 00 a0 f9 ab 3e 00 f0 b9 bb 33 33 b3 40 00 10 90 bb 00 00 00 00 b2 00 00 00 00 

fb 04 18 04 00 00 00 a0 c1 93 be 00 f0 b9 bb 33 33 b3 40 00 10 90 3b 00 00 00 00 64 00 00 00 00 

fb 01 18 01 00 00 00 9a 99 99 3f 9a 99 59 40 33 33 b3 40 00 00 80 3f 00 00 00 00 03 00 00 00 00 

fb 02 18 02 00 00 00 9a 99 99 3f 9a 99 59 40 33 33 b3 40 00 00 00 40 00 00 00 00 86 00 00 00 00 

fb 03 18 03 00 00 00 a0 f9 ab 3e 00 f0 b9 bb 33 33 b3 40 00 10 90 bb 00 00 00 00 b2 00 00 00 00 

fb 04 18 04 00 00 00 a0 c1 93 be 00 f0 b9 bb 33 33 b3 40 00 10 90 3b 00 00 00 00 64 00 00 00 00 

fb 01 18 01 00 00 00 9a 99 99 3f 9a 99 59 40 33 33 b3 40 00 00 80 3f 00 00 00 00 03 00 00 00 00 

fb 02 18 02 00 00 00 9a 99 99 3f 9a 99 59 40 33 33 b3 40 00 00 00 40 00 00 00 00 86 00 00 00 00 

fb 03 18 03 00 00 00 a0 f9 ab 3e 00 f0 b9 3b 33 33 b3 40 00 10 90 bb 00 00 00 00 32 00 00 00 00 

fb 04 18 04 00 00 00 a0 c1 93 be 00 f0 b9 3b 33 33 b3 40 00 10 90 3b 00 00 00 00 e4 00 00 00 00 

fb 01 18 01 00 00 00 9a 99 99 3f 9a 99 59 40 33 33 b3 40 00 00 80 3f 00 00 00 00 03 00 00 00 00 

fb 02 18 02 00 00 00 9a 99 99 3f 9a 99 59 40 33 33 b3 40 00 00 00 40 00 00 00 00 86 00 00 00 00 

fb 03 18 03 00 00 00 a0 f9 ab 3e 00 f0 b9 3b 33 33 b3 40 00 10 90 bb 00 00 00 00 32 00 00 00 00 

fb 04 18 04 00 00 00 a0 c1 93 be 00 f0 b9 3b 33 33 b3 40 00 10 90 3b 00 00 00 00 e4 00 00 00 00 

fb 01 18 01 00 00 00 9a 99 99 3f 9a 99 59 40 33 33 b3 40 00 00 80 3f 00 00 00 00 03 00 00 00 00 

fb 02 18 02 00 00 00 9a 99 99 3f 9a 99 59 40 33 33 b3 40 00 00 00 40 00 00 00 00 86 00 00 00 00 

fb 03 18 03 00 00 00 a0 f9 ab 3e 00 f0 b9 bb 33 33 b3 40 00 10 90 bb 00 00 00 00 b2 00 00 00 00 

fb 04 18 04 00 00 00 a0 c1 93 be 00 f0 b9 bb 33 33 b3 40 00 10 90 3b 00 00 00 00 64 00 00 00 00 

fb 01 18 01 00 00 00 9a 99 99 3f 9a 99 59 40 33 33 b3 40 00 00 80 3f 00 00 00 00 03 00 00 00 00 

fb 02 18 02 00 00 00 9a 99 99 3f 9a 99 59 40 33 33 b3 40 00 00 00 40 00 00 00 00 86 00 00 00 00 

fb 03 18 03 00 00 00 a0 f9 ab 3e 00 78 8b bc 33 33 b3 40 00 10 90 bb 00 00 00 00 0d 00 00 00 00 

fb 04 18 04 00 00 00 a0 8f 93 be 00 f0 b9 3b 33 33 b3 40 00 10 90 3b 00 00 00 00 b2 00 00 00 00 

fb 01 18 01 00 00 00 9a 99 99 3f 9a 99 59 40 33 33 b3 40 00 00 80 3f 00 00 00 00 03 00 00 00 00 

fb 02 18 02 00 00 00 9a 99 99 3f 9a 99 59 40 33 33 b3 40 00 00 00 40 00 00 00 00 86 00 00 00 00 

fb 03 18 03 00 00 00 a0 f9 ab 3e 00 78 8b bc 33 33 b3 40 00 10 90 bb 00 00 00 00 0d 00 00 00 00 

fb 04 18 04 00 00 00 a0 c1 93 be 00 f0 b9 bb 33 33 b3 40 00 10 90 3b 00 00 00 00 64 00 00 00 00 

fb 01 18 01 00 00 00 9a 99 99 3f 9a 99 59 40 33 33 b3 40 00 00 80 3f 00 00 00 00 03 00 00 00 00 

fb 02 18 02 00 00 00 9a 99 99 3f 9a 99 59 40 33 33 b3 40 00 00 00 40 00 00 00 00 86 00 00 00 00 

fb 03 18 03 00 00 00 a0 f9 ab 3e 00 78 8b bc 33 33 b3 40 00 10 90 bb 00 00 00 00 0d 00 00 00 00 

fb 04 18 04 00 00 00 a0 c1 93 be 00 f0 b9 3b 33 33 b3 40 00 10 90 3b 00 00 00 00 e4 00 00 00 00 

fb 01 18 01 00 00 00 9a 99 99 3f 9a 99 59 40 33 33 b3 40 00 00 80 3f 00 00 00 00 03 00 00 00 00 

fb 02 18 02 00 00 00 9a 99 99 3f 9a 99 59 40 33 33 b3 40 00 00 00 40 00 00 00 00 86 00 00 00 00 

fb 03 18 03 00 00 00 a0 f9 ab 3e 00 b8 22 bd 33 33 b3 40 00 10 90 bb 00 00 00 00 e5 00 00 00 00 

fb 04 18 04 00 00 00 a0 c1 93 be 00 78 8b bc 33 33 b3 40 00 10 90 3b 00 00 00 00 bf 00 00 00 00 

fb 01 18 01 00 00 00 9a 99 99 3f 9a 99 59 40 33 33 b3 40 00 00 80 3f 00 00 00 00 03 00 00 00 00 

fb 02 18 02 00 00 00 9a 99 99 3f 9a 99 59 40 33 33 b3 40 00 00 00 40 00 00 00 00 86 00 00 00 00 

fb 03 18 03 00 00 00 a0 f9 ab 3e 00 b8 22 bd 33 33 b3 40 00 10 90 bb 00 00 00 00 e5 00 00 00 00 

fb 04 18 04 00 00 00 a0 c1 93 be 00 78 8b bc 33 33 b3 40 00 10 90 3b 00 00 00 00 bf 00 00 00 00 

ff fb 01 18 01 00 00 00 9a 99 99 3f 9a 99 59 40 33 33 b3 40 00 00 80 3f 00 00 00 00 03 00 00 00 

ff fb 02 18 02 00 00 00 9a 99 99 3f 9a 99 59 40 33 33 b3 40 00 00 00 40 00 00 00 00 86 00 00 00 

ff fb 03 18 03 00 00 00 a0 f9 ab 3e 00 74 e8 3c 33 33 b3 40 00 10 90 bb 00 00 00 00 e6 00 00 00 

ff fb 04 18 04 00 00 00 a0 8f 93 be 00 78 8b 3c 33 33 b3 40 00 10 90 3b 00 00 00 00 0d 00 00 00 

ff fb 01 18 01 00 00 00 9a 99 99 3f 9a 99 59 40 33 33 b3 40 00 00 80 3f 00 00 00 00 03 00 00 00 

ff fb 02 18 02 00 00 00 9a 99 99 3f 9a 99 59 40 33 33 b3 40 00 00 00 40 00 00 00 00 86 00 00 00 

ff fb 03 18 03 00 00 00 a0 f9 ab 3e 00 f0 b9 3b 33 33 b3 40 00 10 90 bb 00 00 00 00 32 00 00 00 

ff fb 04 18 04 00 00 00 a0 8f 93 be 00 78 8b 3c 33 33 b3 40 00 10 90 3b 00 00 00 00 0d 00 00 00 

ff fb 01 18 01 00 00 00 9a 99 99 3f 9a 99 59 40 33 33 b3 40 00 00 80 3f 00 00 00 00 03 00 00 00 

ff fb 02 18 02 00 00 00 9a 99 99 3f 9a 99 59 40 33 33 b3 40 00 00 00 40 00 00 00 00 86 00 00 00 

ff fb 03 18 03 00 00 00 a0 f9 ab 3e 00 78 8b bc 33 33 b3 40 00 10 90 bb 00 00 00 00 0d 00 00 00 

ff fb 04 18 04 00 00 00 a0 8f 93 be 00 f0 b9 3b 33 33 b3 40 00 10 90 3b 00 00 00 00 b2 00 00 00 

ff fb 01 18 01 00 00 00 9a 99 99 3f 9a 99 59 40 33 33 b3 40 00 00 80 3f 00 00 00 00 03 00 00 00 

ff fb 02 18 02 00 00 00 9a 99 99 3f 9a 99 59 40 33 33 b3 40 00 00 00 40 00 00 00 00 86 00 00 00 

ff fb 03 18 03 00 00 00 a0 f9 ab 3e 00 78 8b bc 33 33 b3 40 00 10 90 bb 00 00 00 00 0d 00 00 00 

ff fb 04 18 04 00 00 00 a0 c1 93 be 00 74 e8 bc 33 33 b3 40 00 10 90 3b 00 00 00 00 18 00 00 00 

ff fb 01 18 01 00 00 00 9a 99 99 3f 9a 99 59 40 33 33 b3 40 00 00 80 3f 00 00 00 00 03 00 00 00 

ff fb 02 18 02 00 00 00 9a 99 99 3f 9a 99 59 40 33 33 b3 40 00 00 00 40 00 00 00 00 86 00 00 00 

ff fb 03 18 03 00 00 00 a0 f9 ab 3e 00 78 8b 3c 33 33 b3 40 00 10 90 bb 00 00 00 00 8d 00 00 00 

ff fb 04 18 04 00 00 00 a0 c1 93 be 00 b8 22 bd 33 33 b3 40 00 10 90 3b 00 00 00 00 97 00 00 00 

ff fb 01 18 01 00 00 00 9a 99 99 3f 9a 99 59 40 33 33 b3 40 00 00 80 3f 00 00 00 00 03 00 00 00 

ff fb 02 18 02 00 00 00 9a 99 99 3f 9a 99 59 40 33 33 b3 40 00 00 00 40 00 00 00 00 86 00 00 00 

ff fb 03 18 03 00 00 00 a0 f9 ab 3e 00 78 8b bc 33 33 b3 40 00 10 90 bb 00 00 00 00 0d 00 00 00 

ff fb 04 18 04 00 00 00 a0 8f 93 be 00 78 8b bc 33 33 b3 40 00 10 90 3b 00 00 00 00 8d 00 00 00 

ff fb 01 18 01 00 00 00 9a 99 99 3f 9a 99 59 40 33 33 b3 40 00 00 80 3f 00 00 00 00 03 00 00 00 

ff fb 02 18 02 00 00 00 9a 99 99 3f 9a 99 59 40 33 33 b3 40 00 00 00 40 00 00 00 00 86 00 00 00 

ff fb 03 18 03 00 00 00 a0 f9 ab 3e 00 f0 b9 3b 33 33 b3 40 00 10 90 bb 00 00 00 00 32 00 00 00 

ff fb 04 18 04 00 00 00 a0 c1 93 be 00 74 e8 bc 33 33 b3 40 00 10 90 3b 00 00 00 00 18 00 00 00 

ff fb 01 18 01 00 00 00 9a 99 99 3f 9a 99 59 40 33 33 b3 40 00 00 80 3f 00 00 00 00 03 00 00 00 

ff fb 02 18 02 00 00 00 9a 99 99 3f 9a 99 59 40 33 33 b3 40 00 00 00 40 00 00 00 00 86 00 00 00 

ff fb 03 18 03 00 00 00 a0 f9 ab 3e 00 78 8b 3c 33 33 b3 40 00 10 90 bb 00 00 00 00 8d 00 00 00 

ff fb 04 18 04 00 00 00 a0 c1 93 be 00 f0 b9 bb 33 33 b3 40 00 10 90 3b 00 00 00 00 64 00 00 00 

ff fb 01 18 01 00 00 00 9a 99 99 3f 9a 99 59 40 33 33 b3 40 00 00 80 3f 00 00 00 00 03 00 00 00 

ff fb 02 18 02 00 00 00 9a 99 99 3f 9a 99 59 40 33 33 b3 40 00 00 00 40 00 00 00 00 86 00 00 00 

ff fb 03 18 03 00 00 00 a0 f9 ab 3e 00 f0 b9 bb 33 33 b3 40 00 10 90 bb 00 00 00 00 b2 00 00 00 

ff fb 04 18 04 00 00 00 a0 c1 93 be 00 78 8b bc 33 33 b3 40 00 10 90 3b 00 00 00 00 bf 00 00 00 

ff fb 01 18 01 00 00 00 9a 99 99 3f 9a 99 59 40 33 33 b3 40 00 00 80 3f 00 00 00 00 03 00 00 00 

ff fb 02 18 02 00 00 00 9a 99 99 3f 9a 99 59 40 33 33 b3 40 00 00 00 40 00 00 00 00 86 00 00 00 

ff fb 03 18 03 00 00 00 a0 f9 ab 3e 00 f0 b9 bb 33 33 b3 40 00 10 90 bb 00 00 00 00 b2 00 00 00 

ff fb 04 18 04 00 00 00 a0 c1 93 be 00 f0 b9 3b 33 33 b3 40 00 10 90 3b 00 00 00 00 e4 00 00 00 

ff fb 01 18 01 00 00 00 9a 99 99 3f 9a 99 59 40 33 33 b3 40 00 00 80 3f 00 00 00 00 03 00 00 00 

ff fb 02 18 02 00 00 00 9a 99 99 3f 9a 99 59 40 33 33 b3 40 00 00 00 40 00 00 00 00 86 00 00 00 

ff fb 03 18 03 00 00 00 a0 f9 ab 3e 00 74 e8 bc 33 33 b3 40 00 10 90 bb 00 00 00 00 66 00 00 00 

ff fb 04 18 04 00 00 00 a0 8f 93 be 00 78 8b 3c 33 33 b3 40 00 10 90 3b 00 00 00 00 0d 00 00 00 

ff fb 01 18 01 00 00 00 9a 99 99 3f 9a 99 59 40 33 33 b3 40 00 00 80 3f 00 00 00 00 03 00 00 00 

00 ff fb 02 18 02 00 00 00 9a 99 99 3f 9a 99 59 40 33 33 b3 40 00 00 00 40 00 00 00 00 86 00 00 

00 ff fb 03 18 03 00 00 00 a0 f9 ab 3e 00 74 e8 bc 33 33 b3 40 00 10 90 bb 00 00 00 00 66 00 00 

00 ff fb 04 18 04 00 00 00 a0 c1 93 be 00 78 8b bc 33 33 b3 40 00 10 90 3b 00 00 00 00 bf 00 00 

00 ff fb 01 18 01 00 00 00 9a 99 99 3f 9a 99 59 40 33 33 b3 40 00 00 80 3f 00 00 00 00 03 00 00 

00 ff fb 02 18 02 00 00 00 9a 99 99 3f 9a 99 59 40 33 33 b3 40 00 00 00 40 00 00 00 00 86 00 00 

00 ff fb 03 18 03 00 00 00 a0 f9 ab 3e 00 f0 b9 bb 33 33 b3 40 00 10 90 bb 00 00 00 00 b2 00 00 

00 ff fb 04 18 04 00 00 00 a0 8f 93 be 00 78 8b 3c 33 33 b3 40 00 10 90 3b 00 00 00 00 0d 00 00 

00 ff fb 01 18 01 00 00 00 9a 99 99 3f 9a 99 59 40 33 33 b3 40 00 00 80 3f 00 00 00 00 03 00 00 

00 ff fb 02 18 02 00 00 00 9a 99 99 3f 9a 99 59 40 33 33 b3 40 00 00 00 40 00 00 00 00 86 00 00 

00 ff fb 03 18 03 00 00 00 a0 f9 ab 3e 00 74 e8 bc 33 33 b3 40 00 10 90 bb 00 00 00 00 66 00 00 

00 ff fb 04 18 04 00 00 00 a0 c1 93 be 00 78 8b 3c 33 33 b3 40 00 10 90 3b 00 00 00 00 3f 00 00 

00 ff fb 01 18 01 00 00 00 9a 99 99 3f 9a 99 59 40 33 33 b3 40 00 00 80 3f 00 00 00 00 03 00 00 

00 ff fb 02 18 02 00 00 00 9a 99 99 3f 9a 99 59 40 33 33 b3 40 00 00 00 40 00 00 00 00 86 00 00 

00 ff fb 03 18 03 00 00 00 a0 f9 ab 3e 00 74 e8 bc 33 33 b3 40 00 10 90 bb 00 00 00 00 66 00 00 

00 ff fb 04 18 04 00 00 00 a0 c1 93 be 00 f0 b9 bb 33 33 b3 40 00 10 90 3b 00 00 00 00 64 00 00 

00 ff fb 01 18 01 00 00 00 9a 99 99 3f 9a 99 59 40 33 33 b3 40 00 00 80 3f 00 00 00 00 03 00 00 

00 ff fb 02 18 02 00 00 00 9a 99 99 3f 9a 99 59 40 33 33 b3 40 00 00 00 40 00 00 00 00 86 00 00 

00 ff fb 03 18 03 00 00 00 a0 f9 ab 3e 00 78 8b 3c 33 33 b3 40 00 10 90 bb 00 00 00 00 8d 00 00 

00 ff fb 04 18 04 00 00 00 a0 c1 93 be 00 f0 b9 3b 33 33 b3 40 00 10 90 3b 00 00 00 00 e4 00 00 

00 ff fb 01 18 01 00 00 00 9a 99 99 3f 9a 99 59 40 33 33 b3 40 00 00 80 3f 00 00 00 00 03 00 00 

00 ff fb 02 18 02 00 00 00 9a 99 99 3f 9a 99 59 40 33 33 b3 40 00 00 00 40 00 00 00 00 86 00 00 

00 ff fb 03 18 03 00 00 00 a0 f9 ab 3e 00 78 8b 3c 33 33 b3 40 00 10 90 bb 00 00 00 00 8d 00 00 

00 ff fb 04 18 04 00 00 00 a0 c1 93 be 00 f0 b9 bb 33 33 b3 40 00 10 90 3b 00 00 00 00 64 00 00 

00 ff fb 01 18 01 00 00 00 9a 99 99 3f 9a 99 59 40 33 33 b3 40 00 00 80 3f 00 00 00 00 03 00 00 

00 ff fb 02 18 02 00 00 00 9a 99 99 3f 9a 99 59 40 33 33 b3 40 00 00 00 40 00 00 00 00 86 00 00 

00 ff fb 03 18 03 00 00 00 a0 f9 ab 3e 00 78 8b 3c 33 33 b3 40 00 10 90 bb 00 00 00 00 8d 00 00 

00 ff fb 04 18 04 00 00 00 a0 c1 93 be 00 78 8b bc 33 33 b3 40 00 10 90 3b 00 00 00 00 bf 00 00 

00 ff fb 01 18 01 00 00 00 9a 99 99 3f 9a 99 59 40 33 33 b3 40 00 00 80 3f 00 00 00 00 03 00 00 

00 ff fb 02 18 02 00 00 00 9a 99 99 3f 9a 99 59 40 33 33 b3 40 00 00 00 40 00 00 00 00 86 00 00 

00 ff fb 03 18 03 00 00 00 a0 f9 ab 3e 00 f0 b9 bb 33 33 b3 40 00 10 90 bb 00 00 00 00 b2 00 00 

00 ff fb 04 18 04 00 00 00 a0 c1 93 be 00 78 8b 3c 33 33 b3 40 00 10 90 3b 00 00 00 00 3f 00 00 

00 ff fb 01 18 01 00 00 00 9a 99 99 3f 9a 99 59 40 33 33 b3 40 00 00 80 3f 00 00 00 00 03 00 00 

00 ff fb 02 18 02 00 00 00 9a 99 99 3f 9a 99 59 40 33 33 b3 40 00 00 00 40 00 00 00 00 86 00 00 

00 ff fb 03 18 03 00 00 00 a0 f9 ab 3e 00 b8 22 bd 33 33 b3 40 00 10 90 bb 00 00 00 00 e5 00 00 

00 ff fb 04 18 04 00 00 00 a0 c1 93 be 00 f0 b9 bb 33 33 b3 40 00 10 90 3b 00 00 00 00 64 00 00 

00 ff fb 01 18 01 00 00 00 9a 99 99 3f 9a 99 59 40 33 33 b3 40 00 00 80 3f 00 00 00 00 03 00 00 

00 ff fb 02 18 02 00 00 00 9a 99 99 3f 9a 99 59 40 33 33 b3 40 00 00 00 40 00 00 00 00 86 00 00 

00 ff fb 03 18 03 00 00 00 a0 f9 ab 3e 00 b8 22 bd 33 33 b3 40 00 10 90 bb 00 00 00 00 e5 00 00 

00 ff fb 04 18 04 00 00 00 a0 c1 93 be 00 78 8b bc 33 33 b3 40 00 10 90 3b 00 00 00 00 bf 00 00 

00 ff fb 01 18 01 00 00 00 9a 99 99 3f 9a 99 59 40 33 33 b3 40 00 00 80 3f 00 00 00 00 03 00 00 

00 ff fb 02 18 02 00 00 00 9a 99 99 3f 9a 99 59 40 33 33 b3 40 00 00 00 40 00 00 00 00 86 00 00 

00 ff fb 03 18 03 00 00 00 a0 f9 ab 3e 00 f0 b9 bb 33 33 b3 40 00 10 90 bb 00 00 00 00 b2 00 00 

00 ff fb 04 18 04 00 00 00 a0 c1 93 be 00 78 8b bc 33 33 b3 40 00 10 90 3b 00 00 00 00 bf 00 00 

00 ff fb 01 18 01 00 00 00 9a 99 99 3f 9a 99 59 40 33 33 b3 40 00 00 80 3f 00 00 00 00 03 00 00 

00 ff fb 02 18 02 00 00 00 9a 99 99 3f 9a 99 59 40 33 33 b3 40 00 00 00 40 00 00 00 00 86 00 00 

00 ff fb 03 18 03 00 00 00 a0 f9 ab 3e 00 74 e8 bc 33 33 b3 40 00 10 90 bb 00 00 00 00 66 00 00 

00 ff fb 04 18 04 00 00 00 a0 c1 93 be 00 f0 b9 3b 33 33 b3 40 00 10 90 3b 00 00 00 00 e4 00 00 

00 ff fb 01 18 01 00 00 00 9a 99 99 3f 9a 99 59 40 33 33 b3 40 00 00 80 3f 00 00 00 00 03 00 00 

00 ff fb 02 18 02 00 00 00 9a 99 99 3f 9a 99 59 40 33 33 b3 40 00 00 00 40 00 00 00 00 86 00 00 

00 ff fb 03 18 03 00 00 00 a0 f9 ab 3e 00 78 8b bc 33 33 b3 40 00 10 90 bb 00 00 00 00 0d 00 00 

00 ff fb 04 18 04 00 00 00 a0 c1 93 be 00 f0 b9 bb 33 33 b3 40 00 10 90 3b 00 00 00 00 64 00 00 

00 ff fb 01 18 01 00 00 00 9a 99 99 3f 9a 99 59 40 33 33 b3 40 00 00 80 3f 00 00 00 00 03 00 00 

00 ff fb 02 18 02 00 00 00 9a 99 99 3f 9a 99 59 40 33 33 b3 40 00 00 00 40 00 00 00 00 86 00 00 

00 ff fb 03 18 03 00 00 00 a0 f9 ab 3e 00 74 e8 bc 33 33 b3 40 00 10 90 bb 00 00 00 00 66 00 00 

00 ff fb 04 18 04 00 00 00 a0 8f 93 be 00 74 e8 3c 33 33 b3 40 00 10 90 3b 00 00 00 00 66 00 00 

00 ff fb 01 18 01 00 00 00 9a 99 99 3f 9a 99 59 40 33 33 b3 40 00 00 80 3f 00 00 00 00 03 00 00 

00 ff fb 02 18 02 00 00 00 9a 99 99 3f 9a 99 59 40 33 33 b3 40 00 00 00 40 00 00 00 00 86 00 00 

00 ff fb 03 18 03 00 00 00 a0 f9 ab 3e 00 78 8b bc 33 33 b3 40 00 10 90 bb 00 00 00 00 0d 00 00 

00 ff fb 04 18 04 00 00 00 a0 c1 93 be 00 f0 b9 3b 33 33 b3 40 00 10 90 3b 00 00 00 00 e4 00 00 

00 ff fb 01 18 01 00 00 00 9a 99 99 3f 9a 99 59 40 33 33 b3 40 00 00 80 3f 00 00 00 00 03 00 00 

00 ff fb 02 18 02 00 00 00 9a 99 99 3f 9a 99 59 40 33 33 b3 40 00 00 00 40 00 00 00 00 86 00 00 

00 ff fb 03 18 03 00 00 00 a0 f9 ab 3e 00 78 8b bc 33 33 b3 40 00 10 90 bb 00 00 00 00 0d 00 00 

00 ff fb 04 18 04 00 00 00 a0 8f 93 be 00 f0 b9 3b 33 33 b3 40 00 10 90 3b 00 00 00 00 b2 00 00 

00 ff fb 01 18 01 00 00 00 9a 99 99 3f 9a 99 59 40 33 33 b3 40 00 00 80 3f 00 00 00 00 03 00 00 

00 ff fb 02 18 02 00 00 00 9a 99 99 3f 9a 99 59 40 33 33 b3 40 00 00 00 40 00 00 00 00 86 00 00 

00 ff fb 03 18 03 00 00 00 a0 f9 ab 3e 00 f0 b9 3b 33 33 b3 40 00 10 90 bb 00 00 00 00 32 00 00 

00 ff fb 04 18 04 00 00 00 a0 c1 93 be 00 78 8b bc 33 33 b3 40 00 10 90 3b 00 00 00 00 bf 00 00 

00 ff fb 01 18 01 00 00 00 9a 99 99 3f 9a 99 59 40 33 33 b3 40 00 00 80 3f 00 00 00 00 03 00 00 

00 ff fb 02 18 02 00 00 00 9a 99 99 3f 9a 99 59 40 33 33 b3 40 00 00 00 40 00 00 00 00 86 00 00 

00 ff fb 03 18 03 00 00 00 a0 f9 ab 3e 00 78 8b bc 33 33 b3 40 00 10 90 bb 00 00 00 00 0d 00 00 

00 ff fb 04 18 04 00 00 00 a0 8f 93 be 00 78 8b bc 33 33 b3 40 00 10 90 3b 00 00 00 00 8d 00 00 

00 ff fb 01 18 01 00 00 00 9a 99 99 3f 9a 99 59 40 33 33 b3 40 00 00 80 3f 00 00 00 00 03 00 00 

00 ff fb 02 18 02 00 00 00 9a 99 99 3f 9a 99 59 40 33 33 b3 40 00 00 00 40 00 00 00 00 86 00 00 

00 ff fb 03 18 03 00 00 00 a0 f9 ab 3e 00 78 8b bc 33 33 b3 40 00 10 90 bb 00 00 00 00 0d 00 00 

00 ff fb 04 18 04 00 00 00 a0 c1 93 be 00 f0 b9 bb 33 33 b3 40 00 10 90 3b 00 00 00 00 64 00 00 

00 ff fb 01 18 01 00 00 00 9a 99 99 3f 9a 99 59 40 33 33 b3 40 00 00 80 3f 00 00 00 00 03 00 00 

00 ff fb 02 18 02 00 00 00 9a 99 99 3f 9a 99 59 40 33 33 b3 40 00 00 00 40 00 00 00 00 86 00 00 

00 ff fb 03 18 03 00 00 00 a0 f9 ab 3e 00 f0 b9 bb 33 33 b3 40 00 10 90 bb 00 00 00 00 b2 00 00 

00 ff fb 04 18 04 00 00 00 a0 c1 93 be 00 78 8b bc 33 33 b3 40 00 10 90 3b 00 00 00 00 bf 00 00 

00 ff fb 01 18 01 00 00 00 9a 99 99 3f 9a 99 59 40 33 33 b3 40 00 00 80 3f 00 00 00 00 03 00 00 

00 ff fb 02 18 02 00 00 00 9a 99 99 3f 9a 99 59 40 33 33 b3 40 00 00 00 40 00 00 00 00 86 00 00 

00 ff fb 03 18 03 00 00 00 a0 f9 ab 3e 00 74 e8 bc 33 33 b3 40 00 10 90 bb 00 00 00 00 66 00 00 

00 ff fb 04 18 04 00 00 00 a0 c1 93 be 00 78 8b 3c 33 33 b3 40 00 10 90 3b 00 00 00 00 3f 00 00 

00 ff fb 01 18 01 00 00 00 9a 99 99 3f 9a 99 59 40 33 33 b3 40 00 00 80 3f 00 00 00 00 03 00 00 

00 ff fb 02 18 02 00 00 00 9a 99 99 3f 9a 99 59 40 33 33 b3 40 00 00 00 40 00 00 00 00 86 00 00 

00 ff fb 03 18 03 00 00 00 a0 f9 ab 3e 00 74 e8 bc 33 33 b3 40 00 10 90 bb 00 00 00 00 66 00 00 

00 ff fb 04 18 04 00 00 00 a0 c1 93 be 00 78 8b bc 33 33 b3 40 00 10 90 3b 00 00 00 00 bf 00 00 

00 ff fb 01 18 01 00 00 00 9a 99 99 3f 9a 99 59 40 33 33 b3 40 00 00 80 3f 00 00 00 00 03 00 00 

00 ff fb 02 18 02 00 00 00 9a 99 99 3f 9a 99 59 40 33 33 b3 40 00 00 00 40 00 00 00 00 86 00 00 

00 ff fb 03 18 03 00 00 00 a0 f9 ab 3e 00 f0 b9 bb 33 33 b3 40 00 10 90 bb 00 00 00 00 b2 00 00 

00 ff fb 04 18 04 00 00 00 a0 c1 93 be 00 74 e8 bc 33 33 b3 40 00 10 90 3b 00 00 00 00 18 00 00 

00 ff fb 01 18 01 00 00 00 9a 99 99 3f 9a 99 59 40 33 33 b3 40 00 00 80 3f 00 00 00 00 03 00 00 

00 ff fb 02 18 02 00 00 00 9a 99 99 3f 9a 99 59 40 33 33 b3 40 00 00 00 40 00 00 00 00 86 00 00 

00 ff fb 03 18 03 00 00 00 a0 f9 ab 3e 00 f0 b9 3b 33 33 b3 40 00 10 90 bb 00 00 00 00 32 00 00 

00 ff fb 04 18 04 00 00 00 a0 c1 93 be 00 78 8b bc 33 33 b3 40 00 10 90 3b 00 00 00 00 bf 00 00 

00 ff fb 01 18 01 00 00 00 9a 99 99 3f 9a 99 59 40 33 33 b3 40 00 00 80 3f 00 00 00 00 03 00 00 

00 ff fb 02 18 02 00 00 00 9a 99 99 3f 9a 99 59 40 33 33 b3 40 00 00 00 40 00 00 00 00 86 00 00 

00 ff fb 03 18 03 00 00 00 a0 f9 ab 3e 00 f0 b9 3b 33 33 b3 40 00 10 90 bb 00 00 00 00 32 00 00 

00 ff fb 04 18 04 00 00 00 a0 c1 93 be 00 78 8b bc 33 33 b3 40 00 10 90 3b 00 00 00 00 bf 00 00 

00 ff fb 01 18 01 00 00 00 9a 99 99 3f 9a 99 59 40 33 33 b3 40 00 00 80 3f 00 00 00 00 03 00 00 

00 ff fb 02 18 02 00 00 00 9a 99 99 3f 9a 99 59 40 33 33 b3 40 00 00 00 40 00 00 00 00 86 00 00 

00 ff fb 03 18 03 00 00 00 a0 f9 ab 3e 00 f0 b9 bb 33 33 b3 40 00 10 90 bb 00 00 00 00 b2 00 00 

00 ff fb 04 18 04 00 00 00 a0 c1 93 be 00 f0 b9 3b 33 33 b3 40 00 10 90 3b 00 00 00 00 e4 00 00 

00 ff fb 01 18 01 00 00 00 9a 99 99 3f 9a 99 59 40 33 33 b3 40 00 00 80 3f 00 00 00 00 03 00 00 

00 ff fb 02 18 02 00 00 00 9a 99 99 3f 9a 99 59 40 33 33 b3 40 00 00 00 40 00 00 00 00 86 00 00 

00 ff fb 03 18 03 00 00 00 a0 f9 ab 3e 00 f0 b9 3b 33 33 b3 40 00 10 90 bb 00 00 00 00 32 00 00 

00 ff fb 04 18 04 00 00 00 a0 c1 93 be 00 f0 b9 bb 33 33 b3 40 00 10 90 3b 00 00 00 00 64 00 00 

00 ff fb 01 18 01 00 00 00 9a 99 99 3f 9a 99 59 40 33 33 b3 40 00 00 80 3f 00 00 00 00 03 00 00 

00 ff fb 02 18 02 00 00 00 9a 99 99 3f 9a 99 59 40 33 33 b3 40 00 00 00 40 00 00 00 00 86 00 00 

00 ff fb 03 18 03 00 00 00 a0 f9 ab 3e 00 f0 b9 3b 33 33 b3 40 00 10 90 bb 00 00 00 00 32 00 00 

00 ff fb 04 18 04 00 00 00 a0 8f 93 be 00 f0 b9 3b 33 33 b3 40 00 10 90 3b 00 00 00 00 b2 00 00 

00 ff fb 01 18 01 00 00 00 9a 99 99 3f 9a 99 59 40 33 33 b3 40 00 00 80 3f 00 00 00 00 03 00 00 

00 ff fb 02 18 02 00 00 00 9a 99 99 3f 9a 99 59 40 33 33 b3 40 00 00 00 40 00 00 00 00 86 00 00 

00 ff fb 03 18 03 00 00 00 a0 f9 ab 3e 00 78 8b 3c 33 33 b3 40 00 10 90 bb 00 00 00 00 8d 00 00 

00 ff fb 04 18 04 00 00 00 a0 c1 93 be 00 f0 b9 3b 33 33 b3 40 00 10 90 3b 00 00 00 00 e4 00 00 

00 ff fb 01 18 01 00 00 00 9a 99 99 3f 9a 99 59 40 33 33 b3 40 00 00 80 3f 00 00 00 00 03 00 00 

00 ff fb 02 18 02 00 00 00 9a 99 99 3f 9a 99 59 40 33 33 b3 40 00 00 00 40 00 00 00 00 86 00 00 

00 ff fb 03 18 03 00 00 00 a0 f9 ab 3e 00 f0 b9 3b 33 33 b3 40 00 10 90 bb 00 00 00 00 32 00 00 

00 ff fb 04 18 04 00 00 00 a0 8f 93 be 00 f0 b9 3b 33 33 b3 40 00 10 90 3b 00 00 00 00 b2 00 00 

00 ff fb 01 18 01 00 00 00 9a 99 99 3f 9a 99 59 40 33 33 b3 40 00 00 80 3f 00 00 00 00 03 00 00 

00 ff fb 02 18 02 00 00 00 9a 99 99 3f 9a 99 59 40 33 33 b3 40 00 00 00 40 00 00 00 00 86 00 00 

00 ff fb 03 18 03 00 00 00 a0 f9 ab 3e 00 74 e8 bc 33 33 b3 40 00 10 90 bb 00 00 00 00 66 00 00 

00 ff fb 04 18 04 00 00 00 a0 c1 93 be 00 74 e8 3c 33 33 b3 40 00 10 90 3b 00 00 00 00 98 00 00 

00 ff fb 01 18 01 00 00 00 9a 99 99 3f 9a 99 59 40 33 33 b3 40 00 00 80 3f 00 00 00 00 03 00 00 

00 ff fb 02 18 02 00 00 00 9a 99 99 3f 9a 99 59 40 33 33 b3 40 00 00 00 40 00 00 00 00 86 00 00 

00 ff fb 03 18 03 00 00 00 a0 f9 ab 3e 00 f0 b9 3b 33 33 b3 40 00 10 90 bb 00 00 00 00 32 00 00 

00 ff fb 04 18 04 00 00 00 a0 8f 93 be 00 f0 b9 3b 33 33 b3 40 00 10 90 3b 00 00 00 00 b2 00 00 

00 ff fb 01 18 01 00 00 00 9a 99 99 3f 9a 99 59 40 33 33 b3 40 00 00 80 3f 00 00 00 00 03 00 00 

00 ff fb 02 18 02 00 00 00 9a 99 99 3f 9a 99 59 40 33 33 b3 40 00 00 00 40 00 00 00 00 86 00 00 

00 ff fb 03 18 03 00 00 00 a0 f9 ab 3e 00 78 8b bc 33 33 b3 40 00 10 90 bb 00 00 00 00 0d 00 00 

00 ff fb 04 18 04 00 00 00 a0 8f 93 be 00 78 8b 3c 33 33 b3 40 00 10 90 3b 00 00 00 00 0d 00 00 

00 ff fb 01 18 01 00 00 00 9a 99 99 3f 9a 99 59 40 33 33 b3 40 00 00 80 3f 00 00 00 00 03 00 00 

00 ff fb 02 18 02 00 00 00 9a 99 99 3f 9a 99 59 40 33 33 b3 40 00 00 00 40 00 00 00 00 86 00 00 

00 ff fb 03 18 03 00 00 00 a0 f9 ab 3e 00 74 e8 bc 33 33 b3 40 00 10 90 bb 00 00 00 00 66 00 00 

00 ff fb 04 18 04 00 00 00 a0 8f 93 be 00 78 8b 3c 33 33 b3 40 00 10 90 3b 00 00 00 00 0d 00 00 

00 ff fb 01 18 01 00 00 00 9a 99 99 3f 9a 99 59 40 33 33 b3 40 00 00 80 3f 00 00 00 00 03 00 00 

00 ff fb 02 18 02 00 00 00 9a 99 99 3f 9a 99 59 40 33 33 b3 40 00 00 00 40 00 00 00 00 86 00 00 

00 ff fb 03 18 03 00 00 00 a0 f9 ab 3e 00 f0 b9 bb 33 33 b3 40 00 10 90 bb 00 00 00 00 b2 00 00 

00 ff fb 04 18 04 00 00 00 a0 8f 93 be 00 f0 b9 3b 33 33 b3 40 00 10 90 3b 00 00 00 00 b2 00 00 

00 ff fb 01 18 01 00 00 00 9a 99 99 3f 9a 99 59 40 33 33 b3 40 00 00 80 3f 00 00 00 00 03 00 00 

00 ff fb 02 18 02 00 00 00 9a 99 99 3f 9a 99 59 40 33 33 b3 40 00 00 00 40 00 00 00 00 86 00 00 

00 ff fb 03 18 03 00 00 00 a0 f9 ab 3e 00 78 8b bc 33 33 b3 40 00 10 90 bb 00 00 00 00 0d 00 00 

00 ff fb 04 18 04 00 00 00 a0 c1 93 be 00 f0 b9 bb 33 33 b3 40 00 10 90 3b 00 00 00 00 64 00 00 

00 ff fb 01 18 01 00 00 00 9a 99 99 3f 9a 99 59 40 33 33 b3 40 00 00 80 3f 00 00 00 00 03 00 00 

00 ff fb 02 18 02 00 00 00 9a 99 99 3f 9a 99 59 40 33 33 b3 40 00 00 00 40 00 00 00 00 86 00 00 

00 ff fb 03 18 03 00 00 00 a0 f9 ab 3e 00 f0 b9 3b 33 33 b3 40 00 10 90 bb 00 00 00 00 32 00 00 

00 ff fb 04 18 04 00 00 00 a0 c1 93 be 00 f0 b9 bb 33 33 b3 40 00 10 90 3b 00 00 00 00 64 00 00 

00 ff fb 01 18 01 00 00 00 9a 99 99 3f 9a 99 59 40 33 33 b3 40 00 00 80 3f 00 00 00 00 03 00 00 

00 ff fb 02 18 02 00 00 00 9a 99 99 3f 9a 99 59 40 33 33 b3 40 00 00 00 40 00 00 00 00 86 00 00 

00 ff fb 03 18 03 00 00 00 a0 f9 ab 3e 00 f0 b9 bb 33 33 b3 40 00 10 90 bb 00 00 00 00 b2 00 00 

00 ff fb 04 18 04 00 00 00 a0 c1 93 be 00 f0 b9 bb 33 33 b3 40 00 10 90 3b 00 00 00 00 64 00 00 

00 ff fb 01 18 01 00 00 00 9a 99 99 3f 9a 99 59 40 33 33 b3 40 00 00 80 3f 00 00 00 00 03 00 00 

00 ff fb 02 18 02 00 00 00 9a 99 99 3f 9a 99 59 40 33 33 b3 40 00 00 00 40 00 00 00 00 86 00 00 

00 ff fb 03 18 03 00 00 00 a0 f9 ab 3e 00 74 e8 bc 33 33 b3 40 00 10 90 bb 00 00 00 00 66 00 00 

00 ff fb 04 18 04 00 00 00 a0 8f 93 be 00 f0 b9 bb 33 33 b3 40 00 10 90 3b 00 00 00 00 32 00 00 

00 ff fb 01 18 01 00 00 00 9a 99 99 3f 9a 99 59 40 33 33 b3 40 00 00 80 3f 00 00 00 00 03 00 00 

00 ff fb 02 18 02 00 00 00 9a 99 99 3f 9a 99 59 40 33 33 b3 40 00 00 00 40 00 00 00 00 86 00 00 

00 ff fb 03 18 03 00 00 00 a0 f9 ab 3e 00 74 e8 3c 33 33 b3 40 00 10 90 bb 00 00 00 00 e6 00 00 

00 ff fb 04 18 04 00 00 00 a0 8f 93 be 00 f0 b9 bb 33 33 b3 40 00 10 90 3b 00 00 00 00 32 00 00 

00 ff fb 01 18 01 00 00 00 9a 99 99 3f 9a 99 59 40 33 33 b3 40 00 00 80 3f 00 00 00 00 03 00 00 

00 ff fb 02 18 02 00 00 00 9a 99 99 3f 9a 99 59 40 33 33 b3 40 00 00 00 40 00 00 00 00 86 00 00 

00 ff fb 03 18 03 00 00 00 a0 f9 ab 3e 00 78 8b 3c 33 33 b3 40 00 10 90 bb 00 00 00 00 8d 00 00 

00 ff fb 04 18 04 00 00 00 a0 c1 93 be 00 f0 b9 bb 33 33 b3 40 00 10 90 3b 00 00 00 00 64 00 00 